12345672121232 12888 0
12345672123212 12569 0
12345672321212 13156 0
12345673131323 12303 0
12345673132313 14590 0
12345673231313 11614 0
12345761111111 11667 0
12346571111231 9616 0
12346751113133 17024 0
12347561112212 11497 0
12347651111111 14728 0
12347651122112 14980 0
12347651133311 14637 0
12347652111221 14227 0
12347652123233 16862 0
12347652123332 15390 0
12347652223232 11104 0
12347653111133 14739 0
12347653132223 14974 0
12347653132322 15681 0
12347653332323 8335 0
12354671111111 9592 0
12354761112323 8949 0
12354762121112 13951 0
12354762121211 14328 0
12354762311123 12668 0
12354763131131 12111 0
12354763133111 12282 0
12354763211123 10118 0
12356471113133 18085 0
12356741133131 14220 0
12356741313131 15413 0
12356743113131 14459 0
12357461111222 12983 0
12357461113331 15570 0
12357462211112 11095 0
12357641113331 16129 0
12364571112212 12543 0
12364751112212 12085 0
12364751113133 15688 0
12364753311131 9009 0
12365471111111 21927 0
12365471211122 15248 0
12365471313113 14835 0
12365472223232 10898 0
12365472321233 15736 0
12365473232312 15375 0
12365473332323 9239 0
12365741113331 19084 0
12367451123333 14645 0
12367451132222 9599 0
12367451213333 14498 0
12367451312222 10814 0
12367452113333 14654 0
12367453112222 9725 0
12367541112212 14218 0
12367541113331 11634 0
12367541331131 8908 0
12374561121212 10729 0
12374561211212 10518 0
12374562111212 10617 0
12374651111222 11496 0
12375461111222 12828 0
12375641113112 9335 0
12376451111222 12800 0
12376451113133 15054 0
12376451221211 9960 0
12376541112323 10978 0
12376541232233 10119 0
12376541322233 9373 0
12376542121232 11896 0
12376542123212 12807 0
12376543133132 15794 0
12376543133231 14596 0
12456731132321 10794 0
12456731233223 21180 0
12456733223321 22139 0
12463751231231 12714 0
12467351131121 14383 0
12467351231321 8459 0
12473561132123 15906 0
12536741112323 22906 0
12537461332112 10970 0
12543671111111 14820 0
12543671211212 14320 0
12543671331113 14831 0
12543672121121 15080 0
12543672321332 15482 0
12543672322232 11196 0
12543672331232 16949 0
12543673111331 14731 0
12543673221323 15701 0
12543673231223 15004 0
12543673233323 8362 0
12546371221331 11378 0
12563472131213 10961 0
12563473131212 8889 0
12564733323122 11315 0
12567433232333 8765 0
12576343212221 19247 0
12637451132111 16663 0
12637451332112 18625 0
12643571321321 16007 0
12645371131121 9215 0
12673542331133 16640 0
12734561112323 21911 0
12734561322233 15592 0
12734562313223 15582 0
12745631111111 14548 0
12745632111122 15185 0
12745632212213 14747 0
12745632222221 15871 0
12745632232211 13764 0
12745633131131 15026 0
12745633313312 14115 0
12745633313333 13504 0
12745633323311 14357 0
12753462231323 12068 0
12763452322232 9681 0
12765432121313 10595 0
12765432222212 12333 0
12765433121213 8990 0
12765433331333 11356 0
13245671321111 11688 0
13246571111111 27813 0
13246571112233 10214 0
13246571113232 12557 0
13246572321332 14354 0
13246572331232 13974 0
13246573221233 19638 0
13246573321223 19585 0
13246752133211 15481 0
13247563212131 24565 0
13254761322233 10758 0
13254761323322 11722 0
13254762321233 17606 0
13254763323122 10539 0
13257641112233 24299 0
13265741112323 11727 0
13265742131312 13198 0
13267451122211 11466 0
13267451311133 8885 0
13267541111132 21905 0
13267541232212 12666 0
13274651112323 8178 0
13275461112233 15581 0
13275463213211 18050 0
13275641112233 10405 0
13275641112323 8581 0
13275642131333 21532 0
13275643212221 16447 0
13276451113211 17947 0
13276451233133 13654 0
13276541133122 20047 0
13276541213312 19620 0
13276541321123 21352 0
13276541322311 20805 0
13276541323112 13575 0
13276541323322 12517 0
13276542323312 12114 0
13276543323122 12698 0
13462571111111 17434 0
13462572213311 15626 0
13527461211113 9944 0
13542671231231 16905 0
13546271213213 9031 0
13546271231231 15574 0
13546271321321 11972 0
13572641122133 8888 0
13576241312213 21791 0
13576241321321 12313 0
13627451332112 10983 0
13642571221223 14347 0
13642571223221 15296 0
13642573221221 14103 0
13645271221331 18970 0
13647521111111 18871 0
13675241112323 20597 0
13675242331313 15728 0
13725642332132 11008 0
13754262123323 26165 0
13762451321321 12292 0
13764251211311 10112 0
13764252323231 14600 0
13765422121211 19533 0
14263751131121 9804 0
14267351321321 12228 0
14275633323122 13570 0
14325671111111 22041 0
14325672112121 15360 0
14325672231323 14888 0
14325672323222 11017 0
14325673123232 14841 0
14325673232333 9144 0
14325673311131 14952 0
14327652131213 9008 0
14327653121213 10866 0
14352672212111 12517 0
14356721112323 17551 0
14356721322233 15743 0
14367252322232 8938 0
14367523311113 11233 0
14523672121313 11203 0
14523673121312 8999 0
14527631121311 8192 0
14527631131211 8183 0
14527631133311 15517 0
14527631211131 9069 0
14527631311121 9430 0
14527632122213 14323 0
14527632212111 16823 0
14527632333332 17392 0
14527633132322 15022 0
14527633312133 13902 0
14536273311311 12185 0
14537622231323 11857 0
14563272323222 9025 0
14567231312213 18618 0
14567231321123 14852 0
14573261333111 12279 0
14625731111111 15403 0
14625731131121 9122 0
14625731322233 19955 0
14625732112121 11843 0
14625732113321 13301 0
14625732213323 14712 0
14625732233111 13726 0
14625733133111 11785 0
14632571111111 19397 0
14632571321132 11927 0
14652733321331 12188 0
14673251111111 10631 0
14723651111213 9257 0
14723651111312 8197 0
14723651112131 10569 0
14723651113121 9331 0
14723651211212 18779 0
14723652322121 14788 0
14723652331232 15683 0
14723653232222 15294 0
14723653313111 15775 0
14723653321313 15510 0
14725361111111 11755 0
14725361111123 15191 0
14725361322332 21145 0
14725362211121 11442 0
14725363211213 13481 0
14725363213121 15241 0
14725363223213 13150 0
14725363311113 11689 0
14726531223122 13743 0
14726531232122 13413 0
14726531233313 14927 0
14726531333312 13045 0
14726532232313 10768 0
14726533323122 13477 0
14735621221112 14390 0
14735621223113 14438 0
14735621223332 21501 0
14735621233112 13471 0
14735621323112 12039 0
14735621332112 12375 0
14735621333111 12974 0
14735621333222 21001 0
14736251111132 9334 0
14736251112332 10608 0
14736253222223 10571 0
14736521132222 11297 0
14736521133131 14661 0
14736521211212 14221 0
14736521213333 13063 0
14736521221313 15017 0
14736521321231 9801 0
14736521322233 10494 0
14736521332121 12990 0
14736523112222 12184 0
14736523113131 13299 0
14752363222121 12992 0
14752363232222 12405 0
14752363233131 12156 0
14752631111111 9361 0
14752631112311 15702 0
14752631323223 18571 0
14752632332132 12454 0
14752633213223 12300 0
14752633222223 11383 0
14752633223123 12019 0
14752633223231 19049 0
14753261221112 11160 0
14753261323112 12011 0
14753261333111 9863 0
14762351221331 11950 0
14762351321231 11515 0
14762351331221 12227 0
14763251221223 8775 0
14763251222312 9020 0
14763251332331 9341 0
14763251333123 9319 0
14763252322121 8617 0
14763253132232 8670 0
14763253133132 7983 0
14763253133222 8038 0
14763253133231 9039 0
14763253221221 14117 0
14763253222112 11947 0
14763521113211 8017 0
14763521113223 10739 0
14763523222331 14366 0
14765231111213 8890 0
14765231111312 9028 0
14765231112131 8398 0
14765231113121 8272 0
14765231133131 16108 0
14765232211211 15411 0
14765232232322 15179 0
14765232331313 14881 0
14765233113131 15957 0
14765233323332 16057 0
15236471111111 11158 0
15236473231121 10266 0
15243671331221 11381 0
15246371331332 10502 0
15246371332331 10403 0
15246372331331 10609 0
15267431223113 10854 0
15273641112323 15418 0
15324673113311 18058 0
15342671211311 9501 0
15346271321321 12422 0
15367421211113 13862 0
15367421223113 13862 0
15367423211123 14171 0
15426371111111 22424 0
15426371112233 15891 0
15463271313113 11118 0
15624732123212 14564 0
15624732133313 16093 0
15624732333332 11360 0
15627431223113 10184 0
15627431322113 11637 0
15627431332112 10542 0
15634722123332 10359 0
15634722321233 13290 0
15637423211123 11757 0
15642371111111 25780 0
15642372213311 9464 0
15642372231332 13040 0
15642372331322 13265 0
15642373212311 10142 0
15642373221323 14486 0
15642373231223 15677 0
15643271221331 11656 0
15643271331221 14241 0
15643273223111 9005 0
15647233213232 19791 0
15672341113232 11643 0
15672341323112 14922 0
15672342323312 9977 0
15672343213232 11729 0
15672433312133 18696 0
15724362212132 13939 0
15724631111111 15139 0
15724631211311 11765 0
15724631322233 25051 0
15724632123233 12846 0
15724632313223 20667 0
15724632323231 13881 0
15724632323333 12050 0
15724633132322 12207 0
15734622331223 13032 0
15746321111111 10533 0
15746321323211 10679 0
15746322313112 10882 0
15762342122213 14549 0
15763241111111 8943 0
15763242323132 13593 0
16243571132132 11126 0
16243571231231 12873 0
16243571321321 15454 0
16245371231231 12710 0
16254733312223 18528 0
16257431132111 8830 0
16257433223123 12406 0
16273541122133 14012 0
16273541321321 13514 0
16275341312213 10480 0
16275343122221 13203 0
16327453232333 9860 0
16342571331221 17968 0
16345271111111 22019 0
16345271133131 14925 0
16345271222111 15335 0
16345272322232 10995 0
16345272333212 15903 0
16345273122323 14846 0
16345273233323 9266 0
16347252131312 8975 0
16347253121312 11176 0
16357421223113 10985 0
16374521112323 22544 0
16374523211123 16007 0
16423572112121 11007 0
16427531211311 9801 0
16427531231321 9605 0
16427532333233 14382 0
16453271111111 13951 0
16453271211113 14052 0
16453272111131 13746 0
16475233132313 17782 0
16523473332323 9888 0
16523741112212 12403 0
16524731112212 12080 0
16524731112233 11768 0
16524731113133 13778 0
16527341111111 9651 0
16527431123333 9060 0
16527431222132 11713 0
16527431312222 9036 0
16527431333213 9535 0
16527432113333 9821 0
16527432211322 8856 0
16527432231122 8754 0
16527432231332 8792 0
16527432331322 9047 0
16527432333113 9043 0
16527433312133 9148 0
16532471111222 12267 0
16534271111111 13999 0
16534271111132 8543 0
16534273211111 8360 0
16534723211123 9415 0
16537421111222 15624 0
16537421113322 11835 0
16537421113331 16288 0
16537421223113 13421 0
16537421233112 12644 0
16537421332112 9973 0
16542371221331 12825 0
16542371331221 15073 0
16542372112331 10048 0
16543271221223 9613 0
16543271223221 10697 0
16543271331332 14537 0
16543271332331 14381 0
16543272331331 14523 0
16543273221221 9482 0
16543721111111 13680 0
16543721113211 8254 0
16547233332323 9792 0
16547321113331 11993 0
16572431111111 9950 0
16572433213223 12227 0
16573241123123 11109 0
16573241312312 8871 0
16574231113133 12080 0
16723451122133 15238 0
16723451322311 15032 0
16725431121311 9949 0
16725431131211 9423 0
16725431211122 20793 0
16725431211131 10160 0
16725431311121 9562 0
16725432211121 20915 0
16725432232223 14701 0
16725433113311 15292 0
16725433122212 13932 0
16725433333232 16062 0
16735242122213 13634 0
16742352232313 11714 0
16743252323222 9779 0
16745232121313 9899 0
16745232122222 10656 0
16745233121213 10557 0
16745233333313 11270 0
16753241221112 15138 0
17246351111111 22126 0
17265433111313 14195 0
17324561211323 11911 0
17324561232332 9732 0
17326452212111 12387 0
17356241212313 18640 0
17356242211331 11305 0
17362451211311 14122 0
17362451231321 8479 0
17362452213311 8657 0
17364251231231 12304 0
17423653213232 13227 0
17425631122112 11713 0
17425631223113 12681 0
17425631313113 12525 0
17425631322113 13000 0
17425631322332 19158 0
17425631323112 12150 0
17425631323223 20381 0
17425631332112 12423 0
17426531112233 7939 0
17426531121212 12971 0
17426531132312 15247 0
17426531213123 13141 0
17426531223221 12819 0
17426531232233 10224 0
17426531313131 19235 0
17426531331332 15057 0
17426532121211 13047 0
17426532331331 13725 0
17435622211133 7032 0
17435623211123 6859 0
17436521323232 11717 0
17452363213232 15851 0
17452363322132 8619 0
17452633213232 13524 0
17453262211133 11895 0
17462352213311 9776 0
17463251122112 10454 0
17463251221331 12480 0
17463251313113 10605 0
17463251321231 12386 0
17463251323112 12160 0
17463251331221 15665 0
17526431131121 10466 0
17526431231321 9968 0
17526432123233 10267 0
17543261111111 14223 0
17543261132111 18334 0
17642531111111 22888 0
17642531112233 15402 0
17642533312211 15492 0
17643251122112 11845 0
21345671111111 9309 0
21345762223322 21653 0
21345762312323 8703 0
21345762313223 10376 0
21345763332233 16421 0
21346752313322 8862 0
21347562312323 15539 0
21354671122112 12609 0
21354671131313 15771 0
21354671221112 11224 0
21354672311123 10031 0
21354672311132 9494 0
21354672313211 8695 0
21354673131113 14572 0
21354761112233 19742 0
21354761112311 13474 0
21354761113211 12628 0
21354761113322 20169 0
21354761122211 12225 0
21354761133311 12666 0
21354762213311 21322 0
21354763312211 20780 0
21357462311111 14128 0
21357463213331 13493 0
21357642221132 16760 0
21364752311111 21909 0
21364753212212 12288 0
21365742221312 15639 0
21365742312323 20716 0
21367451311331 8781 0
21367452112112 11015 0
21374653333121 19217 0
21375462312233 10462 0
21375463333211 14418 0
21376541111123 11553 0
21376541112311 14819 0
21376541122211 9948 0
21376541131133 11631 0
21457631321123 11062 0
21473563331312 20570 0
21536742222131 16115 0
21654372231323 11743 0
21654372233321 11668 0
21654373332122 9860 0
21654373332221 14943 0
21734652123131 16116 0
23147562123131 13272 0
23147651112323 10253 0
23147652312323 7653 0
23156471222132 12631 0
23156471333132 16192 0
23156473323332 14586 0
23157461231333 16544 0
23157462131123 16597 0
23164573213133 12071 0
23164752131312 13272 0
23164753333313 15994 0
23165471111111 9142 0
23165471311133 11672 0
23165471312132 13756 0
23165472111122 11726 0
23165472111332 13326 0
23165472132332 14596 0
23165472311111 15286 0
23165473233221 19829 0
23165741112323 9327 0
23165741231312 21567 0
23165742123131 7408 0
23165742131321 21492 0
23165742131333 12244 0
23165742312323 10275 0
23165743331312 12796 0
23167541233322 12711 0
23167542131222 15656 0
23174652123131 8811 0
23175463211222 13639 0
23176452132221 15024 0
23176453332233 16985 0
23416752121211 13953 0
23417563232123 10942 0
23456173212332 13181 0
23456173233122 10389 0
23456713212332 13552 0
23475162121112 12384 0
23517462131333 14566 0
23576412233321 15499 0
23576412312323 15826 0
23657142121112 24267 0
23671452122333 18263 0
23674153232321 9782 0
23751461132123 10298 0
23751463112321 11989 0
23756143222331 12578 0
23756411222312 14615 0
23756413222112 10862 0
23756413223312 11436 0
23756413322312 10335 0
24153672321233 19676 0
24157361313212 23494 0
24157362323111 23168 0
24167353132232 19511 0
24173652323231 9729 0
24315673311311 19062 0
24315761122322 14201 0
24315762213323 11854 0
24351671212211 14127 0
24351673111133 9025 0
24351673311311 11540 0
24351761111123 21882 0
24351761212232 12783 0
24367511323112 13710 0
24367513111121 8921 0
24376512222122 14524 0
24516732233111 10362 0
24531673123121 11943 0
24536713231232 13902 0
24537613231322 10251 0
24561372111131 10516 0
24563711121212 12535 0
24563712121232 18532 0
24563713121222 12505 0
24571362221213 18402 0
24571631121212 14037 0
24615371112332 15760 0
24615372213311 20690 0
24615731122313 12913 0
24615731132333 21542 0
24615732111323 12359 0
24615732213311 10241 0
24615732233321 9452 0
24615733113323 21472 0
24615733311122 8434 0
24617532233321 16692 0
24637512311132 11791 0
24651731113223 15777 0
24651731333333 12622 0
24715363311332 12437 0
24715631111111 15019 0
24715631122121 11589 0
24715631122133 15175 0
24715632313223 21356 0
24715633112111 11825 0
24715633131131 12154 0
24716532323231 17547 0
24731561111111 18807 0
24731562311231 11785 0
24736512222332 18217 0
24751362221231 24441 0
24751362321113 20809 0
24761531221223 23194 0
24763151111111 9753 0
24765313222112 18802 0
25134672233321 15492 0
25134672312323 15585 0
25134672313211 22989 0
25137461111111 10521 0
25137461211323 10876 0
25163741112323 16570 0
25314673111313 14191 0
25314673111331 15384 0
25314673131311 14432 0
25341673113311 16100 0
25341762313223 24273 0
25364172311231 10248 0
25364173223231 22273 0
25367411211122 15253 0
25413672323111 17839 0
25413763121222 18991 0
25436711311313 12285 0
25436712123122 14301 0
25436712123332 11954 0
25436712132122 13107 0
25436712323231 14839 0
25436713232321 9331 0
25436713332122 11206 0
25463713212332 12907 0
25471362323132 10827 0
25471631312213 14617 0
25631741212121 24240 0
25634713321232 12693 0
25641371213132 16739 0
25714632123131 8741 0
25714632223331 9441 0
25714632313211 11181 0
25714633121333 13258 0
25716431212223 16155 0
25716433223213 15719 0
25731642232211 18864 0
25734162221111 11627 0
25734613113323 16468 0
25736141111123 7632 0
25736141233232 13631 0
25736411133113 12490 0
25736411231321 11137 0
25736411321312 13697 0
25736411331113 12899 0
25736413123112 13342 0
25741361232113 13347 0
25741632222323 11578 0
25741632312323 11044 0
25743611233232 11531 0
25763142223133 10207 0
25763411332322 8652 0
26135742132221 15381 0
26135742213323 8271 0
26135742332312 13026 0
26153471122121 10426 0
26153473131131 10075 0
26153473132121 11726 0
26154372332213 18717 0
26175432331133 24344 0
26317451212211 12523 0
26345711223113 11375 0
26371453112111 9769 0
26415731322323 14185 0
26415732121223 12697 0
26415732233321 14970 0
26435712222122 15509 0
26435712233321 10910 0
26435712311132 6680 0
26435712322322 12869 0
26435713311122 7515 0
26435713333133 14185 0
26437512122312 14547 0
26453172211133 11917 0
26453711333333 13229 0
26513471122121 11008 0
26517343333313 18142 0
26534713333313 13397 0
26543171111111 16752 0
26543171123111 18508 0
26547313131323 17470 0
26573413331312 15839 0
26714531212133 17627 0
26714532121133 17368 0
26715433231322 11802 0
26741351232113 13296 0
26743512121232 19650 0
27134561131133 12269 0
27154632311132 16107 0
27314652313211 22885 0
27365412321212 13755 0
27415363131113 14015 0
27415632323231 14904 0
27415633321322 12345 0
27416532133232 10359 0
27416533321232 12121 0
27435612122222 14661 0
27453161123111 13440 0
27453161132111 12627 0
27456133132223 11099 0
27516341111111 9662 0
27534161111111 13372 0
27534161111123 8265 0
27534162311111 8472 0
27534612311132 8523 0
27536412332312 15142 0
27543611111123 14317 0
27543611111132 13860 0
27546312231122 20715 0
27613543333133 24150 0
27614353311332 16085 0
27615431312333 15856 0
27615432113321 8240 0
27615433313213 15409 0
27634511131133 13535 0
27634512233321 7548 0
27643513311233 18841 0
31246753312211 8015 0
31247651113232 7750 0
31247651323232 10297 0
31256471231222 14034 0
31257462222221 12907 0
31257462312311 18305 0
31257643311122 9950 0
31264572122213 12875 0
31264573132313 12493 0
31264573222223 19217 0
31264752132122 17378 0
31264752313121 16100 0
31265471111111 15287 0
31265471122112 11531 0
31265471122133 15263 0
31265471312213 13509 0
31265471313113 11788 0
31265471321111 11783 0
31265472233321 21233 0
31265472312233 13242 0
31265741233331 12528 0
31267542222233 24471 0
31267542313133 20842 0
31275461112233 8909 0
31275461322233 9202 0
31275462133211 13007 0
31275462223211 16152 0
31275462311213 13051 0
31275462312212 12739 0
31275463311122 8461 0
31276452133322 19739 0
31276452313313 16784 0
31452671323211 11274 0
31452671332232 10092 0
31452672322331 13556 0
31456722111221 11333 0
31462751111111 17194 0
31462751113322 15621 0
31475261322233 16729 0
31475262331313 13640 0
31475262333221 13218 0
31524673332122 11808 0
31527643332122 13321 0
31564272212111 11972 0
31564272213311 11544 0
31564273113311 12247 0
31572461122133 12219 0
31624751112233 15616 0
31624753312211 15938 0
31627452221333 15968 0
31654272313322 14437 0
31754621331122 11407 0
31765242322121 18832 0
32145671111111 14436 0
32145671123333 14137 0
32145671132222 14774 0
32145671221112 15063 0
32145671333333 13530 0
32145672113333 14379 0
32145672212222 15961 0
32145673112222 13787 0
32145673311113 14912 0
32146751232323 10887 0
32146752232223 10381 0
32147562313223 12552 0
32147562333233 15778 0
32147651123333 10290 0
32147651132222 8716 0
32147651213333 8493 0
32147651312222 8679 0
32147652113333 8711 0
32147652231332 9555 0
32147652233213 9497 0
32147652331322 10230 0
32147652332213 9392 0
32147653112222 9393 0
32156471111111 11789 0
32156471113211 15021 0
32156471232332 20696 0
32156472312332 13758 0
32156472332132 12078 0
32156472332321 24933 0
32156472333332 12732 0
32156473223123 12235 0
32156741112323 9060 0
32156742311123 9529 0
32156742313223 8625 0
32156742333131 13351 0
32157641232323 10927 0
32157642231323 11464 0
32164571111111 15788 0
32164571111231 9396 0
32164571232323 12190 0
32164572232223 12042 0
32164572232313 11468 0
32164572233321 18655 0
32164572312323 19073 0
32164573323212 12476 0
32165741111111 11842 0
32165741111132 14901 0
32165741233223 21387 0
32165742211112 11469 0
32165742331112 15203 0
32165743311131 12041 0
32167451111111 21854 0
32167451213333 15060 0
32167451222222 12972 0
32167451312222 15377 0
32167451333111 15485 0
32167452211121 15360 0
32167453222313 17335 0
32167453313333 17095 0
32167453321232 15959 0
32174561112323 10978 0
32174561232113 8842 0
32174561232233 12992 0
32174562231212 12638 0
32174652312332 14356 0
32174652332132 10865 0
32175461111111 15274 0
32175461113112 12757 0
32175461221112 11652 0
32175461333111 11608 0
32175462233111 14177 0
32175462312323 19811 0
32416753121222 14087 0
32417562113321 14749 0
32417652132131 13954 0
32417653132121 15042 0
32451762331121 10230 0
32456173212332 13058 0
32456711233133 17156 0
32465172112121 14320 0
32465172132131 14484 0
32465172133121 12065 0
32465172332321 21375 0
32465173123121 13069 0
32465173132121 13565 0
32465173133111 12257 0
32465173233221 20883 0
32475161232323 17428 0
32475163331222 12344 0
32476513232231 9959 0
32517463131311 13877 0
32546713323212 14420 0
32547611121113 10858 0
32547611131112 8773 0
32547611213111 8994 0
32547611312111 9439 0
32547612111311 9789 0
32547613111211 12197 0
32561471113133 16396 0
32561471121311 8082 0
32561471122211 18664 0
32561471131211 9138 0
32561471211131 9216 0
32561471311121 10450 0
32561472133313 15600 0
32561472213122 14880 0
32561473222223 15322 0
32561473323212 15702 0
32567412122222 10423 0
32567412131312 10817 0
32567412222212 9719 0
32567413131212 9003 0
32567413133333 9590 0
32576142313223 15999 0
32615473332122 13586 0
32647152133121 13834 0
32647153132121 14434 0
32647512333233 11442 0
32657143121213 18749 0
32657412111212 19623 0
32671453123313 17379 0
32674152113333 20692 0
32714652332132 14394 0
32716452123212 14313 0
32741651121311 9759 0
32741651131211 12167 0
32741651211131 9409 0
32741651311121 8966 0
32741652111113 8895 0
32741653111112 10980 0
32745611223332 15272 0
32745612313322 15382 0
32745612322331 15195 0
32751643321232 11553 0
32754163211123 15759 0
32756141233121 16562 0
32761452121313 8257 0
32761452122222 9119 0
32761452222212 8322 0
32761453121312 9900 0
32761453133333 9039 0
32765411112221 17250 0
32765411121113 8134 0
32765411131112 8331 0
32765411133113 16225 0
32765411331113 15975 0
32765412221312 14167 0
32765412323222 14261 0
32765413122212 14141 0
32765413223312 15691 0
32765413231223 14387 0
32765413322312 14039 0
34125672131213 10583 0
34125672131312 9777 0
34125672221222 10682 0
34125673133333 11357 0
34127651121113 10636 0
34127651131112 10188 0
34127651213111 9634 0
34127651312111 12283 0
34127652111311 9349 0
34127653111211 8942 0
34162752132212 15942 0
34165271112212 15827 0
34165271121311 8911 0
34165271131211 8778 0
34165271211131 8155 0
34165271311121 8284 0
34165271311133 15847 0
34165272323333 16077 0
34165273133312 14766 0
34165273222322 14920 0
34165273311131 15985 0
34167252213323 15397 0
34172562132332 16109 0
34172562313331 16375 0
34175263321232 13500 0
34216572213122 26195 0
34261572132131 11050 0
34261572133121 12029 0
34261573123121 9754 0
34265712212132 17288 0
34275161312213 8434 0
34275162112322 14754 0
34275162213221 14562 0
34516271111111 9999 0
34516272312332 14692 0
34516722313223 8131 0
34517622231323 10589 0
34521672223232 9868 0
34526713232312 8735 0
34527612211322 11795 0
34527612231122 10825 0
34527612231332 9712 0
34527612331322 10791 0
34527613312133 15157 0
34561272122123 11826 0
34561272122321 8900 0
34561272212213 14149 0
34561272213122 8948 0
34561272232211 8803 0
34561273221233 8704 0
34561273233131 9204 0
34561273311233 9069 0
34561273313321 9366 0
34561273321133 9015 0
34561273321223 9011 0
34561721111111 9756 0
34562171321111 10489 0
34562171321231 9361 0
34562172232313 10659 0
34567212223232 9047 0
34617252111212 12104 0
34617252123212 13741 0
34617252132212 11559 0
34617522221333 12819 0
34621572132131 15231 0
34625172111212 13723 0
34627512232313 8622 0
34651271123111 8830 0
34651272332132 13687 0
34675212222122 18717 0
34715262221123 17258 0
34716522223211 18802 0
34721652121313 10941 0
34721652131213 9117 0
34721652221222 9692 0
34721652222212 10335 0
34721653333313 9498 0
34725611212211 15458 0
34725612111113 8234 0
34725612121322 14151 0
34725612231212 14114 0
34725612231332 14151 0
34725612322232 14233 0
34725612331322 15808 0
34725613111112 8037 0
34725613111133 15883 0
34725613132223 14288 0
34725613311113 16130 0
34761252323222 8955 0
35126741232212 17504 0
35126742231233 17242 0
35127462331331 18515 0
35162472122231 13831 0
35162472123233 13361 0
35162473122221 13297 0
35162473323131 13132 0
35162473332122 10859 0
35162473332131 14809 0
35162742213323 17428 0
35167242132212 23071 0
35172461232323 14724 0
35174262213131 16323 0
35174262231113 17912 0
35246171111111 21796 0
35246171113322 15459 0
35246172213311 15472 0
35267141223233 23261 0
35267141321132 10801 0
35271461322233 14721 0
35416721113112 9546 0
35416723232213 10487 0
35417622223133 10883 0
35426712131132 13342 0
35426712311312 18481 0
35426713111313 19709 0
35426713131113 19807 0
35426713312211 8033 0
35461271111231 10620 0
35461271321231 8051 0
35461272222323 14390 0
35462171131313 19552 0
35462171212121 10903 0
35462171221223 13187 0
35462171332331 14104 0
35462172213311 10516 0
35462172223331 9892 0
35462172312131 15044 0
35462173123211 13013 0
35462173131311 19753 0
35462173221221 14547 0
35462712322322 18898 0
35472163222313 13495 0
35472163231322 11029 0
35476122221111 19255 0
35614722321233 13671 0
35617423131332 13136 0
35624712121232 11553 0
35624712321212 10445 0
35624712321332 10977 0
35624712331232 14733 0
35714623111322 17275 0
35721642221213 19532 0
35762142222113 18093 0
36125471111333 15541 0
36125471212112 21010 0
36125471213111 9649 0
36125471222111 20883 0
36125471312111 10253 0
36125472111311 10041 0
36125472121223 13808 0
36125473111211 9512 0
36125473232222 14788 0
36125473323233 15593 0
36125743222331 11687 0
36127451333222 18576 0
36145272122222 12208 0
36145272131213 9083 0
36145272131312 10690 0
36145273333313 11443 0
36147251121311 10806 0
36147251131211 10304 0
36147251211131 9820 0
36147251311121 10898 0
36147252111113 10501 0
36147253111112 9283 0
36152741231312 16244 0
36152742131321 15739 0
36172452133133 14862 0
36217452131333 21780 0
36217541223311 10593 0
36217543213112 9876 0
36241573212332 12165 0
36241753212311 12693 0
36415272123212 19560 0
36417522123311 17688 0
36514272212111 12173 0
36521472113321 14815 0
36521472331121 14918 0
36527411131133 15775 0
36527412111113 10346 0
36527412131222 13917 0
36527412211322 14132 0
36527412221312 13735 0
36527412231122 14754 0
36527412322232 11745 0
36527413111112 9125 0
36527413311311 16681 0
36541272323222 9778 0
36542712121322 14199 0
36547212121313 9929 0
36547212122222 8407 0
36547212131312 8347 0
36547212221222 9209 0
36547213331333 8923 0
36712542121112 14705 0
36712542121121 11527 0
36712542121211 10954 0
36712542122111 10418 0
36714252232223 8851 0
36714521232113 8151 0
36714522121322 13245 0
36714522122213 18389 0
36714523132223 11418 0
36714523132322 12075 0
36721451131331 15113 0
36721452121322 13713 0
36721452122123 14724 0
36721452122213 13900 0
36721452122321 14106 0
36721452131111 9240 0
36721452223232 11653 0
36721453113113 15409 0
36721453121111 10465 0
36725411121212 11580 0
36725411131313 12476 0
36725411212121 12672 0
36725411313131 12297 0
36725412111212 12545 0
36725412121112 12681 0
36725412121211 11482 0
36725412121232 12314 0
36725412123212 12928 0
36725412321212 11939 0
36725413111313 13948 0
36725413131113 14858 0
36725413131311 11761 0
36741252122123 10800 0
36741252122321 11770 0
36741252122333 10759 0
36741252123323 9682 0
36741253233131 15130 0
36745211211221 16144 0
36745212121223 14024 0
36745212122312 14049 0
36745212122333 15783 0
36745212123323 14128 0
36745212131111 8156 0
36745212223232 14146 0
36745213121111 8353 0
36745213131131 16252 0
36745213133111 16000 0
36745213232213 14401 0
36751243222322 8537 0
36752142122132 13723 0
36752142123221 13371 0
36752143132232 12787 0
36752143133222 12375 0
36752143211132 11227 0
36754123232222 10513 0
37246511112233 15783 0
37256142321233 11718 0
37415622333221 14084 0
37426513132313 10534 0
37452162323312 12843 0
37516422333311 18267 0
37561241311112 9640 0
37612453122233 16049 0
37612542221111 12663 0
37614252221123 13810 0
37614521111111 14952 0
37614521323232 9445 0
37614522111221 12070 0
37614522113321 14270 0
37614522313322 13217 0
37614522323312 11180 0
37614523232213 12396 0
37615421113322 10878 0
37615422211133 8061 0
37615422223133 8998 0
37615422313121 15626 0
37615422313331 12840 0
37615423121132 14306 0
37624152311213 15049 0
37624511232233 11248 0
37624512121322 13247 0
37624512231212 13597 0
37624513131323 12462 0
37624513231313 12876 0
37641252222323 10228 0
37642152213311 8493 0
37642513122221 16586 0
37645122312221 16370 0
37651242211133 10137 0
37651422312311 14667 0
37652141113232 7660 0
37652143231322 13650 0
37654212311222 18189 0
41236753232321 9478 0
41237561313131 16302 0
41263751312222 24332 0
41325671212211 12807 0
41325762313223 15561 0
41325763131233 17958 0
41352671212112 10704 0
41352671212121 10495 0
41352671222111 10594 0
41357622313112 11557 0
41367253111133 12396 0
41532672313211 22222 0
41532761233133 16190 0
41563273113311 12106 0
41576322212222 18130 0
41625372313211 10367 0
41625373121213 18187 0
41625731222231 13758 0
41635721212121 12370 0
41657321222312 20689 0
41673252212222 18377 0
41673521111111 10938 0
41723562313211 14625 0
41725361232113 7584 0
41725361321213 12709 0
41725362221213 12964 0
41725362313211 9114 0
41725362313223 8883 0
41725363121222 12920 0
41725363121231 16123 0
41725631111111 12722 0
41725631211122 11559 0
41725632322331 19785 0
41725633111133 11511 0
41725633121123 14152 0
41725633211111 15183 0
41726352313322 12189 0
41726532312233 14639 0
41735261323313 13670 0
41735262312233 8403 0
41735263123223 18046 0
41735621233232 12466 0
41735622313322 17341 0
41736521233232 10942 0
41736522332231 13615 0
41752631222123 12752 0
41752632311123 12972 0
41752632312323 8961 0
41752632313211 8656 0
41756231321213 16085 0
41756233121231 16492 0
41762532221333 17822 0
41762533123331 16231 0
41765231233232 13411 0
41765322221312 13758 0
41765322313211 16634 0
41765323122212 13185 0
42136752131312 22121 0
42137561123333 22444 0
42137653122131 16138 0
42137653132121 14142 0
42157633231322 12466 0
42163751121212 16108 0
42165373223123 11137 0
42167532131333 17603 0
42315673112111 11571 0
42351671212211 11473 0
42351763231133 24538 0
42367153111121 14129 0
42367153211123 18451 0
42516372233111 8264 0
42561733323122 13651 0
42573612323231 7845 0
42573613322231 10388 0
42613572313211 24185 0
42615371313332 21633 0
42615372213311 8677 0
42615372221213 16327 0
42615372313211 10285 0
42651372213311 15516 0
42651733311122 10019 0
42673512232133 11057 0
42751632321233 15893 0
42751632323231 12662 0
43126572133313 18617 0
43167251232212 16230 0
43176252123131 20971 0
43176252311132 16075 0
43216573132121 11811 0
43216573132223 10424 0
43216573212311 10847 0
43216573212332 17701 0
43512671313332 15571 0
43527612312323 12728 0
43561271111111 9691 0
43571262122222 24212 0
43572161111111 9360 0
43572612312323 8041 0
43576211123222 17404 0
43576212112232 16193 0
43615271333312 14931 0
43615272113321 11821 0
43617521223221 19106 0
43621752213323 14482 0
43651722323132 11061 0
43675122222122 12957 0
43675211221331 12557 0
43721653231313 13858 0
43751623123313 14872 0
43765212222122 17173 0
45167323322231 12469 0
45176231131313 10674 0
45176231133113 10584 0
45176231331113 10668 0
45176233131113 11852 0
45176321131133 12114 0
45213672221123 24447 0
45273162222122 16183 0
45276131131133 12136 0
45312671222312 13864 0
45312672223331 12645 0
45312672233321 10239 0
45312672313211 10900 0
45312673132313 12053 0
45312673222112 14246 0
45312673231313 11822 0
45312761113211 11833 0
45312761133311 10510 0
45312762221111 17723 0
45312762311111 10869 0
45321671212211 12967 0
45321671221121 11006 0
45321673113311 15549 0
45327612222323 12192 0
45362712122222 26079 0
45367122223133 12736 0
45367211111132 11912 0
45367211211122 11144 0
45367213111133 9841 0
45376121131133 15817 0
45376121331311 8530 0
45376211333123 12519 0
45376213131323 11243 0
45376213333322 12964 0
45612371133221 20142 0
45612372331121 19715 0
45612373112231 21232 0
45612373132121 12606 0
45612373132223 12572 0
45612373322111 20688 0
45612373332122 12201 0
45612373332221 13601 0
45613271331221 12753 0
45613272233111 21787 0
45621373123331 13395 0
45621373211111 14102 0
45621732212123 16580 0
45621732233333 16521 0
45623712332123 10299 0
45623713322321 10128 0
45637123132121 13549 0
45637123332122 12610 0
45671231132231 11327 0
45671233112132 11207 0
45673212212132 20722 0
45673213211222 24342 0
45713623223132 10540 0
45721363321313 18211 0
45721363322231 13027 0
45732612233321 15664 0
45736121122211 12957 0
46123571111111 8926 0
46123573232123 12428 0
46125731333123 19061 0
46127351131313 14604 0
46127352131333 13850 0
46127353131323 12427 0
46135272133313 14075 0
46153273131131 10877 0
46157233333232 9400 0
46157321331233 12824 0
46215372121223 18079 0
46215372313211 15463 0
46257132211133 9951 0
46257313312211 14746 0
46273512122312 18329 0
46273513221212 12994 0
46275311123222 13038 0
46275312112232 13082 0
46275312132212 12619 0
46275312232133 8575 0
46275312313211 8792 0
46275313121222 16025 0
46275313312211 9229 0
46321752111131 10066 0
46352171211233 10183 0
46352172113231 12623 0
46372511221331 14056 0
46375211211332 21255 0
46375212113111 15311 0
46375212132131 11808 0
46375212132221 13396 0
46375212332222 13273 0
46375213112111 11664 0
46375213123121 11560 0
46375213333121 15149 0
46512371331221 13742 0
46512372113321 17833 0
46513272332111 8917 0
46513273113221 11494 0
46523711331332 21879 0
46527133111121 10197 0
46572311223122 13468 0
46572312132122 13240 0
46721533123313 18421 0
47123562232133 11009 0
47123651233232 13729 0
47126351233232 12401 0
47126532133133 16506 0
47132562311111 7895 0
47132563222331 17330 0
47132652233321 9771 0
47135622132332 15350 0
47136252133112 15902 0
47152361233232 12023 0
47152631322131 16544 0
47156231332313 13102 0
47156233211132 10072 0
47156233223312 14263 0
47156233233113 13913 0
47156233322312 14667 0
47156321111111 15583 0
47156321133311 10906 0
47156322132311 14483 0
47156322313232 13584 0
47156322332132 12751 0
47156322332312 12930 0
47156323223123 14868 0
47162351322122 12855 0
47163522131222 16097 0
47165321232113 8605 0
47165321322131 15697 0
47165322132212 14776 0
47165322133112 14312 0
47165322232133 8551 0
47165322313211 11376 0
47216352131333 16090 0
47251363131113 16274 0
47251632131312 22343 0
47256133212311 7803 0
47256133321232 17238 0
47265312122222 13535 0
47265312131312 15378 0
47265312313211 8317 0
47321651311133 10878 0
47352612123131 15550 0
47352612311132 15565 0
47352612313211 21887 0
47512632312323 20952 0
47621532232331 14171 0
47621533231121 11557 0
47632152233321 8383 0
47632153212311 8587 0
47632153232321 13495 0
47632513212332 11741 0
47652132231323 12387 0
47653213211231 11083 0
47653213232111 18684 0
51264731113322 20942 0
51264732213311 16046 0
51267342312233 18290 0
51324671211122 10076 0
51324672212111 12706 0
51324673113311 14955 0
51324761111123 17918 0
51324763113332 13765 0
51342672212111 11475 0
51342763312223 8298 0
51367241211113 10612 0
51423671221331 12090 0
51426731111111 22139 0
51426733312211 15720 0
51472361131313 18219 0
51472633331312 15740 0
51623471321111 9745 0
51623743313321 18234 0
51624731312123 14936 0
51624733323113 17099 0
51632741323232 9760 0
51642371122313 19124 0
51642731113322 8788 0
51647231113232 9839 0
51723643131311 17494 0
51724362122222 13692 0
51724363121213 18408 0
51726433123313 14770 0
51732643121213 20600 0
51742632323231 14472 0
51742632323333 10843 0
52134761232113 21042 0
52147631121311 9981 0
52147631131211 11143 0
52147631211131 10321 0
52147631311121 10803 0
52147632111113 12245 0
52147633111112 9688 0
52163471112122 15496 0
52163471213111 9524 0
52163471312111 9156 0
52163471333123 13779 0
52163472111311 8279 0
52163472131222 14345 0
52163473111211 8272 0
52163473111331 15602 0
52163473221323 15114 0
52163473323332 17420 0
52167342121232 14067 0
52167432121313 10693 0
52167432122222 9477 0
52167432131213 10996 0
52167433133333 8814 0
52167433331333 9420 0
52174633223123 14582 0
52314673311311 17000 0
52314761322122 15599 0
52341671111111 14842 0
52341671122211 14349 0
52341671311313 14748 0
52341672211112 15101 0
52341672232313 15587 0
52341672323222 11221 0
52341672323312 15507 0
52341673133111 14853 0
52341673232213 14884 0
52341673232333 8240 0
52341673323212 16977 0
52361472121313 8880 0
52361472131312 11081 0
52367142211121 11962 0
52367412322232 9891 0
52374161112323 22243 0
52376413222223 11830 0
52463173212332 11739 0
52463713212332 10618 0
52471631223113 14733 0
52471631323112 13661 0
52614372313211 8774 0
52641733212311 7766 0
52641733232321 10161 0
52673413232123 13205 0
52713461232323 12601 0
52714361232113 7927 0
52714633213223 11004 0
52714633223123 10288 0
52731641233112 14416 0
52731641323112 13745 0
52736141322233 8402 0
52741362313211 10413 0
52741362313223 7873 0
52741632122333 10344 0
52741632123323 9670 0
52741632212213 8689 0
52741632212231 9458 0
52741632232211 8870 0
52741633221233 9298 0
52741633313312 8139 0
52741633313321 8717 0
52741633321223 9405 0
52741633323311 8836 0
52743611111213 12077 0
52743611111312 9669 0
52743611112131 8879 0
52743611113121 9319 0
52743612131111 10953 0
52743613121111 8868 0
52761431111213 10209 0
52761431111312 10709 0
52761431112131 10809 0
52761431113121 9728 0
52761432131111 9258 0
52761433121111 10478 0
52763143222331 10141 0
52763411222312 11678 0
52763411333123 15035 0
52763413222112 10708 0
52763413223312 10666 0
52763413322312 9592 0
53126471231231 13871 0
53126471231321 11862 0
53126471321321 12171 0
53146272123233 11338 0
53147262123131 13673 0
53162743312223 10390 0
53274163211222 16211 0
53421671321111 13771 0
53421671321231 8344 0
53426171112233 9302 0
53462711113322 8151 0
53467211321111 9848 0
53476121323112 13276 0
53476121323322 12717 0
53614721212121 13931 0
53621471331221 12501 0
53642171111111 22784 0
53672142221213 15997 0
53714622233111 13994 0
53721463223312 21901 0
53724612121112 14280 0
53726143333121 13087 0
53741621323112 13862 0
53741621332112 15026 0
53742612323333 14304 0
53761242121211 12496 0
53761242221213 12555 0
53761242321212 18659 0
53762143222331 13928 0
53762413322123 8831 0
54123673233323 9682 0
54126371331221 12172 0
54127632131213 10299 0
54127632222212 9056 0
54127633131212 9561 0
54127633133333 12050 0
54127633333313 9673 0
54163271133221 16853 0
54163272233111 17292 0
54167231121113 9104 0
54167231131112 9523 0
54167231221211 16445 0
54167231333213 14132 0
54167232112112 16183 0
54167232133313 13741 0
54167232333113 13903 0
54167233232333 8961 0
54167233331213 14538 0
54172633132313 13510 0
54217362233213 24308 0
54217632132212 16025 0
54231671123111 14249 0
54231673123121 18423 0
54261373123121 12374 0
54261732231233 16203 0
54276132233312 14161 0
54312671131331 8910 0
54312672212111 12064 0
54312673311311 15664 0
54317261113112 9782 0
54317621111222 12691 0
54321672212213 9574 0
54321672212231 10789 0
54321672232211 9702 0
54321673313312 14618 0
54321673313321 14473 0
54321673323311 14629 0
54321761211221 11372 0
54321763113113 8790 0
54326171111231 14096 0
54326171112233 8452 0
54326171321231 8634 0
54326711112212 12269 0
54327612223232 9800 0
54361272223232 9053 0
54362171113133 12279 0
54362711111231 10090 0
54362711323112 14720 0
54367121112212 15569 0
54367121113211 12289 0
54367121113331 12393 0
54367122211121 10430 0
54367122311111 12061 0
54367123311113 10581 0
54367211132222 14024 0
54367211213333 9249 0
54367211222132 10061 0
54367211333213 8284 0
54367212211322 8990 0
54367212231122 11928 0
54367212233213 9806 0
54367212332213 8713 0
54367212333113 8529 0
54367213112222 8688 0
54367213312133 9291 0
54371261113331 12198 0
54371621113112 14362 0
54371621113322 8434 0
54376121322233 9754 0
54376211111132 11428 0
54376211111222 11857 0
54376211113133 12135 0
54612371112311 21886 0
54612372222131 12198 0
54612732112223 17204 0
54612733322213 14114 0
54621371133311 8899 0
54621372211121 11141 0
54637211132111 9731 0
54671232221213 19413 0
54712361323313 16212 0
54712362223322 17288 0
54716232222113 16065 0
54716321112323 17309 0
54716322313223 15743 0
54721631111111 21966 0
54721631122121 15474 0
54721631311133 15600 0
54721632133232 16557 0
54721632212222 12945 0
54721632212231 15352 0
54721633231322 15020 0
54721633313321 15035 0
54721633333331 16998 0
54723612131312 9802 0
54723612221222 8437 0
54723612222212 9239 0
54723613121312 8374 0
54723613333313 9020 0
54761233322321 16080 0
54763212322232 9072 0
56123471222312 8341 0
56123471223221 9066 0
56123471331332 9849 0
56123471333123 8809 0
56123472322121 11813 0
56123472331331 9093 0
56123473133132 9132 0
56123473133231 9614 0
56123473222112 8496 0
56123473223312 9983 0
56123473322312 8512 0
56124371111231 10044 0
56124371232323 12246 0
56127433332323 8794 0
56132472333332 10287 0
56132473211111 10064 0
56132473213211 10563 0
56143273332323 8648 0
56147231222132 10883 0
56147231333213 10262 0
56147232233213 9924 0
56147232332213 10209 0
56147232333113 15041 0
56147322333233 13583 0
56173421113112 9777 0
56174232323333 8733 0
56174321232113 9251 0
56213471111111 10033 0
56213743313333 14597 0
56243173133111 10990 0
56243713121333 13765 0
56247132333233 13712 0
56271433111313 14345 0
56271433123313 13340 0
56271433132313 13055 0
56274132331133 12307 0
56274312313211 12095 0
56321473233323 9773 0
56321742211112 10895 0
56324171221331 12365 0
56327411211332 15255 0
56327413213112 15341 0
56341273121213 8984 0
56341273131212 10988 0
56347122333233 13349 0
56347211213111 10547 0
56347211222132 14905 0
56347211312111 9303 0
56347211331131 15122 0
56347212111221 18751 0
56347212111311 8169 0
56347212123233 15586 0
56347212232223 15207 0
56347213111211 9235 0
56347213131332 15627 0
56423171231231 15724 0
56423171231321 11921 0
56423171321321 16380 0
56423172112121 13307 0
56423173132121 12733 0
56423173133111 9857 0
56432713122122 13439 0
56712341232113 15913 0
56712343211123 15589 0
56721343123331 15939 0
56721432312233 16991 0
56723411113313 17501 0
56723411121113 9212 0
56723411131112 10443 0
56723411222312 14022 0
56723412122312 13621 0
56723412323222 11770 0
56723413221212 13806 0
56723413222112 14634 0
56723413331111 15887 0
56732143122113 15165 0
56741231121311 9464 0
56741231131211 9057 0
56741231211131 12405 0
56741231311121 9746 0
56741232111113 10158 0
56741233111112 10606 0
56743212122222 9597 0
56743212221222 10455 0
56743213121213 9095 0
56743213121312 10917 0
56743213331333 9615 0
57123461111111 10291 0
57164322131312 15590 0
57214361323232 9453 0
57214632212213 22251 0
57236141113232 8362 0
57236141322233 8567 0
57236141323232 13468 0
57241631322113 14119 0
57241631323112 16049 0
57246131112233 9748 0
57264132111323 15811 0
57321641311112 16781 0
57321642311132 18595 0
57364212213311 9248 0
57364212313211 10581 0
57364213332122 10688 0
57642311113322 16087 0
61234572231323 15733 0
61234573232213 8649 0
61235741313131 14319 0
61257343232123 10921 0
61274351313131 18252 0
61274532231323 12083 0
61352472233321 15989 0
61352472313211 22520 0
61452731311313 11201 0
61453721111111 17257 0
61453721311112 14204 0
61453723111121 13702 0
61472532123332 13873 0
61472533112111 10880 0
61527431111111 9683 0
61534272311132 9658 0
61534721112311 13389 0
61534721113211 12622 0
61543271111111 14263 0
61543271112311 8345 0
61572432312323 9226 0
61734523222331 19230 0
62134572321323 13547 0
62135471122121 12303 0
62135472132131 12612 0
62135473122131 12170 0
62135473123121 11806 0
62135473131131 12561 0
62135473132121 13091 0
62135473232231 20469 0
62135473322321 19254 0
62135743222331 12433 0
62135743312223 14783 0
62147353123121 13749 0
62147353132121 14759 0
62154733321121 11423 0
62157342132212 14711 0
62173543232132 10866 0
62174351122133 15622 0
62174533311212 18171 0
62317453112111 13793 0
62317453312211 8379 0
62351743112123 10450 0
62371453311311 12110 0
62374511322311 11025 0
62374513112321 12553 0
62374513312112 10368 0
62435172211133 6702 0
62435172311132 7096 0
62435711222222 14112 0
62453713311122 11710 0
62471532232133 10771 0
62475131322323 13947 0
62531472321233 13321 0
62543711211113 14930 0
62543711311112 13982 0
62571432321233 13563 0
62735143223213 13003 0
63125741112323 14849 0
63125743131233 12796 0
63125743133312 14212 0
63142571111111 19381 0
63142571132321 10753 0
63142573112123 12101 0
63172452312323 15818 0
63172452313211 22232 0
63174522332132 11300 0
63247511123132 9893 0
63251743133231 19081 0
63452711311313 10503 0
63452712333221 9633 0
63471522123131 13797 0
63471522323132 17285 0
63471522332132 14299 0
63472512123332 11226 0
63512743313333 13839 0
63541271212211 12595 0
63542713121333 14106 0
63574212123131 15719 0
63574212313211 17285 0
63712542221111 13647 0
63714252123131 8038 0
63714521112323 9657 0
63714522332132 10396 0
63721541233322 13259 0
63724153121213 13022 0
63725141112323 10787 0
63725141233121 14278 0
63725142123131 8644 0
63725142223133 8443 0
63725143122113 15602 0
63725143123313 12749 0
63741252222323 10501 0
63741522123131 9977 0
63742511232221 17251 0
63745123122212 13994 0
63751242221321 12934 0
63751423122311 17660 0
63752141111111 9412 0
63752141122211 11091 0
63752141123213 13190 0
63752142332132 12378 0
63752143123223 14172 0
63752143212323 14933 0
63752143223123 12046 0
63752411223212 13366 0
63752411333213 11918 0
63752412312323 8129 0
63752412322112 18508 0
63752412333113 11941 0
63754213122122 18923 0
64125371131313 17798 0
64157321133212 21176 0
64231572311132 13098 0
64257131113223 16078 0
64271533221212 12377 0
64275131212223 14894 0
64275131312123 14296 0
64275132211133 7784 0
64275132232133 8979 0
64275133231112 15667 0
64275133312211 11490 0
64275311112332 13734 0
64275311222222 13098 0
64275313312211 16747 0
64321572111131 13980 0
64321572132131 14146 0
64321572311132 13840 0
64325713121222 19442 0
64351272132131 11208 0
64357212313211 10712 0
64357213231322 14269 0
64357213312211 7930 0
64531271212211 15689 0
64531272132131 10491 0
64531273122131 12178 0
64531273123121 10343 0
64531273311311 12503 0
64531273312211 12409 0
64572131122223 14321 0
64713253112111 9877 0
65123471112311 9697 0
65123471233232 14469 0
65123472312311 9893 0
65132471212112 13616 0
65132471222111 14938 0
65132471231321 10247 0
65132471323121 15280 0
65132472131231 13166 0
65132472212231 12152 0
65132472233321 8030 0
65132473111331 12708 0
65132473313312 13133 0
65132473323311 11354 0
65132741223323 10449 0
65132743222331 12148 0
65134721233232 12095 0
65147321232113 10690 0
65172431132333 15699 0
65174232123131 9172 0
65174232133313 14035 0
65174232323312 11846 0
65174233323212 12747 0
65174233331213 13769 0
65174322313211 10975 0
65174323223123 13895 0
65213741111111 11026 0
65241371111111 11121 0
65243712121322 14841 0
65271341332331 20665 0
65271432231233 12729 0
65274131111111 13552 0
65274131311313 12721 0
65274131312213 13046 0
65274132123332 14842 0
65274133132223 11028 0
65274133232321 15556 0
65274133312223 14457 0
65314272311132 15721 0
65314272313211 17530 0
65321472111122 10892 0
65417321232113 14322 0
65417323223123 13820 0
65417323232123 17168 0
65423713321322 17567 0
65432173232321 11592 0
65471231132213 21148 0
65714323223123 11315 0
65723143321313 14643 0
65732411333123 10421 0
65742311212313 23983 0
67132541133311 10982 0
67145323133312 13825 0
67154233323332 10389 0
67215343333133 13117 0
67231541323112 12521 0
67231543323122 13532 0
67234513332122 12940 0
67245131313323 16949 0
67245311112311 17449 0
67245311133233 12434 0
67254311131133 11055 0
67254313311113 13586 0
67312452233321 9395 0
67312541121221 10267 0
67312542221111 13268 0
67321451111123 12759 0
67321451112311 11945 0
67321451212211 15738 0
67321451311133 9951 0
67321452111122 13398 0
67321453113311 16400 0
67321542232133 12748 0
67341252222323 11829 0
67342512222113 12940 0
67345122223133 7297 0
67345122232133 7573 0
67345211111123 13588 0
67345211111132 11947 0
67345211112233 20974 0
67345211113322 21467 0
67345211211122 14514 0
67345211311133 12346 0
67345212111122 14411 0
67345213111133 13092 0
67354121111111 11682 0
67354211212121 14199 0
67354211313113 12112 0
67354211333111 11991 0
67354212111221 11453 0
67354212212222 14932 0
67354212311132 10398 0
67354213111313 14635 0
67354213131311 13270 0
67354213211132 9917 0
67354213313333 12898 0
67412353132121 12736 0
67412353332221 13373 0
67412531131133 12071 0
67435121332112 14374 0
67435123123121 14049 0
67452313321232 19135 0
71234563231322 12112 0
71263541333222 11390 0
71263542323123 10438 0
71264533131323 10563 0
71264533221323 11825 0
71264533231223 10645 0
71264533231313 10644 0
71326451211311 10068 0
71326453132121 12136 0
71326543333313 18597 0
71345262132131 10615 0
71362453113311 12195 0
71365423331312 17684 0
71423563213232 12853 0
71423653213232 13467 0
71426353312211 9135 0
71426533333223 15813 0
71432561232323 13471 0
71432561323232 15466 0
71432562111221 14748 0
71432563232213 12635 0
71432563323113 14369 0
71432563323122 11000 0
71432563332113 13014 0
71435261322233 11469 0
71435262222122 15579 0
71435263211123 7246 0
71435263311122 7089 0
71435263333133 14197 0
71435263333223 14882 0
71435623333331 13925 0
71436253333112 13217 0
71452363213232 11993 0
71452632222131 18081 0
71453262222221 12492 0
71453623311122 11856 0
71456321322323 10998 0
71456322111221 13779 0
71462531113322 9287 0
71462532111212 10906 0
71462532121112 11146 0
71462533111223 14150 0
71462533221113 13888 0
71463523331222 21055 0
71523463131311 13162 0
71523463231313 12334 0
71523463331312 12596 0
71532463221332 12424 0
71534262122222 16040 0
71542633132322 14495 0
71543622111131 13768 0
71543623111121 14641 0
71546233331213 13419 0
71546322231212 15711 0
71562433123232 8642 0
71563243221221 19533 0
71625433213133 24323 0
71643252231212 13951 0
71643523331213 14737 0
72134562312212 16429 0
72136541322233 15998 0
72143563222331 12498 0
72143651121113 9708 0
72143651131112 12277 0
72143651213111 10683 0
72143651312111 10201 0
72143652111311 9860 0
72143653111211 11026 0
72145631233223 16929 0
72145633232231 17741 0
72145633312223 17072 0
72146352232223 14612 0
72163452122222 9148 0
72163453121213 9444 0
72163453131212 10180 0
72163453133333 9765 0
72163453331333 11933 0
72164353131113 13534 0
72165431113331 15289 0
72165432111113 9458 0
72165432111122 18939 0
72165432211112 18693 0
72165432323312 15273 0
72165433111112 10123 0
72165433121333 13176 0
72165433221233 14145 0
72165433233323 9387 0
72165433321223 14121 0
72165433331213 15609 0
72345611111111 14523 0
72345611133113 15004 0
72345611221223 13675 0
72345611222222 15988 0
72345611331332 14260 0
72345612122111 15156 0
72345612331331 14018 0
72345613221221 14652 0
72345613333331 13406 0
72356141112323 23010 0
72356141232113 15606 0
72356143211123 15511 0
72361453232333 9766 0
72361542333233 19771 0
72365412222212 10558 0
72365413121312 9872 0
72365413131212 10459 0
72365413331333 11385 0
72435163333313 13312 0
72513641232323 7737 0
72513641233322 10285 0
72516342313223 8698 0
72531463321232 13617 0
72534163211123 9655 0
72541631111213 11118 0
72541631111312 9962 0
72541631112131 10773 0
72541631113121 10291 0
72541632131111 9594 0
72541633121111 12152 0
72543162311111 16164 0
72543163211111 14022 0
72543611221223 8456 0
72543611223221 8749 0
72543611331332 9138 0
72543611332331 8308 0
72543612331331 8174 0
72543613132232 9522 0
72543613133222 9412 0
72543613221221 8654 0
72543613223312 10324 0
72543613322312 9642 0
72546311323112 14440 0
72546313323212 10750 0
72561342313223 9822 0
72561432213122 10858 0
72561433221233 10189 0
72561433311233 10234 0
72561433321133 15014 0
72561433321223 9902 0
72563411111213 9029 0
72563411111312 9436 0
72563411112131 9723 0
72563411113121 12378 0
72563412131111 10516 0
72563413121111 10068 0
72643513212311 11023 0
72643513212332 11553 0
73125463133132 19090 0
73146522113231 11930 0
73246153312211 21069 0
73456123231322 11978 0
73516243323113 16032 0
73516243332131 16700 0
73541262321212 16136 0
73542163321133 22222 0
73542613132121 10983 0
73542613132322 10408 0
73564213321322 16038 0
73614251112323 10266 0
73615241112323 10147 0
73615241113322 9421 0
73615242223133 8111 0
73615243123313 21377 0
73615243213313 12337 0
73615243331312 21449 0
73615243332311 12894 0
73615421113322 14947 0
73615423213211 12822 0
73615423333331 14095 0
73624513121132 15621 0
73624513332131 16272 0
73625141112323 8149 0
73625143121213 12902 0
73625143333313 13848 0
73625412222323 11779 0
73642511111111 27734 0
73642511113232 9557 0
73642511113322 8713 0
73642513223222 13374 0
73645121113211 14878 0
73645122222311 12460 0
73645211223113 12135 0
73645211231111 14990 0
73645211321111 11732 0
73645211332112 11555 0
73645213112231 21261 0
73645213333112 15088 0
73651241113322 16661 0
73652413211312 17338 0
73652413331321 17598 0
73654122111122 10477 0
73654122221111 12029 0
73654211111132 17518 0
74123563323221 9497 0
74123652322121 10766 0
74123653132232 9805 0
74123653133132 14919 0
74123653133222 10095 0
74123653133231 10147 0
74125631313311 17475 0
74125632121121 18818 0
74125632122111 19064 0
74125632131111 10237 0
74125632321332 15251 0
74125633121111 9583 0
74125633131233 15519 0
74125633132232 14034 0
74125633133222 14050 0
74125633133312 13084 0
74125633332323 9357 0
74126352333122 8763 0
74132561321231 10095 0
74132562121121 14151 0
74132562122111 14550 0
74132563131221 13937 0
74132563132112 13126 0
74136522322121 10274 0
74152363132232 10558 0
74152363133132 10553 0
74152363133222 10472 0
74152363133231 11736 0
74156322122123 12357 0
74156322122321 11455 0
74156322313223 9270 0
74156323132331 13867 0
74156323133123 14123 0
74163251121122 15134 0
74163252112211 17142 0
74163252131111 9134 0
74163253121111 9545 0
74163253131332 13768 0
74163253133132 13788 0
74163253133213 14560 0
74163253133231 14018 0
74163253332323 9048 0
74165231121212 12812 0
74165231131313 11758 0
74165231212121 12727 0
74165231313131 14056 0
74165232111212 12844 0
74165232121112 12047 0
74165232121211 13241 0
74165233111313 12138 0
74165233131113 12685 0
74165233131311 12224 0
74165233131323 12017 0
74165233132313 12454 0
74165233231313 13177 0
74213652323132 13555 0
74251633111313 17715 0
74256311321222 16352 0
74256313111232 17938 0
74265312333233 13531 0
74312652333332 11220 0
74321563311131 10767 0
74321653233323 8740 0
74325163131323 14169 0
74325612221222 12301 0
74325613121312 10714 0
74325613131212 9115 0
74325613133333 11468 0
74361253112132 14836 0
74361253211231 15157 0
74365211121221 16321 0
74365211213111 8378 0
74365211312111 8247 0
74365211313113 16073 0
74365211333111 15931 0
74365212111311 9003 0
74365212222323 17182 0
74365212333332 15968 0
74365213111211 8867 0
74365213121333 14851 0
74512361322233 15958 0
74512362313223 20854 0
74513263121222 16107 0
74521632222212 9597 0
74521633121213 10903 0
74521633121312 10809 0
74521633133333 9390 0
74521633333313 8792 0
74523611121113 9166 0
74523611131112 10389 0
74523611213111 10921 0
74523611312111 9845 0
74523612111311 10828 0
74523613111211 10331 0
74532163123223 15933 0
74561231111222 16441 0
74561232111113 9426 0
74561232221111 16709 0
74561233111112 9014 0
74561233131233 14446 0
74561233233323 9076 0
74561233311233 14112 0
74561233321133 13875 0
74561233321313 13651 0
74563211232332 15010 0
74653213133222 23167 0
75132463233233 16597 0
75143263231313 17696 0
75146321323331 18206 0
75213642223133 10981 0
75231463211123 12885 0
75234161322233 7920 0
75234162221111 17350 0
75236143213232 12365 0
75241632222323 12378 0
75243162211322 22473 0
75243611113232 12640 0
75243613213232 15875 0
75246131333312 16522 0
75246311111111 25781 0
75246313212311 12874 0
75246313312211 8933 0
75246313332332 12729 0
75261432123233 9518 0
75264132121232 14246 0
75264132223331 9982 0
75264132321212 14648 0
75264133121333 13820 0
75264133331213 13009 0
75264311223122 16465 0
75264313231112 15995 0
75312463333133 18645 0
75314621133221 11108 0
75314621313212 17673 0
75314623113122 11494 0
75316241231231 12155 0
75321461311112 8951 0
75321463132121 12320 0
75346122133133 13430 0
75346211133122 18955 0
75346211211311 9269 0
75346211311211 15818 0
75346212323333 12357 0
75346213112132 18687 0
75346213132121 12278 0
75346213132322 11925 0
75346213332122 11499 0
75412631223332 10065 0
75416323232213 11321 0
75431263133213 15982 0
75462132123212 10359 0
75613243131332 12731 0
75613243133213 15745 0
75634123323122 11083 0
75641323232111 24296 0
75642132213311 16085 0
76123453233323 8884 0
76125343333133 24226 0
76143252131312 10790 0
76143252221222 9567 0
76143253131212 11028 0
76143253331333 8700 0
76143253333313 9300 0
76145231121113 10217 0
76145231122112 18786 0
76145231131112 9551 0
76145231221112 19032 0
76145231311331 15424 0
76145232123332 15159 0
76145232233213 14149 0
76145232331313 13198 0
76145232332213 14172 0
76145233133213 15636 0
76145233232333 9267 0
76154323333112 15789 0
76213543213133 16486 0
76213543311332 16428 0
76215341231231 13731 0
76215433333133 18971 0
76231451123111 10321 0
76245311121131 15301 0
76245311131121 12630 0
76245311213312 19688 0
76245312132131 11671 0
76245313122122 14062 0
76245313123121 11633 0
76253141123132 15835 0
76253141211332 9887 0
76253413322312 18540 0
76254133311323 16625 0
76254313211111 14750 0
76312452212111 12198 0
76312453211111 11885 0
76312453311311 13898 0
76312542321212 11276 0
76312542322121 14477 0
76312543322222 16219 0
76315241112113 15382 0
76315241113112 9034 0
76315241223113 11814 0
76315241322122 13633 0
76315241323313 13209 0
76315241332112 11766 0
76315243211231 19921 0
76315243323323 14689 0
76321452122123 10222 0
76321452122321 8544 0
76321452122333 8686 0
76321452123323 9309 0
76321452212231 8946 0
76321452213122 11837 0
76321453233131 8718 0
76321453311233 9643 0
76321453313312 8975 0
76321453321133 9155 0
76321453323311 9734 0
76321542211112 10522 0
76321543211111 11752 0
76321543311131 10161 0
76324151112233 10085 0
76324151112323 10590 0
76324153323122 10171 0
76325411111213 9535 0
76325411111312 10066 0
76325411112131 9677 0
76325411113121 10285 0
76325411122121 21037 0
76325411331311 15157 0
76325412112121 20913 0
76325412231212 13906 0
76325412333233 16628 0
76325413222223 14813 0
76341251111213 8295 0
76341251111312 8307 0
76341251112131 9544 0
76341251113121 9184 0
76341251221121 15841 0
76341251311313 15635 0
76341252232313 15136 0
76341252323333 17305 0
76341253221212 14231 0
76341253233131 13867 0
76342511111231 11671 0
76342511111321 15110 0
76342511323112 13850 0
76342512232223 12122 0
76342513213112 25024 0
76342513322111 20575 0
76342513323122 12824 0
76342513323212 11954 0
76345122211112 12399 0
76345122211121 11829 0
76345122213311 19275 0
76345122311111 12048 0
76345123211111 13112 0
76345123311113 12636 0
76345123311131 12655 0
76345123312211 20491 0
76351421112323 9923 0
76351421113322 9728 0
76351423321232 14493 0
76354121121212 13703 0
76354121122121 12691 0
76354121311313 12118 0
76354121313131 12796 0
76354122111212 15031 0
76354122112121 11638 0
76354122212222 15153 0
76354123211123 8055 0
76354123211132 10136 0
76354123313333 13046 0
76354212213323 13392 0
76354212312233 13163 0
76354212313322 13853 0
76354212333332 13454 0
76354213222223 10883 0
76354213312223 14906 0
76421351131121 9801 0
76512343213313 15046 0
76512343332311 17070 0
76514321112323 22254 0
76514321232113 15836 0
76521433232333 8914 0
76523413223231 14743 0
76524313331222 14892 0
76541232131213 9536 0
76541232221222 9170 0
76541233121213 10275 0
76541233331333 9790 0
76541233333313 12023 0
76543211111111 21941 0
76543211212112 15452 0
76543211223221 15260 0
76543211332331 14943 0
76543211333333 17114 0
76543212132323 15933 0
76543212222221 12855 0
76543212323213 16756 0
76543213113131 15570 0
