12345672121232 13752 0
12345672123212 12497 0
12345672321212 12670 0
12345673131323 11851 0
12345673132313 14660 0
12345673231313 14044 0
12345761111111 9814 0
12346571111231 9047 0
12346751113133 11932 0
12347561112212 12593 0
12347651111111 21700 0
12347651122112 17473 0
12347651133311 16008 0
12347652111221 14332 0
12347652123233 17356 0
12347652123332 20624 0
12347652223232 8911 0
12347653111133 15487 0
12347653132223 15941 0
12347653132322 15969 0
12347653332323 8341 0
12354671111111 9029 0
12354761112323 11002 0
12354762121112 12218 0
12354762121211 12291 0
12354762311123 12200 0
12354763131131 12155 0
12354763133111 11563 0
12354763211123 9008 0
12356471113133 12148 0
12356741133131 12049 0
12356741313131 10532 0
12356743113131 10737 0
12357461111222 12955 0
12357461113331 11343 0
12357462211112 9834 0
12357641113331 12060 0
12364571112212 12431 0
12364751112212 11737 0
12364751113133 14622 0
12364753311131 8836 0
12365471111111 14997 0
12365471211122 15576 0
12365471313113 14273 0
12365472223232 9287 0
12365472321233 16989 0
12365473232312 15360 0
12365473332323 9233 0
12365741113331 12263 0
12367451123333 9548 0
12367451132222 10093 0
12367451213333 10857 0
12367451312222 9629 0
12367452113333 11056 0
12367453112222 14608 0
12367541112212 13612 0
12367541113331 15938 0
12367541331131 8962 0
12374561121212 10455 0
12374561211212 10786 0
12374562111212 11496 0
12374651111222 13462 0
12375461111222 13237 0
12375641113112 11744 0
12376451111222 12628 0
12376451113133 16041 0
12376451221211 9544 0
12376541112323 8970 0
12376541232233 13053 0
12376541322233 10157 0
12376542121232 12402 0
12376542123212 11394 0
12376543133132 13140 0
12376543133231 12316 0
12456731132321 18544 0
12456731233223 11107 0
12456733223321 11566 0
12463751231231 17546 0
12467351131121 10570 0
12467351231321 9778 0
12473561132123 11689 0
12536741112323 16581 0
12537461332112 10871 0
12543671111111 21792 0
12543671211212 14434 0
12543671331113 15579 0
12543672121121 17567 0
12543672321332 20717 0
12543672322232 9010 0
12543672331232 17456 0
12543673111331 16110 0
12543673221323 15998 0
12543673231223 15958 0
12543673233323 8363 0
12546371221331 13341 0
12563472131213 9533 0
12563473131212 11791 0
12564733323122 11238 0
12567433232333 12252 0
12576343212221 16657 0
12637451132111 16849 0
12637451332112 13895 0
12643571321321 11941 0
12645371131121 11630 0
12673542331133 17302 0
12734561112323 16057 0
12734561322233 16071 0
12734562313223 15715 0
12745631111111 21770 0
12745632111122 16061 0
12745632212213 13960 0
12745632222221 14110 0
12745632232211 14147 0
12745633131131 16300 0
12745633313312 13950 0
12745633313333 16885 0
12745633323311 16268 0
12753462231323 11951 0
12763452322232 9188 0
12765432121313 9720 0
12765432222212 9332 0
12765433121213 9317 0
12765433331333 9660 0
13245671321111 9840 0
13246571111111 8114 0
13246571112233 9107 0
13246571113232 12082 0
13246572321332 12308 0
13246572331232 12242 0
13246573221233 11987 0
13246573321223 12186 0
13246752133211 17155 0
13247563212131 16500 0
13254761322233 12253 0
13254761323322 11736 0
13254762321233 15742 0
13254763323122 10374 0
13257641112233 14663 0
13265741112323 11793 0
13265742131312 15530 0
13267451122211 8808 0
13267451311133 13542 0
13267541111132 14881 0
13267541232212 12289 0
13274651112323 10192 0
13275461112233 19701 0
13275463213211 13099 0
13275641112233 9470 0
13275641112323 8850 0
13275642131333 12663 0
13275643212221 14295 0
13276451113211 14268 0
13276451233133 13773 0
13276541133122 19753 0
13276541213312 24774 0
13276541321123 20614 0
13276541322311 19137 0
13276541323112 12926 0
13276541323322 12122 0
13276542323312 12017 0
13276543323122 12705 0
13462571111111 16526 0
13462572213311 16108 0
13527461211113 10829 0
13542671231231 11808 0
13546271213213 8853 0
13546271231231 14504 0
13546271321321 11622 0
13572641122133 9225 0
13576241312213 14868 0
13576241321321 12666 0
13627451332112 14543 0
13642571221223 10618 0
13642571223221 10411 0
13642573221221 11922 0
13645271221331 12144 0
13647521111111 10804 0
13675241112323 14862 0
13675242331313 12567 0
13725642332132 14514 0
13754262123323 18548 0
13762451321321 17453 0
13764251211311 10548 0
13764252323231 13543 0
13765422121211 24594 0
14263751131121 9882 0
14267351321321 12172 0
14275633323122 13364 0
14325671111111 15113 0
14325672112121 15698 0
14325672231323 16412 0
14325672323222 9409 0
14325673123232 16700 0
14325673232333 9131 0
14325673311131 14386 0
14327652131213 11909 0
14327653121213 9441 0
14352672212111 12408 0
14356721112323 16648 0
14356721322233 16228 0
14367252322232 9569 0
14367523311113 11253 0
14523672121313 9622 0
14523673121312 11109 0
14527631121311 10241 0
14527631131211 8212 0
14527631133311 14951 0
14527631211131 11015 0
14527631311121 10976 0
14527632122213 17007 0
14527632212111 16039 0
14527632333332 17029 0
14527633132322 15716 0
14527633312133 14819 0
14536273311311 12447 0
14537622231323 16078 0
14563272323222 9671 0
14567231312213 17190 0
14567231321123 16844 0
14573261333111 11381 0
14625731111111 14955 0
14625731131121 9619 0
14625731322233 22505 0
14625732112121 12483 0
14625732113321 14244 0
14625732213323 14958 0
14625732233111 13459 0
14625733133111 12585 0
14632571111111 17521 0
14632571321132 11601 0
14652733321331 12189 0
14673251111111 9191 0
14723651111213 9018 0
14723651111312 8323 0
14723651112131 11248 0
14723651113121 14376 0
14723651211212 17479 0
14723652322121 13665 0
14723652331232 16373 0
14723653232222 16152 0
14723653313111 15159 0
14723653321313 15437 0
14725361111111 14954 0
14725361111123 13572 0
14725361322332 21116 0
14725362211121 13438 0
14725363211213 14901 0
14725363213121 13341 0
14725363223213 14664 0
14725363311113 12864 0
14726531223122 14763 0
14726531232122 14179 0
14726531233313 13866 0
14726531333312 13564 0
14726532232313 11531 0
14726533323122 12404 0
14735621221112 13054 0
14735621223113 12048 0
14735621223332 21032 0
14735621233112 13612 0
14735621323112 13109 0
14735621332112 12696 0
14735621333111 11779 0
14735621333222 21325 0
14736251111132 10258 0
14736251112332 10130 0
14736253222223 10689 0
14736521132222 12088 0
14736521133131 12768 0
14736521211212 14320 0
14736521213333 12510 0
14736521221313 13997 0
14736521321231 12325 0
14736521322233 8096 0
14736521332121 13649 0
14736523112222 12102 0
14736523113131 12083 0
14752363222121 13787 0
14752363232222 12804 0
14752363233131 12134 0
14752631111111 15621 0
14752631112311 14650 0
14752631323223 20278 0
14752632332132 12759 0
14752633213223 11990 0
14752633222223 12443 0
14752633223123 12110 0
14752633223231 21053 0
14753261221112 9772 0
14753261323112 11754 0
14753261333111 10727 0
14762351221331 12016 0
14762351321231 11987 0
14762351331221 13701 0
14763251221223 10006 0
14763251222312 9721 0
14763251332331 11983 0
14763251333123 9154 0
14763252322121 8116 0
14763253132232 8273 0
14763253133132 8061 0
14763253133222 9122 0
14763253133231 8507 0
14763253221221 9332 0
14763253222112 9828 0
14763521113211 9946 0
14763521113223 11114 0
14763523222331 16351 0
14765231111213 9393 0
14765231111312 9669 0
14765231112131 8553 0
14765231113121 11922 0
14765231133131 15307 0
14765232211211 15662 0
14765232232322 15650 0
14765232331313 16317 0
14765233113131 15427 0
14765233323332 14956 0
15236471111111 11974 0
15236473231121 11930 0
15243671331221 12475 0
15246371331332 11384 0
15246371332331 10664 0
15246372331331 10338 0
15267431223113 12091 0
15273641112323 16471 0
15324673113311 12121 0
15342671211311 8928 0
15346271321321 12308 0
15367421211113 17597 0
15367421223113 13541 0
15367423211123 13226 0
15426371111111 16557 0
15426371112233 16350 0
15463271313113 11134 0
15624732123212 15285 0
15624732133313 13606 0
15624732333332 13080 0
15627431223113 10010 0
15627431322113 14346 0
15627431332112 11279 0
15634722123332 8869 0
15634722321233 10273 0
15637423211123 10092 0
15642371111111 10534 0
15642372213311 10252 0
15642372231332 12920 0
15642372331322 11356 0
15642373212311 13078 0
15642373221323 12201 0
15642373231223 13028 0
15643271221331 15962 0
15643271331221 13635 0
15643273223111 9054 0
15647233213232 12320 0
15672341113232 10884 0
15672341323112 11945 0
15672342323312 10557 0
15672343213232 11679 0
15672433312133 18677 0
15724362212132 12934 0
15724631111111 14428 0
15724631211311 9215 0
15724631322233 20881 0
15724632123233 11965 0
15724632313223 23227 0
15724632323231 12496 0
15724632323333 12046 0
15724633132322 11365 0
15734622331223 12665 0
15746321111111 15991 0
15746321323211 10624 0
15746322313112 10197 0
15762342122213 15399 0
15763241111111 8922 0
15763242323132 12402 0
16243571132132 9854 0
16243571231231 12841 0
16243571321321 11224 0
16245371231231 13111 0
16254733312223 15069 0
16257431132111 10734 0
16257433223123 13753 0
16273541122133 16169 0
16273541321321 12464 0
16275341312213 13693 0
16275343122221 15452 0
16327453232333 9002 0
16342571331221 12031 0
16345271111111 15094 0
16345271133131 14372 0
16345271222111 15669 0
16345272322232 9382 0
16345272333212 15500 0
16345273122323 17456 0
16345273233323 9252 0
16347252131312 11087 0
16347253121312 9595 0
16357421223113 11486 0
16374521112323 16682 0
16374523211123 16469 0
16423572112121 11508 0
16427531211311 10465 0
16427531231321 7864 0
16427532333233 17182 0
16453271111111 17688 0
16453271211113 13108 0
16453272111131 13418 0
16475233132313 17558 0
16523473332323 9029 0
16523741112212 11830 0
16524731112212 15269 0
16524731112233 12070 0
16524731113133 12705 0
16527341111111 10020 0
16527431123333 11146 0
16527431222132 9796 0
16527431312222 9544 0
16527431333213 9276 0
16527432113333 11669 0
16527432211322 10360 0
16527432231122 8591 0
16527432231332 8484 0
16527432331322 8750 0
16527432333113 9353 0
16527433312133 8678 0
16532471111222 12223 0
16534271111111 10211 0
16534271111132 8239 0
16534273211111 10090 0
16534723211123 7999 0
16537421111222 12068 0
16537421113322 11339 0
16537421113331 12222 0
16537421223113 10936 0
16537421233112 14582 0
16537421332112 10482 0
16542371221331 12648 0
16542371331221 16060 0
16542372112331 9645 0
16543271221223 14482 0
16543271223221 9510 0
16543271331332 10942 0
16543271332331 10741 0
16543272331331 9430 0
16543273221221 9972 0
16543721111111 8833 0
16543721113211 8236 0
16547233332323 10721 0
16547321113331 13961 0
16572431111111 11899 0
16572433213223 13828 0
16573241123123 9404 0
16573241312312 10619 0
16574231113133 12222 0
16723451122133 15024 0
16723451322311 15308 0
16725431121311 8992 0
16725431131211 9124 0
16725431211122 15654 0
16725431211131 11219 0
16725431311121 8144 0
16725432211121 17134 0
16725432232223 14693 0
16725433113311 15046 0
16725433122212 13443 0
16725433333232 15188 0
16735242122213 13237 0
16742352232313 10786 0
16743252323222 8882 0
16745232121313 9651 0
16745232122222 8633 0
16745233121213 9166 0
16745233333313 11110 0
16753241221112 11365 0
17246351111111 15687 0
17265433111313 13523 0
17324561211323 16131 0
17324561232332 9876 0
17326452212111 12345 0
17356241212313 10857 0
17356242211331 21974 0
17362451211311 10331 0
17362451231321 10201 0
17362452213311 8362 0
17364251231231 12563 0
17423653213232 12401 0
17425631122112 13000 0
17425631223113 12378 0
17425631313113 11799 0
17425631322113 13465 0
17425631322332 21227 0
17425631323112 13188 0
17425631323223 19411 0
17425631332112 12492 0
17426531112233 10131 0
17426531121212 12663 0
17426531132312 13257 0
17426531213123 18479 0
17426531223221 13427 0
17426531232233 9646 0
17426531313131 12227 0
17426531331332 14158 0
17426532121211 11162 0
17426532331331 14546 0
17435622211133 8582 0
17435623211123 8716 0
17436521323232 11615 0
17452363213232 11840 0
17452363322132 13889 0
17452633213232 12534 0
17453262211133 10129 0
17462352213311 9248 0
17463251122112 13223 0
17463251221331 16055 0
17463251313113 10690 0
17463251321231 12224 0
17463251323112 12553 0
17463251331221 15271 0
17526431131121 10423 0
17526431231321 8389 0
17526432123233 11110 0
17543261111111 13940 0
17543261132111 13070 0
17642531111111 16224 0
17642531112233 21337 0
17642533312211 16809 0
17643251122112 11405 0
21345671111111 11728 0
21345762223322 12782 0
21345762312323 8971 0
21345762313223 9448 0
21345763332233 14277 0
21346752313322 9202 0
21347562312323 16594 0
21354671122112 11236 0
21354671131313 13119 0
21354671221112 11207 0
21354672311123 12962 0
21354672311132 10272 0
21354672313211 26580 0
21354673131113 12290 0
21354761112233 24893 0
21354761112311 12826 0
21354761113211 12238 0
21354761113322 19869 0
21354761122211 12137 0
21354761133311 12676 0
21354762213311 20592 0
21354763312211 19118 0
21357462311111 16297 0
21357463213331 12438 0
21357642221132 17430 0
21364752311111 14989 0
21364753212212 12644 0
21365742221312 12469 0
21365742312323 14983 0
21367451311331 10522 0
21367452112112 9298 0
21374653333121 16630 0
21375462312233 13670 0
21375463333211 16039 0
21376541111123 10782 0
21376541112311 11845 0
21376541122211 10539 0
21376541131133 11575 0
21457631321123 21915 0
21473563331312 18424 0
21536742222131 23881 0
21654372231323 11697 0
21654372233321 10898 0
21654373332122 10439 0
21654373332221 11964 0
21734652123131 16341 0
23147562123131 11793 0
23147651112323 10494 0
23147652312323 8102 0
23156471222132 13339 0
23156471333132 13712 0
23156473323332 15309 0
23157461231333 16259 0
23157462131123 18335 0
23164573213133 12064 0
23164752131312 13960 0
23164753333313 13154 0
23165471111111 9638 0
23165471311133 12462 0
23165471312132 13489 0
23165472111122 12367 0
23165472111332 14266 0
23165472132332 14838 0
23165472311111 14835 0
23165473233221 22382 0
23165741112323 8854 0
23165741231312 13004 0
23165742123131 7331 0
23165742131321 12869 0
23165742131333 21547 0
23165742312323 10685 0
23165743331312 21565 0
23167541233322 12887 0
23167542131222 13895 0
23174652123131 8263 0
23175463211222 14048 0
23176452132221 15882 0
23176453332233 15470 0
23416752121211 14791 0
23417563232123 10712 0
23456173212332 10162 0
23456173233122 8888 0
23456713212332 11517 0
23475162121112 12769 0
23517462131333 15048 0
23576412233321 15621 0
23576412312323 15454 0
23657142121112 19355 0
23671452122333 20564 0
23674153232321 9267 0
23751461132123 10442 0
23751463112321 10313 0
23756143222331 13037 0
23756411222312 10487 0
23756413222112 10768 0
23756413223312 10508 0
23756413322312 10995 0
24153672321233 12203 0
24157361313212 11471 0
24157362323111 11460 0
24167353132232 18889 0
24173652323231 7990 0
24315673311311 12239 0
24315761122322 17628 0
24315762213323 11917 0
24351671212211 13521 0
24351673111133 9077 0
24351673311311 15841 0
24351761111123 14856 0
24351761212232 12413 0
24367511323112 12513 0
24367513111121 8898 0
24376512222122 15383 0
24516732233111 8618 0
24531673123121 11503 0
24536713231232 13643 0
24537613231322 17241 0
24561372111131 9079 0
24563711121212 12352 0
24563712121232 12847 0
24563713121222 17839 0
24571362221213 19102 0
24571631121212 13718 0
24615371112332 12586 0
24615372213311 14960 0
24615731122313 21682 0
24615731132333 12982 0
24615732111323 21667 0
24615732213311 10664 0
24615732233321 8976 0
24615733113323 12847 0
24615733311122 7009 0
24617532233321 14404 0
24637512311132 11617 0
24651731113223 14015 0
24651731333333 12793 0
24715363311332 13268 0
24715631111111 13781 0
24715631122121 12682 0
24715631122133 14457 0
24715632313223 19705 0
24715633112111 9343 0
24715633131131 11297 0
24716532323231 14249 0
24731561111111 17489 0
24731562311231 11435 0
24736512222332 16556 0
24751362221231 16590 0
24751362321113 17848 0
24761531221223 19120 0
24763151111111 8841 0
24765313222112 21892 0
25134672233321 21435 0
25134672312323 16905 0
25134672313211 16330 0
25137461111111 11499 0
25137461211323 10156 0
25163741112323 14281 0
25314673111313 12016 0
25314673111331 10509 0
25314673131311 10711 0
25341673113311 12036 0
25341762313223 14646 0
25364172311231 18002 0
25364173223231 9824 0
25367411211122 11482 0
25413672323111 18092 0
25413763121222 18282 0
25436711311313 12316 0
25436712123122 13971 0
25436712123332 11902 0
25436712132122 15220 0
25436712323231 14345 0
25436713232321 11504 0
25436713332122 12172 0
25463713212332 13713 0
25471362323132 8727 0
25471631312213 18511 0
25631741212121 19344 0
25634713321232 13149 0
25641371213132 17402 0
25714632123131 9802 0
25714632223331 12471 0
25714632313211 24605 0
25714633121333 15912 0
25716431212223 15446 0
25716433223213 20227 0
25731642232211 18308 0
25734162221111 11505 0
25734613113323 19288 0
25736141111123 8008 0
25736141233232 13992 0
25736411133113 12828 0
25736411231321 10246 0
25736411321312 13005 0
25736411331113 12092 0
25736413123112 14963 0
25741361232113 11702 0
25741632222323 12072 0
25741632312323 11738 0
25743611233232 19245 0
25763142223133 11169 0
25763411332322 9045 0
26135742132221 16931 0
26135742213323 8614 0
26135742332312 16292 0
26153471122121 11163 0
26153473131131 9892 0
26153473132121 14445 0
26154372332213 18693 0
26175432331133 16096 0
26317451212211 11960 0
26345711223113 10804 0
26371453112111 10143 0
26415731322323 14323 0
26415732121223 12667 0
26415732233321 20789 0
26435712222122 20471 0
26435712233321 10215 0
26435712311132 6443 0
26435712322322 21673 0
26435713311122 7800 0
26435713333133 16180 0
26437512122312 14145 0
26453172211133 11082 0
26453711333333 14004 0
26513471122121 14567 0
26517343333313 20447 0
26534713333313 18362 0
26543171111111 16943 0
26543171123111 13773 0
26547313131323 17562 0
26573413331312 14715 0
26714531212133 16474 0
26714532121133 16622 0
26715433231322 18951 0
26741351232113 14056 0
26743512121232 24657 0
27134561131133 11852 0
27154632311132 16460 0
27314652313211 16558 0
27365412321212 13362 0
27415363131113 12386 0
27415632323231 20778 0
27415633321322 15109 0
27416532133232 9689 0
27416533321232 10240 0
27435612122222 13306 0
27453161123111 12474 0
27453161132111 15091 0
27456133132223 14271 0
27516341111111 9146 0
27534161111111 8020 0
27534161111123 12644 0
27534162311111 8574 0
27534612311132 8273 0
27536412332312 17028 0
27543611111123 16767 0
27543611111132 12156 0
27546312231122 18598 0
27613543333133 19240 0
27614353311332 23857 0
27615431312333 17322 0
27615432113321 8591 0
27615433313213 13759 0
27634511131133 13886 0
27634512233321 7914 0
27643513311233 18286 0
31246753312211 9643 0
31247651113232 7607 0
31247651323232 11075 0
31256471231222 13027 0
31257462222221 18046 0
31257462312311 15839 0
31257643311122 10751 0
31264572122213 13666 0
31264573132313 12902 0
31264573222223 12283 0
31264752132122 15978 0
31264752313121 17051 0
31265471111111 13664 0
31265471122112 13529 0
31265471122133 13362 0
31265471312213 14923 0
31265471313113 12968 0
31265471321111 14979 0
31265472233321 21213 0
31265472312233 14763 0
31265741233331 13366 0
31267542222233 16616 0
31267542313133 17873 0
31275461112233 8968 0
31275461322233 8731 0
31275462133211 12874 0
31275462223211 12855 0
31275462311213 14549 0
31275462312212 14409 0
31275463311122 8635 0
31276452133322 14769 0
31276452313313 16052 0
31452671323211 10430 0
31452671332232 10551 0
31452672322331 10597 0
31456722111221 10658 0
31462751111111 16847 0
31462751113322 16268 0
31475261322233 23072 0
31475262331313 18215 0
31475262333221 13620 0
31524673332122 10885 0
31527643332122 14085 0
31564272212111 12033 0
31564272213311 12005 0
31564273113311 13721 0
31572461122133 9109 0
31624751112233 15735 0
31624753312211 15570 0
31627452221333 14835 0
31654272313322 15281 0
31754621331122 22428 0
31765242322121 21917 0
32145671111111 21656 0
32145671123333 13971 0
32145671132222 13980 0
32145671221112 15948 0
32145671333333 16907 0
32145672113333 16288 0
32145672212222 14209 0
32145673112222 14171 0
32145673311113 16179 0
32146751232323 12010 0
32146752232223 10524 0
32147562313223 10564 0
32147562333233 17283 0
32147651123333 9099 0
32147651132222 8510 0
32147651213333 10167 0
32147651312222 9219 0
32147652113333 8762 0
32147652231332 8955 0
32147652233213 10271 0
32147652331322 9439 0
32147652332213 9084 0
32147653112222 8270 0
32156471111111 9236 0
32156471113211 14314 0
32156471232332 23248 0
32156472312332 12379 0
32156472332132 12066 0
32156472332321 20758 0
32156472333332 11849 0
32156473223123 11394 0
32156741112323 10829 0
32156742311123 12567 0
32156742313223 9681 0
32156742333131 16015 0
32157641232323 11618 0
32157642231323 11959 0
32164571111111 14746 0
32164571111231 15654 0
32164571232323 11871 0
32164572232223 12127 0
32164572232313 12538 0
32164572233321 20379 0
32164572312323 21074 0
32164573323212 12778 0
32165741111111 9359 0
32165741111132 13663 0
32165741233223 19731 0
32165742211112 12558 0
32165742331112 14482 0
32165743311131 11180 0
32167451111111 14850 0
32167451213333 15003 0
32167451222222 15511 0
32167451312222 14524 0
32167451333111 14067 0
32167452211121 15469 0
32167453222313 15174 0
32167453313333 13286 0
32167453321232 14914 0
32174561112323 9059 0
32174561232113 9986 0
32174561232233 11420 0
32174562231212 12607 0
32174652312332 11149 0
32174652332132 11166 0
32175461111111 15034 0
32175461113112 9310 0
32175461221112 12113 0
32175461333111 11093 0
32175462233111 13866 0
32175462312323 19280 0
32416753121222 18224 0
32417562113321 15513 0
32417652132131 13554 0
32417653132121 14107 0
32451762331121 10095 0
32456173212332 12685 0
32456711233133 24456 0
32465172112121 11921 0
32465172132131 13152 0
32465172133121 13132 0
32465172332321 20909 0
32465173123121 11879 0
32465173132121 13711 0
32465173133111 12569 0
32465173233221 21197 0
32475161232323 14273 0
32475163331222 13346 0
32476513232231 11372 0
32517463131311 13916 0
32546713323212 12456 0
32547611121113 11481 0
32547611131112 9620 0
32547611213111 10291 0
32547611312111 11957 0
32547612111311 11997 0
32547613111211 9367 0
32561471113133 17158 0
32561471121311 8204 0
32561471122211 17355 0
32561471131211 8899 0
32561471211131 14252 0
32561471311121 11127 0
32561472133313 15527 0
32561472213122 13765 0
32561473222223 16179 0
32561473323212 16387 0
32567412122222 12047 0
32567412131312 9887 0
32567412222212 9397 0
32567413131212 9343 0
32567413133333 9245 0
32576142313223 16222 0
32615473332122 13830 0
32647152133121 12143 0
32647153132121 16895 0
32647512333233 19143 0
32657143121213 18186 0
32657412111212 24626 0
32671453123313 17469 0
32674152113333 18569 0
32714652332132 12436 0
32716452123212 14933 0
32741651121311 11965 0
32741651131211 9347 0
32741651211131 11935 0
32741651311121 10266 0
32741652111113 9743 0
32741653111112 11593 0
32745611223332 15001 0
32745612313322 15139 0
32745612322331 15097 0
32751643321232 19263 0
32754163211123 15340 0
32756141233121 19382 0
32761452121313 8537 0
32761452122222 9497 0
32761452222212 8714 0
32761453121312 11433 0
32761453133333 12059 0
32765411112221 16707 0
32765411121113 10399 0
32765411131112 8157 0
32765411133113 15316 0
32765411331113 15330 0
32765412221312 17216 0
32765412323222 9160 0
32765413122212 13715 0
32765413223312 14730 0
32765413231223 14766 0
32765413322312 14779 0
34125672131213 9190 0
34125672131312 9534 0
34125672221222 8654 0
34125673133333 11204 0
34127651121113 9002 0
34127651131112 8985 0
34127651213111 9619 0
34127651312111 9618 0
34127652111311 9332 0
34127653111211 8948 0
34162752132212 24106 0
34165271112212 17059 0
34165271121311 9552 0
34165271131211 9276 0
34165271211131 11797 0
34165271311121 8429 0
34165271311133 15303 0
34165272323333 14973 0
34165273133312 16196 0
34165273222322 15044 0
34165273311131 15188 0
34167252213323 15441 0
34172562132332 16733 0
34172562313331 16613 0
34175263321232 13507 0
34216572213122 18574 0
34261572132131 9655 0
34261572133121 11777 0
34261573123121 10611 0
34265712212132 16086 0
34275161312213 13518 0
34275162112322 14629 0
34275162213221 15863 0
34516271111111 10430 0
34516272312332 13636 0
34516722313223 9175 0
34517622231323 11989 0
34521672223232 8979 0
34526713232312 8463 0
34527612211322 14470 0
34527612231122 14873 0
34527612231332 14401 0
34527612331322 14645 0
34527613312133 10146 0
34561272122123 9711 0
34561272122321 9600 0
34561272212213 9349 0
34561272213122 8772 0
34561272232211 10035 0
34561273221233 8562 0
34561273233131 9038 0
34561273311233 9295 0
34561273313321 12013 0
34561273321133 9457 0
34561273321223 8223 0
34561721111111 11632 0
34562171321111 10007 0
34562171321231 10284 0
34562172232313 10779 0
34567212223232 8807 0
34617252111212 12114 0
34617252123212 12736 0
34617252132212 12941 0
34617522221333 13608 0
34621572132131 11463 0
34625172111212 13336 0
34627512232313 9015 0
34651271123111 8804 0
34651272332132 12500 0
34675212222122 21805 0
34715262221123 16059 0
34716522223211 17033 0
34721652121313 10009 0
34721652131213 9464 0
34721652221222 9375 0
34721652222212 11952 0
34721653333313 9148 0
34725611212211 15922 0
34725612111113 8062 0
34725612121322 17194 0
34725612231212 13699 0
34725612231332 14897 0
34725612322232 9131 0
34725612331322 14857 0
34725613111112 10304 0
34725613111133 15236 0
34725613132223 14666 0
34725613311113 15224 0
34761252323222 8708 0
35126741232212 16354 0
35126742231233 16501 0
35127462331331 18355 0
35162472122231 14859 0
35162472123233 12283 0
35162473122221 14060 0
35162473323131 13658 0
35162473332122 11622 0
35162473332131 13740 0
35162742213323 14128 0
35167242132212 19000 0
35172461232323 14717 0
35174262213131 16107 0
35174262231113 17255 0
35246171111111 15939 0
35246171113322 15598 0
35246172213311 15946 0
35267141223233 10984 0
35267141321132 18258 0
35271461322233 14613 0
35416721113112 10243 0
35416723232213 10111 0
35417622223133 12508 0
35426712131132 14814 0
35426712311312 13905 0
35426713111313 11995 0
35426713131113 10922 0
35426713312211 9299 0
35461271111231 10996 0
35461271321231 9972 0
35461272222323 16370 0
35462171131313 11693 0
35462171212121 11828 0
35462171221223 11972 0
35462171332331 14209 0
35462172213311 8110 0
35462172223331 12419 0
35462172312131 14028 0
35462173123211 13669 0
35462173131311 12165 0
35462173221221 12655 0
35462712322322 17126 0
35472163222313 8826 0
35472163231322 14854 0
35476122221111 11779 0
35614722321233 11635 0
35617423131332 13907 0
35624712121232 10637 0
35624712321212 11114 0
35624712321332 10893 0
35624712331232 10609 0
35714623111322 24574 0
35721642221213 24529 0
35762142222113 16437 0
36125471111333 16706 0
36125471212112 17232 0
36125471213111 8246 0
36125471222111 15746 0
36125471312111 11317 0
36125472111311 9089 0
36125472121223 13325 0
36125473111211 9221 0
36125473232222 14793 0
36125473323233 16852 0
36125743222331 18834 0
36127451333222 14770 0
36145272122222 9208 0
36145272131213 9414 0
36145272131312 9812 0
36145273333313 9752 0
36147251121311 9375 0
36147251131211 10041 0
36147251211131 10143 0
36147251311121 9967 0
36147252111113 10211 0
36147253111112 9898 0
36152741231312 15538 0
36152742131321 20252 0
36172452133133 15235 0
36217452131333 20846 0
36217541223311 10225 0
36217543213112 13371 0
36241573212332 12050 0
36241753212311 8310 0
36415272123212 24620 0
36417522123311 15435 0
36514272212111 17326 0
36521472113321 15164 0
36521472331121 15679 0
36527411131133 15433 0
36527412111113 9143 0
36527412131222 13312 0
36527412211322 14091 0
36527412221312 13203 0
36527412231122 14167 0
36527412322232 8175 0
36527413111112 9690 0
36527413311311 14929 0
36541272323222 9283 0
36542712121322 14808 0
36547212121313 11467 0
36547212122222 8804 0
36547212131312 8632 0
36547212221222 9596 0
36547213331333 11938 0
36712542121112 10587 0
36712542121121 10610 0
36712542121211 10866 0
36712542122111 11091 0
36714252232223 8586 0
36714521232113 9422 0
36714522121322 14721 0
36714522122213 13810 0
36714523132223 11972 0
36714523132322 12075 0
36721451131331 16031 0
36721452121322 13177 0
36721452122123 14145 0
36721452122213 13296 0
36721452122321 14067 0
36721452131111 9811 0
36721452223232 8077 0
36721453113113 17477 0
36721453121111 9265 0
36725411121212 11669 0
36725411131313 11773 0
36725411212121 12745 0
36725411313131 11685 0
36725412111212 12427 0
36725412121112 11510 0
36725412121211 12555 0
36725412121232 11797 0
36725412123212 12843 0
36725412321212 12905 0
36725413111313 13842 0
36725413131113 12519 0
36725413131311 14667 0
36741252122123 14851 0
36741252122321 14444 0
36741252122333 14621 0
36741252123323 14382 0
36741253233131 10119 0
36745211211221 15062 0
36745212121223 13597 0
36745212122312 17102 0
36745212122333 14828 0
36745212123323 14883 0
36745212131111 10426 0
36745212223232 9033 0
36745213121111 8184 0
36745213131131 15341 0
36745213133111 15350 0
36745213232213 14787 0
36751243222322 8930 0
36752142122132 13027 0
36752142123221 14985 0
36752143132232 11983 0
36752143133222 12714 0
36752143211132 10344 0
36754123232222 14557 0
37246511112233 15371 0
37256142321233 11609 0
37415622333221 12770 0
37426513132313 14580 0
37452162323312 10965 0
37516422333311 14148 0
37561241311112 8723 0
37612453122233 14944 0
37612542221111 13124 0
37614252221123 13536 0
37614521111111 14463 0
37614521323232 11629 0
37614522111221 12017 0
37614522113321 13945 0
37614522313322 15342 0
37614522323312 12155 0
37614523232213 12429 0
37615421113322 10189 0
37615422211133 7534 0
37615422223133 7694 0
37615422313121 20593 0
37615422313331 21647 0
37615423121132 16297 0
37624152311213 16930 0
37624511232233 10364 0
37624512121322 14869 0
37624512231212 12911 0
37624513131323 12808 0
37624513231313 12074 0
37641252222323 17223 0
37642152213311 8253 0
37642513122221 19406 0
37645122312221 13849 0
37651242211133 12688 0
37651422312311 14268 0
37652141113232 8030 0
37652143231322 14005 0
37654212311222 16530 0
41236753232321 11154 0
41237561313131 17441 0
41263751312222 18216 0
41325671212211 13209 0
41325762313223 19679 0
41325763131233 13000 0
41352671212112 10435 0
41352671212121 10764 0
41352671222111 11478 0
41357622313112 10738 0
41367253111133 11495 0
41532672313211 15793 0
41532761233133 16138 0
41563273113311 12051 0
41576322212222 13858 0
41625372313211 13577 0
41625373121213 13092 0
41625731222231 14164 0
41635721212121 18247 0
41657321222312 18543 0
41673252212222 19080 0
41673521111111 8838 0
41723562313211 14515 0
41725361232113 6842 0
41725361321213 14392 0
41725362221213 14457 0
41725362313211 8631 0
41725362313223 8952 0
41725363121222 12777 0
41725363121231 12830 0
41725631111111 9288 0
41725631211122 12014 0
41725632322331 19257 0
41725633111133 10994 0
41725633121123 13841 0
41725633211111 14943 0
41726352313322 9082 0
41726532312233 14617 0
41735261323313 18406 0
41735262312233 13491 0
41735263123223 15407 0
41735621233232 13466 0
41735622313322 14180 0
41736521233232 14762 0
41736522332231 8951 0
41752631222123 12730 0
41752632311123 11392 0
41752632312323 10109 0
41752632313211 26495 0
41756231321213 16705 0
41756233121231 16731 0
41762532221333 17164 0
41762533123331 16008 0
41765231233232 13414 0
41765322221312 18343 0
41765322313211 22974 0
41765323122212 13595 0
42136752131312 18530 0
42137561123333 18246 0
42137653122131 12223 0
42137653132121 14453 0
42157633231322 12336 0
42163751121212 24313 0
42165373223123 10575 0
42167532131333 17572 0
42315673112111 9720 0
42351671212211 12572 0
42351763231133 16479 0
42367153111121 13839 0
42367153211123 13188 0
42516372233111 10288 0
42561733323122 14033 0
42573612323231 7701 0
42573613322231 11168 0
42613572313211 14543 0
42615371313332 12759 0
42615372213311 8953 0
42615372221213 14176 0
42615372313211 9358 0
42651372213311 16574 0
42651733311122 11926 0
42673512232133 11680 0
42751632321233 17403 0
42751632323231 10686 0
43126572133313 15166 0
43167251232212 23891 0
43176252123131 16807 0
43176252311132 21054 0
43216573132121 11835 0
43216573132223 10258 0
43216573212311 12345 0
43216573212332 15834 0
43512671313332 17250 0
43527612312323 8327 0
43561271111111 9762 0
43571262122222 18096 0
43572161111111 11032 0
43572612312323 9663 0
43576211123222 15996 0
43576212112232 17147 0
43615271333312 12985 0
43615272113321 11889 0
43617521223221 18401 0
43621752213323 14949 0
43651722323132 10830 0
43675122222122 13890 0
43675211221331 13387 0
43721653231313 13890 0
43751623123313 15628 0
43765212222122 15969 0
45167323322231 13969 0
45176231131313 10492 0
45176231133113 12054 0
45176231331113 10740 0
45176233131113 10582 0
45176321131133 12053 0
45213672221123 16378 0
45273162222122 17320 0
45276131131133 12127 0
45312671222312 12120 0
45312672223331 12178 0
45312672233321 9134 0
45312672313211 24564 0
45312673132313 19755 0
45312673222112 12194 0
45312673231313 19748 0
45312761113211 11851 0
45312761133311 10356 0
45312762221111 15854 0
45312762311111 12369 0
45321671212211 12945 0
45321671221121 9733 0
45321673113311 11317 0
45327612222323 12072 0
45362712122222 18449 0
45367122223133 10979 0
45367211111132 11657 0
45367211211122 9757 0
45367213111133 10706 0
45376121131133 11809 0
45376121331311 13790 0
45376211333123 12922 0
45376213131323 19991 0
45376213333322 13765 0
45612371133221 19852 0
45612372331121 24871 0
45612373112231 20495 0
45612373132121 12214 0
45612373132223 12577 0
45612373322111 19016 0
45612373332122 12117 0
45612373332221 12945 0
45613271331221 12384 0
45613272233111 14758 0
45621373123331 12342 0
45621373211111 16270 0
45621732212123 18311 0
45621732233333 16239 0
45623712332123 11411 0
45623713322321 10015 0
45637123132121 12593 0
45637123332122 15075 0
45671231132231 11089 0
45671233112132 11347 0
45673212212132 17754 0
45673213211222 16497 0
45713623223132 14213 0
45721363321313 15733 0
45721363322231 18168 0
45732612233321 15244 0
45736121122211 11084 0
46123571111111 10833 0
46123573232123 13771 0
46125731333123 19284 0
46127351131313 12510 0
46127352131333 12754 0
46127353131323 12955 0
46135272133313 13409 0
46153273131131 12116 0
46157233333232 8799 0
46157321331233 12485 0
46215372121223 13120 0
46215372313211 19578 0
46257132211133 10874 0
46257313312211 14633 0
46273512122312 15852 0
46273513221212 18138 0
46275311123222 12899 0
46275312112232 14577 0
46275312132212 14293 0
46275312232133 7324 0
46275312313211 8857 0
46275313121222 12738 0
46275313312211 8747 0
46321752111131 10953 0
46352171211233 10522 0
46352172113231 10451 0
46372511221331 13054 0
46375211211332 21241 0
46375212113111 13698 0
46375212132131 12985 0
46375212132221 14806 0
46375212332222 14786 0
46375213112111 14858 0
46375213123121 13553 0
46375213333121 13241 0
46512371331221 13876 0
46512372113321 14148 0
46513272332111 13564 0
46513273113221 8831 0
46523711331332 20948 0
46527133111121 11423 0
46572311223122 15377 0
46572312132122 13053 0
46721533123313 18251 0
47123562232133 11707 0
47123651233232 11742 0
47126351233232 12589 0
47126532133133 21069 0
47132562311111 7804 0
47132563222331 11648 0
47132652233321 8375 0
47135622132332 13474 0
47136252133112 15773 0
47152361233232 12014 0
47152631322131 17304 0
47156231332313 13261 0
47156233211132 9216 0
47156233223312 15159 0
47156233233113 14163 0
47156233322312 12522 0
47156321111111 9337 0
47156321133311 12723 0
47156322132311 13541 0
47156322313232 15254 0
47156322332132 11674 0
47156322332312 14436 0
47156323223123 12227 0
47162351322122 13003 0
47163522131222 18287 0
47165321232113 7317 0
47165321322131 12480 0
47165322132212 14082 0
47165322133112 12919 0
47165322232133 6893 0
47165322313211 9475 0
47216352131333 16043 0
47251363131113 17416 0
47251632131312 18141 0
47256133212311 7704 0
47256133321232 11546 0
47265312122222 13316 0
47265312131312 13770 0
47265312313211 13392 0
47321651311133 10774 0
47352612123131 15693 0
47352612311132 16042 0
47352612313211 16047 0
47512632312323 16650 0
47621532232331 10331 0
47621533231121 12391 0
47632152233321 12775 0
47632153212311 8686 0
47632153232321 8144 0
47632513212332 11628 0
47652132231323 11977 0
47653213211231 22008 0
47653213232111 10251 0
51264731113322 16786 0
51264732213311 21030 0
51267342312233 18988 0
51324671211122 9669 0
51324672212111 12532 0
51324673113311 15942 0
51324761111123 14248 0
51324763113332 13890 0
51342672212111 13436 0
51342763312223 10316 0
51367241211113 9177 0
51423671221331 14056 0
51426731111111 16471 0
51426733312211 15893 0
51472361131313 13946 0
51472633331312 14458 0
51623471321111 10117 0
51623743313321 20548 0
51624731312123 15779 0
51624733323113 15596 0
51632741323232 9256 0
51642371122313 16532 0
51642731113322 8251 0
51647231113232 8110 0
51723643131311 17581 0
51724362122222 13713 0
51724363121213 13351 0
51726433123313 15141 0
51732643121213 18468 0
51742632323231 11269 0
51742632323333 11153 0
52134761232113 16746 0
52147631121311 9107 0
52147631131211 9200 0
52147631211131 9054 0
52147631311121 9500 0
52147632111113 11451 0
52147633111112 8838 0
52163471112122 16058 0
52163471213111 11076 0
52163471312111 11112 0
52163471333123 14700 0
52163472111311 10341 0
52163472131222 17023 0
52163473111211 8309 0
52163473111331 15055 0
52163473221323 15811 0
52163473323332 17051 0
52167342121232 13737 0
52167432121313 11626 0
52167432122222 11420 0
52167432131213 11121 0
52167433133333 8868 0
52167433331333 11000 0
52174633223123 11315 0
52314673311311 11906 0
52314761322122 17275 0
52341671111111 21814 0
52341671122211 14450 0
52341671311313 16126 0
52341672211112 17584 0
52341672232313 15871 0
52341672323222 9027 0
52341672323312 20749 0
52341673133111 15601 0
52341673232213 15842 0
52341673232333 8244 0
52341673323212 17480 0
52361472121313 10995 0
52361472131312 9500 0
52367142211121 11522 0
52367412322232 9001 0
52374161112323 15808 0
52376413222223 10904 0
52463173212332 15966 0
52463713212332 12015 0
52471631223113 13663 0
52471631323112 13483 0
52614372313211 9109 0
52641733212311 8221 0
52641733232321 10395 0
52673413232123 13959 0
52713461232323 8207 0
52714361232113 9545 0
52714633213223 12127 0
52714633223123 10427 0
52731641233112 16865 0
52731641323112 12045 0
52736141322233 8158 0
52741362313211 11188 0
52741362313223 7722 0
52741632122333 9557 0
52741632123323 9074 0
52741632212213 9082 0
52741632212231 8881 0
52741632232211 8734 0
52741633221233 8984 0
52741633313312 8423 0
52741633313321 9340 0
52741633321223 10177 0
52741633323311 8578 0
52743611111213 9253 0
52743611111312 11872 0
52743611112131 10174 0
52743611113121 11838 0
52743612131111 11570 0
52743613121111 9727 0
52761431111213 9952 0
52761431111312 9288 0
52761431112131 9865 0
52761431113121 10041 0
52761432131111 9874 0
52761433121111 10188 0
52763143222331 17134 0
52763411222312 14341 0
52763411333123 10024 0
52763413222112 14754 0
52763413223312 14521 0
52763413322312 14280 0
53126471231231 12805 0
53126471231321 12164 0
53126471321321 15365 0
53146272123233 11254 0
53147262123131 14055 0
53162743312223 8649 0
53274163211222 16162 0
53421671321111 8930 0
53421671321231 8338 0
53426171112233 7884 0
53462711113322 9187 0
53467211321111 11732 0
53476121323112 14147 0
53476121323322 13537 0
53614721212121 14772 0
53621471331221 11934 0
53642171111111 16454 0
53672142221213 23759 0
53714622233111 18127 0
53721463223312 20972 0
53724612121112 14907 0
53726143333121 13068 0
53741621323112 13453 0
53741621332112 14084 0
53742612323333 12336 0
53761242121211 12096 0
53761242221213 13081 0
53761242321212 12054 0
53762143222331 13660 0
53762413322123 8567 0
54123673233323 10600 0
54126371331221 12317 0
54127632131213 10631 0
54127632222212 11687 0
54127633131212 9537 0
54127633133333 10541 0
54127633333313 9515 0
54163271133221 17676 0
54163272233111 16692 0
54167231121113 9592 0
54167231131112 9394 0
54167231221211 16280 0
54167231333213 14448 0
54167232112112 15921 0
54167232133313 16167 0
54167232333113 14008 0
54167233232333 10030 0
54167233331213 13587 0
54172633132313 13863 0
54217362233213 18192 0
54217632132212 24212 0
54231671123111 13958 0
54231673123121 13171 0
54261373123121 11478 0
54261732231233 23869 0
54276132233312 15573 0
54312671131331 8735 0
54312672212111 11719 0
54312673311311 14604 0
54317261113112 9861 0
54317621111222 17528 0
54321672212213 10074 0
54321672212231 9607 0
54321672232211 14587 0
54321673313312 9534 0
54321673313321 10840 0
54321673323311 11036 0
54321761211221 8712 0
54321763113113 13443 0
54326171111231 10310 0
54326171112233 10181 0
54326171321231 8343 0
54326711112212 17423 0
54327612223232 9310 0
54361272223232 9690 0
54362171113133 12543 0
54362711111231 10524 0
54362711323112 13652 0
54367121112212 15175 0
54367121113211 12120 0
54367121113331 15960 0
54367122211121 13200 0
54367122311111 12453 0
54367123311113 10664 0
54367211132222 9233 0
54367211213333 11893 0
54367211222132 8774 0
54367211333213 9077 0
54367212211322 9702 0
54367212231122 9803 0
54367212233213 8979 0
54367212332213 9098 0
54367212333113 8927 0
54367213112222 9908 0
54367213312133 9137 0
54371261113331 12150 0
54371621113112 10549 0
54371621113322 9761 0
54376121322233 9239 0
54376211111132 11888 0
54376211111222 11921 0
54376211113133 13609 0
54612371112311 14961 0
54612372222131 12549 0
54612732112223 15714 0
54612733322213 15484 0
54621371133311 10639 0
54621372211121 9425 0
54637211132111 8817 0
54671232221213 18786 0
54712361323313 17168 0
54712362223322 15881 0
54716232222113 24229 0
54716321112323 16969 0
54716322313223 16388 0
54721631111111 14971 0
54721631122121 15588 0
54721631311133 14180 0
54721632133232 15980 0
54721632212222 15490 0
54721632212231 14499 0
54721633231322 15214 0
54721633313321 14976 0
54721633333331 13186 0
54723612131312 11337 0
54723612221222 8831 0
54723612222212 9613 0
54723613121312 8656 0
54723613333313 12038 0
54761233322321 15592 0
54763212322232 8824 0
56123471222312 9243 0
56123471223221 9566 0
56123471331332 11694 0
56123471333123 8866 0
56123472322121 9896 0
56123472331331 11172 0
56123473133132 9455 0
56123473133231 9378 0
56123473222112 8320 0
56123473223312 8149 0
56123473322312 8546 0
56124371111231 11996 0
56124371232323 13841 0
56127433332323 9997 0
56132472333332 11130 0
56132473211111 8488 0
56132473213211 10515 0
56143273332323 12135 0
56147231222132 10047 0
56147231333213 10024 0
56147232233213 14663 0
56147232332213 10015 0
56147232333113 10421 0
56147322333233 11747 0
56173421113112 11231 0
56174232323333 8829 0
56174321232113 8139 0
56213471111111 10923 0
56213743313333 15070 0
56243173133111 10888 0
56243713121333 13796 0
56247132333233 11720 0
56271433111313 13379 0
56271433123313 13301 0
56271433132313 14055 0
56274132331133 12490 0
56274312313211 8983 0
56321473233323 8907 0
56321742211112 14447 0
56324171221331 12326 0
56327411211332 15317 0
56327413213112 14980 0
56341273121213 11893 0
56341273131212 9558 0
56347122333233 12525 0
56347211213111 11229 0
56347211222132 13789 0
56347211312111 14352 0
56347211331131 15080 0
56347212111221 17455 0
56347212111311 8301 0
56347212123233 16274 0
56347212232223 16057 0
56347213111211 8996 0
56347213131332 15554 0
56423171231231 12173 0
56423171231321 11438 0
56423171321321 12314 0
56423172112121 10820 0
56423173132121 14677 0
56423173133111 10362 0
56432713122122 14643 0
56712341232113 15551 0
56712343211123 15713 0
56721343123331 14821 0
56721432312233 16800 0
56723411113313 15310 0
56723411121113 9792 0
56723411131112 9238 0
56723411222312 13967 0
56723412122312 13079 0
56723412323222 8204 0
56723413221212 13194 0
56723413222112 14048 0
56723413331111 14861 0
56732143122113 17048 0
56741231121311 9454 0
56741231131211 9072 0
56741231211131 9742 0
56741231311121 9740 0
56741232111113 8963 0
56741233111112 8983 0
56743212122222 9278 0
56743212221222 12071 0
56743213121213 9443 0
56743213121312 9982 0
56743213331333 9267 0
57123461111111 11524 0
57164322131312 13484 0
57214361323232 11135 0
57214632212213 18655 0
57236141113232 12745 0
57236141322233 8671 0
57236141323232 8128 0
57241631322113 14438 0
57241631323112 12122 0
57246131112233 8352 0
57264132111323 15665 0
57321641311112 16969 0
57321642311132 13882 0
57364212213311 10164 0
57364212313211 10109 0
57364213332122 10803 0
57642311113322 16315 0
61234572231323 11720 0
61234573232213 13913 0
61235741313131 14402 0
61257343232123 8821 0
61274351313131 13972 0
61274532231323 12032 0
61352472233321 16446 0
61352472313211 16656 0
61452731311313 12156 0
61453721111111 14677 0
61453721311112 14444 0
61453723111121 15604 0
61472532123332 11588 0
61472533112111 10105 0
61527431111111 11129 0
61534272311132 9134 0
61534721112311 14258 0
61534721113211 13435 0
61543271111111 10450 0
61543271112311 9665 0
61572432312323 8120 0
61734523222331 11765 0
62134572321323 12554 0
62135471122121 12377 0
62135472132131 11897 0
62135473122131 13213 0
62135473123121 13103 0
62135473131131 12256 0
62135473132121 13562 0
62135473232231 19503 0
62135473322321 21326 0
62135743222331 15208 0
62135743312223 20655 0
62147353123121 13582 0
62147353132121 13678 0
62154733321121 10770 0
62157342132212 18608 0
62173543232132 11202 0
62174351122133 14341 0
62174533311212 17085 0
62317453112111 8956 0
62317453312211 8362 0
62351743112123 18809 0
62371453311311 14081 0
62374511322311 11673 0
62374513112321 11769 0
62374513312112 10371 0
62435172211133 8375 0
62435172311132 8239 0
62435711222222 12792 0
62453713311122 13603 0
62471532232133 9866 0
62475131322323 15935 0
62531472321233 12500 0
62543711211113 13987 0
62543711311112 13569 0
62571432321233 11727 0
62735143223213 16562 0
63125741112323 20668 0
63125743131233 12758 0
63125743133312 14342 0
63142571111111 11009 0
63142571132321 23980 0
63142573112123 23861 0
63172452312323 15993 0
63172452313211 16575 0
63174522332132 12260 0
63247511123132 11411 0
63251743133231 18382 0
63452711311313 10131 0
63452712333221 10343 0
63471522123131 15699 0
63471522323132 14700 0
63471522332132 14539 0
63472512123332 10545 0
63512743313333 14675 0
63541271212211 17430 0
63542713121333 18252 0
63574212123131 16361 0
63574212313211 16946 0
63712542221111 11619 0
63714252123131 9075 0
63714521112323 10363 0
63714522332132 10014 0
63721541233322 14024 0
63724153121213 15976 0
63725141112323 10088 0
63725141233121 16282 0
63725142123131 8871 0
63725142223133 8118 0
63725143122113 20567 0
63725143123313 21551 0
63741252222323 11896 0
63741522123131 9891 0
63742511232221 24558 0
63745123122212 12670 0
63751242221321 13726 0
63751423122311 15410 0
63752141111111 11603 0
63752141122211 12051 0
63752141123213 15314 0
63752142332132 12414 0
63752143123223 13845 0
63752143212323 14442 0
63752143223123 12001 0
63752411223212 14848 0
63752411333213 19335 0
63752412312323 9398 0
63752412322112 13934 0
63752412333113 19404 0
63754213122122 17149 0
64125371131313 17577 0
64157321133212 16499 0
64231572311132 9976 0
64257131113223 18264 0
64271533221212 13871 0
64275131212223 14209 0
64275131312123 12898 0
64275132211133 8840 0
64275132232133 7942 0
64275133231112 12451 0
64275133312211 9586 0
64275311112332 18315 0
64275311222222 13501 0
64275313312211 23092 0
64321572111131 17712 0
64321572132131 13209 0
64321572311132 13520 0
64325713121222 24495 0
64351272132131 11234 0
64357212313211 11095 0
64357213231322 16252 0
64357213312211 9852 0
64531271212211 15295 0
64531272132131 10571 0
64531273122131 12578 0
64531273123121 13105 0
64531273311311 16077 0
64531273312211 12239 0
64572131122223 15251 0
64713253112111 11760 0
65123471112311 7960 0
65123471233232 17279 0
65123472312311 10564 0
65132471212112 14425 0
65132471222111 14042 0
65132471231321 9665 0
65132471323121 13278 0
65132472131231 18499 0
65132472212231 19944 0
65132472233321 10224 0
65132473111331 13308 0
65132473313312 11115 0
65132473323311 11349 0
65132741223323 9789 0
65132743222331 10251 0
65134721233232 12046 0
65147321232113 12773 0
65172431132333 15744 0
65174232123131 8082 0
65174232133313 12885 0
65174232323312 12829 0
65174233323212 13099 0
65174233331213 13368 0
65174322313211 10210 0
65174323223123 11607 0
65213741111111 10803 0
65241371111111 12512 0
65243712121322 15604 0
65271341332331 18519 0
65271432231233 12390 0
65274131111111 15229 0
65274131311313 11650 0
65274131312213 14553 0
65274132123332 12207 0
65274133132223 12852 0
65274133232321 9320 0
65274133312223 13516 0
65314272311132 16201 0
65314272313211 16625 0
65321472111122 11393 0
65417321232113 14562 0
65417323223123 15722 0
65417323232123 14586 0
65423713321322 15312 0
65432173232321 11499 0
65471231132213 16476 0
65714323223123 10649 0
65723143321313 14239 0
65732411333123 14462 0
65742311212313 11845 0
67132541133311 14156 0
67145323133312 15814 0
67154233323332 10663 0
67215343333133 12630 0
67231541323112 14978 0
67231543323122 12572 0
67234513332122 11065 0
67245131313323 14594 0
67245311112311 14298 0
67245311133233 13450 0
67254311131133 14877 0
67254313311113 8920 0
67312452233321 7982 0
67312541121221 8765 0
67312542221111 10254 0
67321451111123 14707 0
67321451112311 11458 0
67321451212211 12184 0
67321451311133 10466 0
67321452111122 10916 0
67321453113311 12334 0
67321542232133 10110 0
67341252222323 16060 0
67342512222113 12563 0
67345122223133 8675 0
67345122232133 8169 0
67345211111123 13731 0
67345211111132 13012 0
67345211112233 21294 0
67345211113322 21003 0
67345211211122 13172 0
67345211311133 12671 0
67345212111122 12025 0
67345213111133 11899 0
67354121111111 11595 0
67354211212121 14308 0
67354211313113 19184 0
67354211333111 19075 0
67354212111221 13054 0
67354212212222 13906 0
67354212311132 7993 0
67354213111313 12750 0
67354213131311 12062 0
67354213211132 12446 0
67354213313333 13552 0
67412353132121 13548 0
67412353332221 14239 0
67412531131133 12025 0
67435121332112 11435 0
67435123123121 11579 0
67452313321232 11658 0
71234563231322 12103 0
71263541333222 22314 0
71263542323123 23853 0
71264533131323 12036 0
71264533221323 10571 0
71264533231223 10471 0
71264533231313 10719 0
71326451211311 12022 0
71326453132121 13727 0
71326543333313 18576 0
71345262132131 14447 0
71362453113311 12342 0
71365423331312 17465 0
71423563213232 12514 0
71423653213232 11631 0
71426353312211 8019 0
71426533333223 15867 0
71432561232323 15130 0
71432561323232 9226 0
71432562111221 12103 0
71432563232213 11554 0
71432563323113 13420 0
71432563323122 12825 0
71432563332113 14532 0
71435261322233 9570 0
71435262222122 12355 0
71435263211123 7507 0
71435263311122 8084 0
71435263333133 12801 0
71435263333223 14182 0
71435623333331 15921 0
71436253333112 18662 0
71452363213232 11938 0
71452632222131 16990 0
71453262222221 13996 0
71453623311122 13573 0
71456321322323 10227 0
71456322111221 11489 0
71462531113322 8192 0
71462532111212 11293 0
71462532121112 12480 0
71462533111223 13006 0
71462533221113 13492 0
71463523331222 16381 0
71523463131311 13257 0
71523463231313 14112 0
71523463331312 13227 0
71532463221332 12609 0
71534262122222 15393 0
71542633132322 11213 0
71543622111131 13602 0
71543623111121 13559 0
71546233331213 13764 0
71546322231212 14437 0
71562433123232 8734 0
71563243221221 18908 0
71625433213133 16080 0
71643252231212 13620 0
71643523331213 18636 0
72134562312212 17186 0
72136541322233 16341 0
72143563222331 12360 0
72143651121113 8862 0
72143651131112 11483 0
72143651213111 9386 0
72143651312111 8940 0
72143652111311 8988 0
72143653111211 9079 0
72145631233223 15034 0
72145633232231 15163 0
72145633312223 18728 0
72146352232223 11336 0
72163452122222 11782 0
72163453121213 9420 0
72163453131212 10504 0
72163453133333 9607 0
72163453331333 10412 0
72164353131113 13886 0
72165431113331 15255 0
72165432111113 8969 0
72165432111122 20479 0
72165432211112 17320 0
72165432323312 15121 0
72165433111112 8169 0
72165433121333 15602 0
72165433221233 14344 0
72165433233323 9255 0
72165433321223 13778 0
72165433331213 13268 0
72345611111111 21748 0
72345611133113 16279 0
72345611221223 14047 0
72345611222222 14223 0
72345611331332 16174 0
72345612122111 16047 0
72345612331331 13845 0
72345613221221 13866 0
72345613333331 16793 0
72356141112323 16348 0
72356141232113 16928 0
72356143211123 21453 0
72361453232333 10702 0
72361542333233 12303 0
72365412222212 8533 0
72365413121312 9626 0
72365413131212 9071 0
72365413331333 11224 0
72435163333313 18933 0
72513641232323 8201 0
72513641233322 10518 0
72516342313223 8149 0
72531463321232 11627 0
72534163211123 8259 0
72541631111213 9181 0
72541631111312 9085 0
72541631112131 9480 0
72541631113121 9034 0
72541632131111 8738 0
72541633121111 11358 0
72543162311111 12238 0
72543163211111 14334 0
72543611221223 7968 0
72543611223221 8704 0
72543611331332 10168 0
72543611332331 8665 0
72543612331331 8296 0
72543613132232 10291 0
72543613133222 9108 0
72543613221221 8881 0
72543613223312 9543 0
72543613322312 9052 0
72546311323112 11243 0
72546313323212 11045 0
72561342313223 8089 0
72561432213122 10025 0
72561433221233 10001 0
72561433311233 10002 0
72561433321133 10395 0
72561433321223 14644 0
72563411111213 9048 0
72563411111312 9427 0
72563411112131 9721 0
72563411113121 9718 0
72563412131111 8881 0
72563413121111 8866 0
72643513212311 11712 0
72643513212332 12055 0
73125463133132 19300 0
73146522113231 10845 0
73246153312211 16777 0
73456123231322 11927 0
73516243323113 13057 0
73516243332131 13381 0
73541262321212 24334 0
73542163321133 18628 0
73542613132121 12106 0
73542613132322 10541 0
73564213321322 24202 0
73614251112323 8527 0
73615241112323 10561 0
73615241113322 8950 0
73615242223133 8501 0
73615243123313 12749 0
73615243213313 21643 0
73615243331312 12884 0
73615243332311 21663 0
73615421113322 20766 0
73615423213211 12785 0
73615423333331 14226 0
73624513121132 20131 0
73624513332131 15568 0
73625141112323 8493 0
73625143121213 12823 0
73625143333313 13306 0
73625412222323 18931 0
73642511111111 8236 0
73642511113232 12594 0
73642511113322 9772 0
73642513223222 16032 0
73645121113211 20755 0
73645122222311 15236 0
73645211223113 11284 0
73645211231111 13752 0
73645211321111 9242 0
73645211332112 12654 0
73645213112231 19608 0
73645213333112 14365 0
73651241113322 14384 0
73652413211312 16594 0
73652413331321 16450 0
73654122111122 9811 0
73654122221111 10134 0
73654211111132 14223 0
74123563323221 8896 0
74123652322121 9928 0
74123653132232 14542 0
74123653133132 10292 0
74123653133222 9897 0
74123653133231 9905 0
74125631313311 14920 0
74125632121121 17447 0
74125632122111 20603 0
74125632131111 8291 0
74125632321332 15107 0
74125633121111 9085 0
74125633131233 13168 0
74125633132232 13681 0
74125633133222 14257 0
74125633133312 15499 0
74125633332323 9230 0
74126352333122 8849 0
74132561321231 9228 0
74132562121121 15044 0
74132562122111 12407 0
74132563131221 14184 0
74132563132112 13277 0
74136522322121 10539 0
74152363132232 10628 0
74152363133132 10372 0
74152363133222 11940 0
74152363133231 10468 0
74156322122123 12660 0
74156322122321 12120 0
74156322313223 8177 0
74156323132331 13469 0
74156323133123 12988 0
74163251121122 16468 0
74163252112211 15939 0
74163252131111 9617 0
74163253121111 9418 0
74163253131332 16188 0
74163253133132 13891 0
74163253133213 13609 0
74163253133231 14329 0
74163253332323 10127 0
74165231121212 13750 0
74165231131313 12341 0
74165231212121 11908 0
74165231313131 12179 0
74165232111212 12682 0
74165232121112 12563 0
74165232121211 12646 0
74165233111313 12154 0
74165233131113 12133 0
74165233131311 12063 0
74165233131323 12685 0
74165233132313 12550 0
74165233231313 12518 0
74213652323132 13937 0
74251633111313 17697 0
74256311321222 16128 0
74256313111232 17288 0
74265312333233 13528 0
74312652333332 11144 0
74321563311131 12001 0
74321653233323 12227 0
74325163131323 13507 0
74325612221222 9308 0
74325613121312 9834 0
74325613131212 9436 0
74325613133333 9774 0
74361253112132 18554 0
74361253211231 15203 0
74365211121221 16775 0
74365211213111 8529 0
74365211312111 11890 0
74365211313113 15285 0
74365211333111 15403 0
74365212111311 9644 0
74365212222323 15561 0
74365212333332 14862 0
74365213111211 9368 0
74365213121333 16296 0
74512361322233 20940 0
74512362313223 16691 0
74513263121222 23771 0
74521632222212 11545 0
74521633121213 11021 0
74521633121312 11747 0
74521633133333 10971 0
74521633333313 8847 0
74523611121113 9774 0
74523611131112 10099 0
74523611213111 9986 0
74523611312111 10162 0
74523612111311 9403 0
74523613111211 10064 0
74532163123223 15790 0
74561231111222 15025 0
74561232111113 9294 0
74561232221111 16595 0
74561233111112 9500 0
74561233131233 13495 0
74561233233323 10149 0
74561233311233 14426 0
74561233321133 13983 0
74561233321313 16067 0
74563211232332 15480 0
74653213133222 19098 0
75132463233233 21164 0
75143263231313 17669 0
75146321323331 17117 0
75213642223133 10933 0
75231463211123 13372 0
75234161322233 7828 0
75234162221111 11662 0
75236143213232 11956 0
75241632222323 12241 0
75243162211322 18265 0
75243611113232 10663 0
75243613213232 17383 0
75246131333312 17277 0
75246311111111 10457 0
75246313212311 11301 0
75246313312211 10087 0
75246313332332 12711 0
75261432123233 8917 0
75264132121232 15137 0
75264132223331 9114 0
75264132321212 12500 0
75264133121333 14065 0
75264133331213 13161 0
75264311223122 16715 0
75264313231112 16609 0
75312463333133 15193 0
75314621133221 9884 0
75314621313212 18325 0
75314623113122 12086 0
75316241231231 12168 0
75321461311112 10860 0
75321463132121 13654 0
75346122133133 12435 0
75346211133122 20954 0
75346211211311 15532 0
75346211311211 14770 0
75346212323333 12657 0
75346213112132 20397 0
75346213132121 11972 0
75346213132322 12006 0
75346213332122 12563 0
75412631223332 9788 0
75416323232213 12278 0
75431263133213 18162 0
75462132123212 10637 0
75613243131332 12904 0
75613243133213 13991 0
75634123323122 14252 0
75641323232111 11904 0
75642132213311 16434 0
76123453233323 10094 0
76125343333133 15981 0
76143252131312 11726 0
76143252221222 11513 0
76143253131212 11145 0
76143253331333 8747 0
76143253333313 10873 0
76145231121113 8264 0
76145231122112 17418 0
76145231131112 9068 0
76145231221112 20579 0
76145231311331 15836 0
76145232123332 15008 0
76145232233213 13800 0
76145232331313 15625 0
76145232332213 14372 0
76145233133213 13289 0
76145233232333 9138 0
76154323333112 15847 0
76213543213133 18216 0
76213543311332 16141 0
76215341231231 14142 0
76215433333133 19185 0
76231451123111 11546 0
76245311121131 15061 0
76245311131121 9187 0
76245311213312 19155 0
76245312132131 12136 0
76245313122122 13751 0
76245313123121 11113 0
76253141123132 10633 0
76253141211332 10141 0
76253413322312 18374 0
76254133311323 21182 0
76254313211111 14734 0
76312452212111 15389 0
76312453211111 12187 0
76312453311311 12824 0
76312542321212 11683 0
76312542322121 15195 0
76312543322222 13731 0
76315241112113 14929 0
76315241113112 9523 0
76315241223113 12462 0
76315241322122 13366 0
76315241323313 14147 0
76315241332112 12562 0
76315243211231 22476 0
76315243323323 14941 0
76321452122123 8210 0
76321452122321 8845 0
76321452122333 8839 0
76321452123323 10669 0
76321452212231 9447 0
76321452213122 9920 0
76321453233131 9560 0
76321453311233 9397 0
76321453313312 11043 0
76321453321133 9474 0
76321453323311 11577 0
76321542211112 11259 0
76321543211111 14465 0
76321543311131 9991 0
76324151112233 8511 0
76324151112323 10545 0
76324153323122 11014 0
76325411111213 9243 0
76325411111312 9111 0
76325411112131 8265 0
76325411113121 11346 0
76325411122121 17261 0
76325411331311 17451 0
76325412112121 15771 0
76325412231212 13427 0
76325412333233 15876 0
76325413222223 14814 0
76341251111213 8331 0
76341251111312 10365 0
76341251112131 11100 0
76341251113121 11134 0
76341251221121 16838 0
76341251311313 15069 0
76341252232313 15835 0
76341252323333 16932 0
76341253221212 16905 0
76341253233131 14797 0
76342511111231 9116 0
76342511111321 14412 0
76342511323112 12475 0
76342512232223 11269 0
76342513213112 20852 0
76342513322111 23128 0
76342513323122 11946 0
76342513323212 11943 0
76345122211112 12470 0
76345122211121 13120 0
76345122213311 21349 0
76345122311111 13088 0
76345123211111 13587 0
76345123311113 11922 0
76345123311131 12355 0
76345123312211 19534 0
76351421112323 10586 0
76351421113322 7981 0
76351423321232 17297 0
76354121121212 14523 0
76354121122121 11184 0
76354121311313 11156 0
76354121313131 13416 0
76354122111212 14137 0
76354122112121 12984 0
76354122212222 13162 0
76354123211123 10244 0
76354123211132 9545 0
76354123313333 18382 0
76354212213323 14153 0
76354212312233 13681 0
76354212313322 14880 0
76354212333332 12379 0
76354213222223 11646 0
76354213312223 13838 0
76421351131121 11254 0
76512343213313 15895 0
76512343332311 15566 0
76514321112323 16598 0
76514321232113 16006 0
76521433232333 10116 0
76523413223231 17589 0
76524313331222 15260 0
76541232131213 9512 0
76541232221222 11806 0
76541233121213 10600 0
76541233331333 9632 0
76541233333313 10513 0
76543211111111 14950 0
76543211212112 15564 0
76543211223221 14407 0
76543211332331 14881 0
76543211333333 13307 0
76543212132323 15568 0
76543212222221 15390 0
76543212323213 16040 0
76543213113131 14166 0
