12345672121232 13570 0
12345672123212 12265 0
12345672321212 12437 0
12345673131323 11654 0
12345673132313 14399 0
12345673231313 13809 0
12345761111111 9633 0
12346571111231 8929 0
12346751113133 11683 0
12347561112212 12376 0
12347651111111 21244 0
12347651122112 17020 0
12347651133311 15724 0
12347652111221 13969 0
12347652123233 16949 0
12347652123332 20150 0
12347652223232 8738 0
12347653111133 15205 0
12347653132223 15613 0
12347653132322 15639 0
12347653332323 8192 0
12354671111111 8911 0
12354761112323 10987 0
12354762121112 11925 0
12354762121211 12007 0
12354762311123 11998 0
12354763131131 11928 0
12354763133111 11357 0
12354763211123 8852 0
12356471113133 11884 0
12356741133131 11719 0
12356741313131 10256 0
12356743113131 10456 0
12357461111222 12674 0
12357461113331 11081 0
12357462211112 9676 0
12357641113331 11825 0
12364571112212 12174 0
12364751112212 11514 0
12364751113133 14277 0
12364753311131 8702 0
12365471111111 14690 0
12365471211122 15278 0
12365471313113 13934 0
12365472223232 9160 0
12365472321233 16660 0
12365473232312 15130 0
12365473332323 9106 0
12365741113331 12012 0
12367451123333 9309 0
12367451132222 9837 0
12367451213333 10555 0
12367451312222 9370 0
12367452113333 10750 0
12367453112222 14215 0
12367541112212 13371 0
12367541113331 15717 0
12367541331131 8800 0
12374561121212 10148 0
12374561211212 10463 0
12374562111212 11162 0
12374651111222 13194 0
12375461111222 12941 0
12375641113112 11531 0
12376451111222 12428 0
12376451113133 15816 0
12376451221211 9399 0
12376541112323 8951 0
12376541232233 12788 0
12376541322233 9998 0
12376542121232 12161 0
12376542123212 11174 0
12376543133132 12887 0
12376543133231 12010 0
12456731132321 18156 0
12456731233223 10848 0
12456733223321 11389 0
12463751231231 17208 0
12467351131121 10536 0
12467351231321 9607 0
12473561132123 11443 0
12536741112323 16349 0
12537461332112 10637 0
12543671111111 21336 0
12543671211212 14071 0
12543671331113 15297 0
12543672121121 17114 0
12543672321332 20243 0
12543672322232 8837 0
12543672331232 17049 0
12543673111331 15826 0
12543673221323 15668 0
12543673231223 15630 0
12543673233323 8214 0
12546371221331 13073 0
12563472131213 9387 0
12563473131212 11541 0
12564733323122 11058 0
12567433232333 12070 0
12576343212221 16207 0
12637451132111 16348 0
12637451332112 13503 0
12643571321321 11706 0
12645371131121 11417 0
12673542331133 16867 0
12734561112323 15859 0
12734561322233 15718 0
12734562313223 15385 0
12745631111111 21323 0
12745632111122 15646 0
12745632212213 13673 0
12745632222221 13840 0
12745632232211 13847 0
12745633131131 16013 0
12745633313312 13661 0
12745633313333 16361 0
12745633323311 15874 0
12753462231323 11673 0
12763452322232 9024 0
12765432121313 9537 0
12765432222212 9174 0
12765433121213 9145 0
12765433331333 9416 0
13245671321111 9659 0
13246571111111 7952 0
13246571112233 8951 0
13246571113232 11880 0
13246572321332 12024 0
13246572331232 11949 0
13246573221233 11779 0
13246573321223 11981 0
13246752133211 16633 0
13247563212131 16104 0
13254761322233 11967 0
13254761323322 11544 0
13254762321233 15435 0
13254763323122 10208 0
13257641112233 14202 0
13265741112323 11495 0
13265742131312 15153 0
13267451122211 8664 0
13267451311133 13264 0
13267541111132 14503 0
13267541232212 12090 0
13274651112323 9958 0
13275461112233 19150 0
13275463213211 12767 0
13275641112233 9289 0
13275641112323 8718 0
13275642131333 12293 0
13275643212221 13914 0
13276451113211 13912 0
13276451233133 13573 0
13276541133122 19087 0
13276541213312 23926 0
13276541321123 19945 0
13276541322311 18474 0
13276541323112 12719 0
13276541323322 11886 0
13276542323312 11751 0
13276543323122 12433 0
13462571111111 16216 0
13462572213311 15753 0
13527461211113 10577 0
13542671231231 11559 0
13546271213213 8719 0
13546271231231 14159 0
13546271321321 11399 0
13572641122133 9031 0
13576241312213 14476 0
13576241321321 12481 0
13627451332112 14178 0
13642571221223 10337 0
13642571223221 10135 0
13642573221221 11592 0
13645271221331 11893 0
13647521111111 10704 0
13675241112323 14406 0
13675242331313 12229 0
13725642332132 14352 0
13754262123323 17991 0
13762451321321 17097 0
13764251211311 10495 0
13764252323231 13235 0
13765422121211 23862 0
14263751131121 9844 0
14267351321321 11912 0
14275633323122 13147 0
14325671111111 14806 0
14325672112121 15400 0
14325672231323 16003 0
14325672323222 9282 0
14325673123232 16354 0
14325673232333 9004 0
14325673311131 14047 0
14327652131213 11659 0
14327653121213 9295 0
14352672212111 12151 0
14356721112323 16338 0
14356721322233 15873 0
14367252322232 9377 0
14367523311113 11102 0
14523672121313 9466 0
14523673121312 10931 0
14527631121311 10041 0
14527631131211 8062 0
14527631133311 14635 0
14527631211131 10810 0
14527631311121 10762 0
14527632122213 16674 0
14527632212111 15676 0
14527632333332 16670 0
14527633132322 15366 0
14527633312133 14484 0
14536273311311 12165 0
14537622231323 15703 0
14563272323222 9479 0
14567231312213 16863 0
14567231321123 16497 0
14573261333111 11237 0
14625731111111 14448 0
14625731131121 9502 0
14625731322233 21724 0
14625732112121 12200 0
14625732113321 13893 0
14625732213323 14613 0
14625732233111 13136 0
14625733133111 12304 0
14632571111111 17059 0
14632571321132 11425 0
14652733321331 12018 0
14673251111111 8987 0
14723651111213 8831 0
14723651111312 8209 0
14723651112131 11042 0
14723651113121 14117 0
14723651211212 17067 0
14723652322121 13340 0
14723652331232 16086 0
14723653232222 15808 0
14723653313111 14887 0
14723653321313 15012 0
14725361111111 14703 0
14725361111123 13107 0
14725361322332 20429 0
14725362211121 13146 0
14725363211213 14500 0
14725363213121 13001 0
14725363223213 14270 0
14725363311113 12614 0
14726531223122 14396 0
14726531232122 13859 0
14726531233313 13515 0
14726531333312 13224 0
14726532232313 11274 0
14726533323122 12192 0
14735621221112 12732 0
14735621223113 11793 0
14735621223332 20289 0
14735621233112 13380 0
14735621323112 12820 0
14735621332112 12444 0
14735621333111 11550 0
14735621333222 20589 0
14736251111132 10101 0
14736251112332 9898 0
14736253222223 10504 0
14736521132222 11866 0
14736521133131 12478 0
14736521211212 13939 0
14736521213333 12282 0
14736521221313 13636 0
14736521321231 12105 0
14736521322233 7973 0
14736521332121 13299 0
14736523112222 11897 0
14736523113131 11784 0
14752363222121 13450 0
14752363232222 12572 0
14752363233131 11938 0
14752631111111 15333 0
14752631112311 14177 0
14752631323223 19616 0
14752632332132 12496 0
14752633213223 11734 0
14752633222223 12164 0
14752633223123 11851 0
14752633223231 20317 0
14753261221112 9553 0
14753261323112 11543 0
14753261333111 10518 0
14762351221331 11730 0
14762351321231 11733 0
14762351331221 13366 0
14763251221223 9780 0
14763251222312 9493 0
14763251332331 11690 0
14763251333123 8934 0
14763252322121 7942 0
14763253132232 8098 0
14763253133132 7931 0
14763253133222 8897 0
14763253133231 8366 0
14763253221221 9113 0
14763253222112 9614 0
14763521113211 9781 0
14763521113223 10833 0
14763523222331 16102 0
14765231111213 9261 0
14765231111312 9504 0
14765231112131 8412 0
14765231113121 11676 0
14765231133131 14973 0
14765232211211 15340 0
14765232232322 15395 0
14765232331313 15978 0
14765233113131 15092 0
14765233323332 14589 0
15236471111111 11801 0
15236473231121 11728 0
15243671331221 12258 0
15246371331332 11050 0
15246371332331 10341 0
15246372331331 10031 0
15267431223113 11834 0
15273641112323 15979 0
15324673113311 11857 0
15342671211311 8810 0
15346271321321 12051 0
15367421211113 17078 0
15367421223113 13146 0
15367423211123 12854 0
15426371111111 16264 0
15426371112233 15970 0
15463271313113 10983 0
15624732123212 14902 0
15624732133313 13301 0
15624732333332 12806 0
15627431223113 9860 0
15627431322113 14083 0
15627431332112 11083 0
15634722123332 8755 0
15634722321233 10050 0
15637423211123 9901 0
15642371111111 10316 0
15642372213311 10093 0
15642372231332 12719 0
15642372331322 11167 0
15642373212311 12813 0
15642373221323 11895 0
15642373231223 12775 0
15643271221331 15741 0
15643271331221 13394 0
15643273223111 8892 0
15647233213232 12064 0
15672341113232 10663 0
15672341323112 11799 0
15672342323312 10345 0
15672343213232 11424 0
15672433312133 18181 0
15724362212132 12715 0
15724631111111 13943 0
15724631211311 9072 0
15724631322233 20138 0
15724632123233 11689 0
15724632313223 22434 0
15724632323231 12229 0
15724632323333 11783 0
15724633132322 11122 0
15734622331223 12481 0
15746321111111 15620 0
15746321323211 10499 0
15746322313112 10079 0
15762342122213 15118 0
15763241111111 8718 0
15763242323132 12138 0
16243571132132 9696 0
16243571231231 12560 0
16243571321321 10962 0
16245371231231 12815 0
16254733312223 14778 0
16257431132111 10484 0
16257433223123 13410 0
16273541122133 15840 0
16273541321321 12278 0
16275341312213 13422 0
16275343122221 15008 0
16327453232333 8826 0
16342571331221 11767 0
16345271111111 14787 0
16345271133131 14033 0
16345271222111 15371 0
16345272322232 9255 0
16345272333212 15182 0
16345273122323 17202 0
16345273233323 9125 0
16347252131312 10909 0
16347253121312 9439 0
16357421223113 11200 0
16374521112323 16389 0
16374523211123 16089 0
16423572112121 11222 0
16427531211311 10238 0
16427531231321 7730 0
16427532333233 16774 0
16453271111111 17169 0
16453271211113 12736 0
16453272111131 13023 0
16475233132313 17072 0
16523473332323 8853 0
16523741112212 11581 0
16524731112212 14961 0
16524731112233 11780 0
16524731113133 12517 0
16527341111111 9978 0
16527431123333 10852 0
16527431222132 9553 0
16527431312222 9310 0
16527431333213 9056 0
16527432113333 11352 0
16527432211322 10265 0
16527432231122 8507 0
16527432231332 8347 0
16527432331322 8574 0
16527432333113 9144 0
16527433312133 8619 0
16532471111222 11977 0
16534271111111 10177 0
16534271111132 8130 0
16534273211111 9915 0
16534723211123 7888 0
16537421111222 11868 0
16537421113322 11063 0
16537421113331 12037 0
16537421223113 10750 0
16537421233112 14305 0
16537421332112 10346 0
16542371221331 12448 0
16542371331221 15835 0
16542372112331 9500 0
16543271221223 14089 0
16543271223221 9251 0
16543271331332 10636 0
16543271332331 10439 0
16543272331331 9191 0
16543273221221 9716 0
16543721111111 8811 0
16543721113211 8102 0
16547233332323 10527 0
16547321113331 13638 0
16572431111111 11776 0
16572433213223 13423 0
16573241123123 9256 0
16573241312312 10428 0
16574231113133 11929 0
16723451122133 14728 0
16723451322311 15041 0
16725431121311 8853 0
16725431131211 8989 0
16725431211122 15274 0
16725431211131 10985 0
16725431311121 8003 0
16725432211121 16764 0
16725432232223 14424 0
16725433113311 14725 0
16725433122212 13026 0
16725433333232 14903 0
16735242122213 12951 0
16742352232313 10586 0
16743252323222 8728 0
16745232121313 9501 0
16745232122222 8458 0
16745233121213 9024 0
16745233333313 10921 0
16753241221112 11185 0
17246351111111 15424 0
17265433111313 13239 0
17324561211323 15759 0
17324561232332 9655 0
17326452212111 12099 0
17356241212313 10642 0
17356242211331 21493 0
17362451211311 10297 0
17362451231321 10026 0
17362452213311 8253 0
17364251231231 12281 0
17423653213232 12184 0
17425631122112 12689 0
17425631223113 12107 0
17425631313113 11569 0
17425631322113 13226 0
17425631322332 20516 0
17425631323112 12896 0
17425631323223 18742 0
17425631332112 12214 0
17426531112233 9965 0
17426531121212 12413 0
17426531132312 12930 0
17426531213123 17899 0
17426531223221 13138 0
17426531232233 9473 0
17426531313131 11995 0
17426531331332 13776 0
17426532121211 10956 0
17426532331331 14151 0
17435622211133 8470 0
17435623211123 8609 0
17436521323232 11428 0
17452363213232 11684 0
17452363322132 13598 0
17452633213232 12334 0
17453262211133 9951 0
17462352213311 9050 0
17463251122112 12894 0
17463251221331 15670 0
17463251313113 10490 0
17463251321231 11997 0
17463251323112 12293 0
17463251331221 14912 0
17526431131121 10191 0
17526431231321 8236 0
17526432123233 10888 0
17543261111111 13523 0
17543261132111 12698 0
17642531111111 15944 0
17642531112233 20892 0
17642533312211 16446 0
17643251122112 11225 0
21345671111111 11515 0
21345762223322 12412 0
21345762312323 8839 0
21345762313223 9267 0
21345763332233 13896 0
21346752313322 9008 0
21347562312323 16102 0
21354671122112 11025 0
21354671131313 12866 0
21354671221112 10975 0
21354672311123 12697 0
21354672311132 10113 0
21354672313211 26180 0
21354673131113 11984 0
21354761112233 24045 0
21354761112311 12619 0
21354761113211 12002 0
21354761113322 19203 0
21354761122211 11871 0
21354761133311 12404 0
21354762213311 19923 0
21354763312211 18455 0
21357462311111 15968 0
21357463213331 12252 0
21357642221132 16995 0
21364752311111 14597 0
21364753212212 12459 0
21365742221312 12131 0
21365742312323 14527 0
21367451311331 10331 0
21367452112112 9150 0
21374653333121 16180 0
21375462312233 13399 0
21375463333211 15862 0
21376541111123 10561 0
21376541112311 11699 0
21376541122211 10327 0
21376541131133 11320 0
21457631321123 21193 0
21473563331312 17999 0
21536742222131 23178 0
21654372231323 11442 0
21654372233321 10677 0
21654373332122 10227 0
21654373332221 11818 0
21734652123131 15988 0
23147562123131 11578 0
23147651112323 10285 0
23147652312323 8030 0
23156471222132 13124 0
23156471333132 13407 0
23156473323332 14926 0
23157461231333 15869 0
23157462131123 17877 0
23164573213133 11893 0
23164752131312 13618 0
23164753333313 12837 0
23165471111111 9521 0
23165471311133 12181 0
23165471312132 13166 0
23165472111122 12084 0
23165472111332 13915 0
23165472132332 14493 0
23165472311111 14328 0
23165473233221 21601 0
23165741112323 8689 0
23165741231312 12643 0
23165742123131 7274 0
23165742131321 12508 0
23165742131333 20940 0
23165742312323 10485 0
23165743331312 20965 0
23167541233322 12540 0
23167542131222 13501 0
23174652123131 8154 0
23175463211222 13933 0
23176452132221 15483 0
23176453332233 15029 0
23416752121211 14443 0
23417563232123 10430 0
23456173212332 9939 0
23456173233122 8774 0
23456713212332 11309 0
23475162121112 12581 0
23517462131333 14755 0
23576412233321 15298 0
23576412312323 15132 0
23657142121112 18882 0
23671452122333 20028 0
23674153232321 9240 0
23751461132123 10328 0
23751463112321 10165 0
23756143222331 12757 0
23756411222312 10190 0
23756413222112 10458 0
23756413223312 10214 0
23756413322312 10671 0
24153672321233 11947 0
24157361313212 11277 0
24157362323111 11254 0
24167353132232 18508 0
24173652323231 7852 0
24315673311311 11988 0
24315761122322 17519 0
24315762213323 11619 0
24351671212211 13280 0
24351673111133 8915 0
24351673311311 15620 0
24351761111123 14478 0
24351761212232 12214 0
24367511323112 12249 0
24367513111121 8694 0
24376512222122 15102 0
24516732233111 8454 0
24531673123121 11323 0
24536713231232 13428 0
24537613231322 16839 0
24561372111131 8875 0
24563711121212 12150 0
24563712121232 12650 0
24563713121222 17349 0
24571362221213 18690 0
24571631121212 13414 0
24615371112332 12248 0
24615372213311 14504 0
24615731122313 21082 0
24615731132333 12621 0
24615732111323 21060 0
24615732213311 10464 0
24615732233321 8811 0
24615733113323 12486 0
24615733311122 6981 0
24617532233321 13957 0
24637512311132 11430 0
24651731113223 13621 0
24651731333333 12446 0
24715363311332 13097 0
24715631111111 13311 0
24715631122121 12473 0
24715631122133 14092 0
24715632313223 19043 0
24715633112111 9225 0
24715633131131 11097 0
24716532323231 13880 0
24731561111111 17015 0
24731562311231 11236 0
24736512222332 16124 0
24751362221231 16183 0
24751362321113 17312 0
24761531221223 18725 0
24763151111111 8637 0
24765313222112 21437 0
25134672233321 20990 0
25134672312323 16542 0
25134672313211 16050 0
25137461111111 11294 0
25137461211323 10032 0
25163741112323 13834 0
25314673111313 11686 0
25314673111331 10233 0
25314673131311 10430 0
25341673113311 11801 0
25341762313223 14185 0
25364172311231 17563 0
25364173223231 9642 0
25367411211122 11302 0
25413672323111 17646 0
25413763121222 17877 0
25436711311313 12050 0
25436712123122 13668 0
25436712123332 11640 0
25436712132122 14837 0
25436712323231 13860 0
25436713232321 11353 0
25436713332122 11981 0
25463713212332 13491 0
25471362323132 8506 0
25471631312213 18113 0
25631741212121 18871 0
25634713321232 12869 0
25641371213132 16967 0
25714632123131 9649 0
25714632223331 12239 0
25714632313211 24183 0
25714633121333 15577 0
25716431212223 15014 0
25716433223213 19588 0
25731642232211 17762 0
25734162221111 11266 0
25734613113323 18697 0
25736141111123 7929 0
25736141233232 13823 0
25736411133113 12531 0
25736411231321 10048 0
25736411321312 12657 0
25736411331113 11800 0
25736413123112 14620 0
25741361232113 11459 0
25741632222323 11863 0
25741632312323 11546 0
25743611233232 18898 0
25763142223133 10978 0
25763411332322 8881 0
26135742132221 16487 0
26135742213323 8455 0
26135742332312 15893 0
26153471122121 10967 0
26153473131131 9742 0
26153473132121 14182 0
26154372332213 18197 0
26175432331133 15699 0
26317451212211 11711 0
26345711223113 10663 0
26371453112111 10101 0
26415731322323 13982 0
26415732121223 12358 0
26415732233321 20160 0
26435712222122 19873 0
26435712233321 10019 0
26435712311132 6404 0
26435712322322 21059 0
26435713311122 7765 0
26435713333133 15725 0
26437512122312 13744 0
26453172211133 10882 0
26453711333333 13616 0
26513471122121 14202 0
26517343333313 19911 0
26534713333313 17965 0
26543171111111 16442 0
26543171123111 13381 0
26547313131323 17076 0
26573413331312 14358 0
26714531212133 16056 0
26714532121133 16197 0
26715433231322 18493 0
26741351232113 13641 0
26743512121232 23918 0
27134561131133 11592 0
27154632311132 16087 0
27314652313211 16326 0
27365412321212 13076 0
27415363131113 12182 0
27415632323231 20136 0
27415633321322 14854 0
27416532133232 9537 0
27416533321232 10106 0
27435612122222 12970 0
27453161123111 12205 0
27453161132111 14762 0
27456133132223 13932 0
27516341111111 9119 0
27534161111111 8007 0
27534161111123 12378 0
27534162311111 8430 0
27534612311132 8162 0
27536412332312 16527 0
27543611111123 16376 0
27543611111132 11796 0
27546312231122 18034 0
27613543333133 18767 0
27614353311332 23154 0
27615431312333 17156 0
27615432113321 8432 0
27615433313213 13684 0
27634511131133 13717 0
27634512233321 7835 0
27643513311233 17740 0
31246753312211 9427 0
31247651113232 7482 0
31247651323232 10794 0
31256471231222 12808 0
31257462222221 17488 0
31257462312311 15426 0
31257643311122 10523 0
31264572122213 13329 0
31264573132313 12670 0
31264573222223 12047 0
31264752132122 15577 0
31264752313121 16537 0
31265471111111 13199 0
31265471122112 13237 0
31265471122133 13022 0
31265471312213 14522 0
31265471313113 12718 0
31265471321111 14728 0
31265472233321 20526 0
31265472312233 14369 0
31265741233331 13195 0
31267542222233 16209 0
31267542313133 17337 0
31275461112233 8804 0
31275461322233 8585 0
31275462133211 12518 0
31275462223211 12490 0
31275462311213 14136 0
31275462312212 14021 0
31275463311122 8524 0
31276452133322 14694 0
31276452313313 15878 0
31452671323211 10227 0
31452671332232 10409 0
31452672322331 10354 0
31456722111221 10418 0
31462751111111 16586 0
31462751113322 15960 0
31475261322233 22416 0
31475262331313 17657 0
31475262333221 13269 0
31524673332122 10685 0
31527643332122 13670 0
31564272212111 11747 0
31564272213311 11751 0
31564273113311 13386 0
31572461122133 8934 0
31624751112233 15412 0
31624753312211 15248 0
31627452221333 14478 0
31654272313322 15000 0
31754621331122 21933 0
31765242322121 21462 0
32145671111111 21209 0
32145671123333 13682 0
32145671132222 13693 0
32145671221112 15533 0
32145671333333 16383 0
32145672113333 15894 0
32145672212222 13939 0
32145673112222 13871 0
32145673311113 15892 0
32146751232323 11757 0
32146752232223 10290 0
32147562313223 10312 0
32147562333233 16894 0
32147651123333 9015 0
32147651132222 8378 0
32147651213333 10011 0
32147651312222 9136 0
32147652113333 8705 0
32147652231332 8765 0
32147652233213 10049 0
32147652331322 9218 0
32147652332213 8868 0
32147653112222 8116 0
32156471111111 9093 0
32156471113211 13829 0
32156471232332 22455 0
32156472312332 12112 0
32156472332132 11803 0
32156472332321 20015 0
32156472333332 11573 0
32156473223123 11151 0
32156741112323 10780 0
32156742311123 12335 0
32156742313223 9528 0
32156742333131 15680 0
32157641232323 11426 0
32157642231323 11750 0
32164571111111 14273 0
32164571111231 15366 0
32164571232323 11615 0
32164572232223 11868 0
32164572232313 12259 0
32164572233321 19717 0
32164572312323 20338 0
32164573323212 12515 0
32165741111111 9241 0
32165741111132 13193 0
32165741233223 19069 0
32165742211112 12349 0
32165742331112 14117 0
32165743311131 10980 0
32167451111111 14588 0
32167451213333 14636 0
32167451222222 15077 0
32167451312222 14198 0
32167451333111 13728 0
32167452211121 15156 0
32167453222313 14947 0
32167453313333 13067 0
32167453321232 14602 0
32174561112323 9019 0
32174561232113 9790 0
32174561232233 11222 0
32174562231212 12291 0
32174652312332 10968 0
32174652332132 10973 0
32175461111111 14544 0
32175461113112 9169 0
32175461221112 11859 0
32175461333111 10874 0
32175462233111 13549 0
32175462312323 18603 0
32416753121222 17832 0
32417562113321 15202 0
32417652132131 13244 0
32417653132121 13798 0
32451762331121 9882 0
32456173212332 12501 0
32456711233133 23743 0
32465172112121 11666 0
32465172132131 12830 0
32465172133121 12843 0
32465172332321 20166 0
32465173123121 11650 0
32465173132121 13479 0
32465173133111 12317 0
32465173233221 20461 0
32475161232323 13911 0
32475163331222 13218 0
32476513232231 11128 0
32517463131311 13582 0
32546713323212 12139 0
32547611121113 11199 0
32547611131112 9452 0
32547611213111 10090 0
32547611312111 11719 0
32547612111311 11763 0
32547613111211 9196 0
32561471113133 16794 0
32561471121311 8090 0
32561471122211 16943 0
32561471131211 8712 0
32561471211131 13993 0
32561471311121 10921 0
32561472133313 15102 0
32561472213122 13440 0
32561473222223 15835 0
32561473323212 16100 0
32567412122222 11830 0
32567412131312 9720 0
32567412222212 9249 0
32567413131212 9166 0
32567413133333 9088 0
32576142313223 15869 0
32615473332122 13613 0
32647152133121 11783 0
32647153132121 16504 0
32647512333233 18796 0
32657143121213 17640 0
32657412111212 23887 0
32671453123313 16983 0
32674152113333 18005 0
32714652332132 12119 0
32716452123212 14670 0
32741651121311 11731 0
32741651131211 9176 0
32741651211131 11697 0
32741651311121 10065 0
32741652111113 9575 0
32741653111112 11311 0
32745611223332 14709 0
32745612313322 14815 0
32745612322331 14830 0
32751643321232 18916 0
32754163211123 14997 0
32756141233121 18791 0
32761452121313 8369 0
32761452122222 9368 0
32761452222212 8517 0
32761453121312 11271 0
32761453133333 11758 0
32765411112221 16362 0
32765411121113 10185 0
32765411131112 7991 0
32765411133113 14976 0
32765411331113 14966 0
32765412221312 16859 0
32765412323222 9032 0
32765413122212 13469 0
32765413223312 14355 0
32765413231223 14419 0
32765413322312 14425 0
34125672131213 9048 0
34125672131312 9384 0
34125672221222 8479 0
34125673133333 11015 0
34127651121113 8832 0
34127651131112 8857 0
34127651213111 9457 0
34127651312111 9460 0
34127652111311 9146 0
34127653111211 8794 0
34162752132212 23401 0
34165271112212 16744 0
34165271121311 9387 0
34165271131211 9144 0
34165271211131 11551 0
34165271311121 8288 0
34165271311133 14968 0
34165272323333 14606 0
34165273133312 15857 0
34165273222322 14773 0
34165273311131 14854 0
34167252213323 15135 0
34172562132332 16276 0
34172562313331 16109 0
34175263321232 13204 0
34216572213122 18017 0
34261572132131 9436 0
34261572133121 11566 0
34261573123121 10402 0
34265712212132 15681 0
34275161312213 13266 0
34275162112322 14562 0
34275162213221 15700 0
34516271111111 10377 0
34516272312332 13328 0
34516722313223 8963 0
34517622231323 11853 0
34521672223232 8825 0
34526713232312 8348 0
34527612211322 14038 0
34527612231122 14411 0
34527612231332 13966 0
34527612331322 14197 0
34527613312133 9885 0
34561272122123 9497 0
34561272122321 9372 0
34561272212213 9130 0
34561272213122 8742 0
34561272232211 9809 0
34561273221233 8423 0
34561273233131 8818 0
34561273311233 9212 0
34561273313321 11720 0
34561273321133 9389 0
34561273321223 8081 0
34561721111111 11599 0
34562171321111 9775 0
34562171321231 10127 0
34562172232313 10594 0
34567212223232 8660 0
34617252111212 11948 0
34617252123212 12578 0
34617252132212 12648 0
34617522221333 13386 0
34621572132131 11283 0
34625172111212 13050 0
34627512232313 8851 0
34651271123111 8600 0
34651272332132 12236 0
34675212222122 21350 0
34715262221123 15654 0
34716522223211 16518 0
34721652121313 9842 0
34721652131213 9287 0
34721652221222 9227 0
34721652222212 11735 0
34721653333313 8991 0
34725611212211 15552 0
34725612111113 7896 0
34725612121322 16837 0
34725612231212 13453 0
34725612231332 14543 0
34725612322232 9003 0
34725612331322 14482 0
34725613111112 10090 0
34725613111133 14872 0
34725613132223 14319 0
34725613311113 14884 0
34761252323222 8561 0
35126741232212 15936 0
35126742231233 16076 0
35127462331331 17958 0
35162472122231 14492 0
35162472123233 12071 0
35162473122221 13740 0
35162473323131 13318 0
35162473332122 11365 0
35162473332131 13389 0
35162742213323 13759 0
35167242132212 18605 0
35172461232323 14341 0
35174262213131 15686 0
35174262231113 16819 0
35246171111111 15741 0
35246171113322 15268 0
35246172213311 15593 0
35267141223233 10865 0
35267141321132 17786 0
35271461322233 14140 0
35416721113112 9997 0
35416723232213 9939 0
35417622223133 12268 0
35426712131132 14468 0
35426712311312 13565 0
35426713111313 11764 0
35426713131113 10699 0
35426713312211 9160 0
35461271111231 10715 0
35461271321231 9807 0
35461272222323 16121 0
35462171131313 11435 0
35462171212121 11580 0
35462171221223 11673 0
35462171332331 13828 0
35462172213311 7987 0
35462172223331 12199 0
35462172312131 13667 0
35462173123211 13319 0
35462173131311 11927 0
35462173221221 12365 0
35462712322322 16611 0
35472163222313 8706 0
35472163231322 14483 0
35476122221111 11547 0
35614722321233 11427 0
35617423131332 13519 0
35624712121232 10343 0
35624712321212 10790 0
35624712321332 10583 0
35624712331232 10312 0
35714623111322 23861 0
35721642221213 23790 0
35762142222113 16005 0
36125471111333 16383 0
36125471212112 16862 0
36125471213111 8105 0
36125471222111 15366 0
36125471312111 11083 0
36125472111311 8950 0
36125472121223 12908 0
36125473111211 9086 0
36125473232222 14524 0
36125473323233 16507 0
36125743222331 18376 0
36127451333222 14468 0
36145272122222 9050 0
36145272131213 9242 0
36145272131312 9629 0
36145273333313 9508 0
36147251121311 9211 0
36147251131211 9821 0
36147251211131 10008 0
36147251311121 9794 0
36147252111113 9976 0
36147253111112 9698 0
36152741231312 15106 0
36152742131321 19613 0
36172452133133 14833 0
36217452131333 20421 0
36217541223311 10095 0
36217543213112 13032 0
36241573212332 11772 0
36241753212311 8190 0
36415272123212 23888 0
36417522123311 15019 0
36514272212111 16970 0
36521472113321 14847 0
36521472331121 15347 0
36527411131133 15123 0
36527412111113 9002 0
36527412131222 12916 0
36527412211322 13752 0
36527412221312 12813 0
36527412231122 13823 0
36527412322232 8032 0
36527413111112 9543 0
36527413311311 14618 0
36541272323222 9119 0
36542712121322 14545 0
36547212121313 11305 0
36547212122222 8607 0
36547212131312 8464 0
36547212221222 9467 0
36547213331333 11637 0
36712542121112 10290 0
36712542121121 10316 0
36712542121211 10556 0
36712542122111 10767 0
36714252232223 8471 0
36714521232113 9283 0
36714522121322 14375 0
36714522122213 13470 0
36714523132223 11750 0
36714523132322 11862 0
36721451131331 15749 0
36721452121322 12787 0
36721452122123 13801 0
36721452122213 12900 0
36721452122321 13728 0
36721452131111 9664 0
36721452223232 7934 0
36721453113113 17169 0
36721453121111 9124 0
36725411121212 11431 0
36725411131313 11541 0
36725411212121 12447 0
36725411313131 11445 0
36725412111212 12195 0
36725412121112 11288 0
36725412121211 12311 0
36725412121232 11587 0
36725412123212 12606 0
36725412321212 12652 0
36725413111313 13559 0
36725413131113 12278 0
36725413131311 14351 0
36741252122123 14389 0
36741252122321 14012 0
36741252122333 14173 0
36741252123323 13947 0
36741253233131 9858 0
36745211211221 14795 0
36745212121223 13351 0
36745212122312 16745 0
36745212122333 14453 0
36745212123323 14529 0
36745212131111 10212 0
36745212223232 8905 0
36745213121111 8018 0
36745213131131 15001 0
36745213133111 14986 0
36745213232213 14440 0
36751243222322 8766 0
36752142122132 12679 0
36752142123221 14642 0
36752143132232 11691 0
36752143133222 12417 0
36752143211132 10146 0
36754123232222 14141 0
37246511112233 15028 0
37256142321233 11370 0
37415622333221 12475 0
37426513132313 14164 0
37452162323312 10791 0
37516422333311 14049 0
37561241311112 8519 0
37612453122233 14899 0
37612542221111 12844 0
37614252221123 13321 0
37614521111111 13978 0
37614521323232 11478 0
37614522111221 11755 0
37614522113321 13642 0
37614522313322 14959 0
37614522323312 11964 0
37614523232213 12163 0
37615421113322 9993 0
37615422211133 7456 0
37615422223133 7609 0
37615422313121 19995 0
37615422313331 21033 0
37615423121132 15842 0
37624152311213 16429 0
37624511232233 10166 0
37624512121322 14526 0
37624512231212 12563 0
37624513131323 12511 0
37624513231313 11782 0
37641252222323 16821 0
37642152213311 8142 0
37642513122221 18815 0
37645122312221 13760 0
37651242211133 12441 0
37651422312311 13867 0
37652141113232 7951 0
37652143231322 13836 0
37654212311222 16098 0
41236753232321 11123 0
41237561313131 17015 0
41263751312222 17670 0
41325671212211 12913 0
41325762313223 19128 0
41325763131233 12668 0
41352671212112 10128 0
41352671212121 10441 0
41352671222111 11144 0
41357622313112 10537 0
41367253111133 11351 0
41532672313211 15530 0
41532761233133 15740 0
41563273113311 11791 0
41576322212222 13555 0
41625372313211 13306 0
41625373121213 12771 0
41625731222231 14049 0
41635721212121 17865 0
41657321222312 18118 0
41673252212222 18668 0
41673521111111 8617 0
41723562313211 14042 0
41725361232113 6771 0
41725361321213 14004 0
41725362221213 14044 0
41725362313211 8485 0
41725362313223 8788 0
41725363121222 12421 0
41725363121231 12465 0
41725631111111 9147 0
41725631211122 11760 0
41725632322331 18580 0
41725633111133 10775 0
41725633121123 13524 0
41725633211111 14453 0
41726352313322 8907 0
41726532312233 14241 0
41735261323313 17915 0
41735262312233 13239 0
41735263123223 14938 0
41735621233232 13338 0
41735622313322 13818 0
41736521233232 14391 0
41736522332231 8831 0
41752631222123 12414 0
41752632311123 11194 0
41752632312323 9913 0
41752632313211 26075 0
41756231321213 16248 0
41756233121231 16227 0
41762532221333 16728 0
41762533123331 15587 0
41765231233232 13111 0
41765322221312 17785 0
41765322313211 22318 0
41765323122212 13244 0
42136752131312 17982 0
42137561123333 17696 0
42137653122131 11878 0
42137653132121 14147 0
42157633231322 12055 0
42163751121212 23588 0
42165373223123 10420 0
42167532131333 17132 0
42315673112111 9539 0
42351671212211 12355 0
42351763231133 16083 0
42367153111121 13422 0
42367153211123 12816 0
42516372233111 10054 0
42561733323122 13617 0
42573612323231 7576 0
42573613322231 10887 0
42613572313211 14082 0
42615371313332 12389 0
42615372213311 8821 0
42615372221213 13795 0
42615372313211 9177 0
42651372213311 16082 0
42651733311122 11703 0
42673512232133 11475 0
42751632321233 17014 0
42751632323231 10434 0
43126572133313 14875 0
43167251232212 23188 0
43176252123131 16446 0
43176252311132 20635 0
43216573132121 11643 0
43216573132223 10092 0
43216573212311 12059 0
43216573212332 15527 0
43512671313332 16728 0
43527612312323 8207 0
43561271111111 9724 0
43571262122222 17550 0
43572161111111 11001 0
43572612312323 9447 0
43576211123222 15595 0
43576212112232 16633 0
43615271333312 12643 0
43615272113321 11591 0
43617521223221 17996 0
43621752213323 14656 0
43651722323132 10548 0
43675122222122 13591 0
43675211221331 13216 0
43721653231313 13556 0
43751623123313 15317 0
43765212222122 15564 0
45167323322231 13575 0
45176231131313 10222 0
45176231133113 11734 0
45176231331113 10452 0
45176233131113 10313 0
45176321131133 11801 0
45213672221123 15982 0
45273162222122 16894 0
45276131131133 11857 0
45312671222312 11827 0
45312672223331 11976 0
45312672233321 8978 0
45312672313211 24181 0
45312673132313 19337 0
45312673222112 11910 0
45312673231313 19332 0
45312761113211 11659 0
45312761133311 10190 0
45312762221111 15547 0
45312762311111 12083 0
45321671212211 12664 0
45321671221121 9575 0
45321673113311 11055 0
45327612222323 11794 0
45362712122222 17892 0
45367122223133 10765 0
45367211111132 11446 0
45367211211122 9538 0
45367213111133 10497 0
45376121131133 11653 0
45376121331311 13499 0
45376211333123 12690 0
45376213131323 19559 0
45376213333322 13428 0
45612371133221 19186 0
45612372331121 24023 0
45612373112231 19826 0
45612373132121 11978 0
45612373132223 12305 0
45612373322111 18353 0
45612373332122 11851 0
45612373332221 12738 0
45613271331221 12185 0
45613272233111 14380 0
45621373123331 12156 0
45621373211111 15941 0
45621732212123 17853 0
45621732233333 15849 0
45623712332123 11211 0
45623713322321 9811 0
45637123132121 12324 0
45637123332122 14746 0
45671231132231 10957 0
45671233112132 11091 0
45673212212132 17218 0
45673213211222 16090 0
45713623223132 13976 0
45721363321313 15320 0
45721363322231 17610 0
45732612233321 14901 0
45736121122211 10910 0
46123571111111 10583 0
46123573232123 13428 0
46125731333123 18862 0
46127351131313 12331 0
46127352131333 12514 0
46127353131323 12753 0
46135272133313 13125 0
46153273131131 11859 0
46157233333232 8646 0
46157321331233 12288 0
46215372121223 12788 0
46215372313211 19027 0
46257132211133 10653 0
46257313312211 14160 0
46273512122312 15439 0
46273513221212 17580 0
46275311123222 12543 0
46275312112232 14164 0
46275312132212 13905 0
46275312232133 7281 0
46275312313211 8693 0
46275313121222 12373 0
46275313312211 8601 0
46321752111131 10701 0
46352171211233 10371 0
46352172113231 10255 0
46372511221331 12835 0
46375211211332 20554 0
46375212113111 13233 0
46375212132131 12735 0
46375212132221 14405 0
46375212332222 14392 0
46375213112111 14607 0
46375213123121 13261 0
46375213333121 12901 0
46512371331221 13676 0
46512372113321 13792 0
46513272332111 13286 0
46513273113221 8687 0
46523711331332 20523 0
46527133111121 11135 0
46572311223122 15006 0
46572312132122 12693 0
46721533123313 17854 0
47123562232133 11513 0
47123651233232 11555 0
47126351233232 12376 0
47126532133133 20445 0
47132562311111 7686 0
47132563222331 11398 0
47132652233321 8206 0
47135622132332 13093 0
47136252133112 15364 0
47152361233232 11744 0
47152631322131 16796 0
47156231332313 12934 0
47156233211132 9130 0
47156233223312 14751 0
47156233233113 13783 0
47156233322312 12205 0
47156321111111 9180 0
47156321133311 12469 0
47156322132311 13205 0
47156322313232 14778 0
47156322332132 11431 0
47156322332312 14045 0
47156323223123 11961 0
47162351322122 12648 0
47163522131222 17736 0
47165321232113 7235 0
47165321322131 12127 0
47165322132212 13690 0
47165322133112 12563 0
47165322232133 6851 0
47165322313211 9304 0
47216352131333 15645 0
47251363131113 16990 0
47251632131312 17591 0
47256133212311 7586 0
47256133321232 11296 0
47265312122222 12995 0
47265312131312 13428 0
47265312313211 13140 0
47321651311133 10540 0
47352612123131 15363 0
47352612311132 15689 0
47352612313211 15849 0
47512632312323 16248 0
47621532232331 10199 0
47621533231121 12111 0
47632152233321 12509 0
47632153212311 8542 0
47632153232321 8131 0
47632513212332 11389 0
47652132231323 11717 0
47653213211231 21293 0
47653213232111 10048 0
51264731113322 16425 0
51264732213311 20611 0
51267342312233 18576 0
51324671211122 9524 0
51324672212111 12332 0
51324673113311 15717 0
51324761111123 13892 0
51324763113332 13690 0
51342672212111 13168 0
51342763312223 10082 0
51367241211113 8973 0
51423671221331 13733 0
51426731111111 16270 0
51426733312211 15552 0
51472361131313 13643 0
51472633331312 14180 0
51623471321111 10075 0
51623743313321 20012 0
51624731312123 15380 0
51624733323113 15155 0
51632741323232 9229 0
51642371122313 16082 0
51642731113322 8142 0
51647231113232 7972 0
51723643131311 17095 0
51724362122222 13384 0
51724363121213 13015 0
51726433123313 14739 0
51732643121213 17904 0
51742632323231 11088 0
51742632323333 10960 0
52134761232113 16344 0
52147631121311 8953 0
52147631131211 9053 0
52147631211131 8882 0
52147631311121 9327 0
52147632111113 11228 0
52147633111112 8692 0
52163471112122 15754 0
52163471213111 10862 0
52163471312111 10907 0
52163471333123 14365 0
52163472111311 10141 0
52163472131222 16690 0
52163473111211 8159 0
52163473111331 14739 0
52163473221323 15461 0
52163473323332 16692 0
52167342121232 13433 0
52167432121313 11376 0
52167432122222 11247 0
52167432131213 10969 0
52167433133333 8674 0
52167433331333 10814 0
52174633223123 11163 0
52314673311311 11657 0
52314761322122 16753 0
52341671111111 21358 0
52341671122211 14087 0
52341671311313 15842 0
52341672211112 17131 0
52341672232313 15541 0
52341672323222 8854 0
52341672323312 20275 0
52341673133111 15319 0
52341673232213 15514 0
52341673232333 8095 0
52341673323212 17073 0
52361472121313 10817 0
52361472131312 9344 0
52367142211121 11342 0
52367412322232 8847 0
52374161112323 15545 0
52376413222223 10704 0
52463173212332 15591 0
52463713212332 11879 0
52471631223113 13371 0
52471631323112 13180 0
52614372313211 8915 0
52641733212311 8149 0
52641733232321 10186 0
52673413232123 13544 0
52713461232323 8087 0
52714361232113 9329 0
52714633213223 11874 0
52714633223123 10193 0
52731641233112 16474 0
52731641323112 11685 0
52736141322233 8047 0
52741362313211 10907 0
52741362313223 7597 0
52741632122333 9336 0
52741632123323 8884 0
52741632212213 8996 0
52741632212231 8730 0
52741632232211 8660 0
52741633221233 8768 0
52741633313312 8264 0
52741633313321 9280 0
52741633321223 9955 0
52741633323311 8417 0
52743611111213 9082 0
52743611111312 11638 0
52743611112131 9973 0
52743611113121 11600 0
52743612131111 11288 0
52743613121111 9559 0
52761431111213 9732 0
52761431111312 9124 0
52761431112131 9692 0
52761431113121 9906 0
52761432131111 9674 0
52761433121111 9953 0
52763143222331 16732 0
52763411222312 13909 0
52763411333123 9763 0
52763413222112 14292 0
52763413223312 14073 0
52763413322312 13845 0
53126471231231 12617 0
53126471231321 11874 0
53126471321321 15057 0
53146272123233 11074 0
53147262123131 13639 0
53162743312223 8485 0
53274163211222 15764 0
53421671321111 8908 0
53421671321231 8204 0
53426171112233 7773 0
53462711113322 8975 0
53467211321111 11699 0
53476121323112 13771 0
53476121323322 13243 0
53614721212121 14424 0
53621471331221 11685 0
53642171111111 16222 0
53672142221213 23056 0
53714622233111 17735 0
53721463223312 20547 0
53724612121112 14644 0
53726143333121 12730 0
53741621323112 13143 0
53741621332112 13775 0
53742612323333 12019 0
53761242121211 11924 0
53761242221213 12795 0
53761242321212 11891 0
53762143222331 13445 0
53762413322123 8452 0
54123673233323 10406 0
54126371331221 12024 0
54127632131213 10459 0
54127632222212 11470 0
54127633131212 9381 0
54127633133333 10304 0
54127633333313 9324 0
54163271133221 17275 0
54163272233111 16384 0
54167231121113 9429 0
54167231131112 9288 0
54167231221211 16003 0
54167231333213 14140 0
54167232112112 15646 0
54167232133313 15835 0
54167232333113 13692 0
54167233232333 9881 0
54167233331213 13300 0
54172633132313 13575 0
54217362233213 17646 0
54217632132212 23487 0
54231671123111 13541 0
54231673123121 12799 0
54261373123121 11334 0
54261732231233 23166 0
54276132233312 15449 0
54312671131331 8601 0
54312672212111 11496 0
54312673311311 14259 0
54317261113112 9823 0
54317621111222 17190 0
54321672212213 9818 0
54321672212231 9348 0
54321672232211 14194 0
54321673313312 9295 0
54321673313321 10538 0
54321673323311 10730 0
54321761211221 8568 0
54321763113113 13165 0
54326171111231 10276 0
54326171112233 10006 0
54326171321231 8234 0
54326711112212 17067 0
54327612223232 9146 0
54361272223232 9498 0
54362171113133 12261 0
54362711111231 10471 0
54362711323112 13344 0
54367121112212 14816 0
54367121113211 11893 0
54367121113331 15575 0
54367122211121 12871 0
54367122311111 12193 0
54367123311113 10464 0
54367211132222 9014 0
54367211213333 11600 0
54367211222132 8645 0
54367211333213 8926 0
54367212211322 9474 0
54367212231122 9589 0
54367212233213 8898 0
54367212332213 9019 0
54367212333113 8776 0
54367213112222 9682 0
54367213312133 8917 0
54371261113331 11890 0
54371621113112 10515 0
54371621113322 9590 0
54376121322233 9041 0
54376211111132 11634 0
54376211111222 11635 0
54376211113133 13274 0
54612371112311 14569 0
54612372222131 12364 0
54612732112223 15581 0
54612733322213 15353 0
54621371133311 10448 0
54621372211121 9277 0
54637211132111 8613 0
54671232221213 18405 0
54712361323313 16654 0
54712362223322 15480 0
54716232222113 23524 0
54716321112323 16708 0
54716322313223 16080 0
54721631111111 14709 0
54721631122121 15275 0
54721631311133 13841 0
54721632133232 15691 0
54721632212222 15056 0
54721632212231 14173 0
54721633231322 14902 0
54721633313321 14609 0
54721633333331 12967 0
54723612131312 11175 0
54723612221222 8634 0
54723612222212 9484 0
54723613121312 8488 0
54723613333313 11737 0
54761233322321 15268 0
54763212322232 8677 0
56123471222312 9022 0
56123471223221 9332 0
56123471331332 11377 0
56123471333123 8684 0
56123472322121 9653 0
56123472331331 10878 0
56123473133132 9246 0
56123473133231 9158 0
56123473222112 8126 0
56123473223312 7969 0
56123473322312 8359 0
56124371111231 11873 0
56124371232323 13436 0
56127433332323 9784 0
56132472333332 10908 0
56132473211111 8335 0
56132473213211 10283 0
56143273332323 11953 0
56147231222132 9770 0
56147231333213 9763 0
56147232233213 14263 0
56147232332213 9766 0
56147232333113 10180 0
56147322333233 11518 0
56173421113112 11122 0
56174232323333 8694 0
56174321232113 8016 0
56213471111111 10671 0
56213743313333 14777 0
56243173133111 10654 0
56243713121333 13462 0
56247132333233 11533 0
56271433111313 13158 0
56271433123313 13007 0
56271433132313 13854 0
56274132331133 12277 0
56274312313211 8808 0
56321473233323 8731 0
56321742211112 14082 0
56324171221331 12080 0
56327411211332 15015 0
56327413213112 14738 0
56341273121213 11643 0
56341273131212 9412 0
56347122333233 12308 0
56347211213111 11023 0
56347211222132 13464 0
56347211312111 14093 0
56347211331131 14821 0
56347212111221 17043 0
56347212111311 8187 0
56347212123233 15987 0
56347212232223 15713 0
56347213111211 8809 0
56347213131332 15129 0
56423171231231 11973 0
56423171231321 11162 0
56423171321321 12129 0
56423172112121 10634 0
56423173132121 14400 0
56423173133111 10226 0
56432713122122 14353 0
56712341232113 15229 0
56712343211123 15390 0
56721343123331 14464 0
56721432312233 16489 0
56723411113313 15030 0
56723411121113 9645 0
56723411131112 9097 0
56723411222312 13628 0
56723412122312 12689 0
56723412323222 8061 0
56723413221212 12798 0
56723413222112 13704 0
56723413331111 14608 0
56732143122113 16547 0
56741231121311 9268 0
56741231131211 8918 0
56741231211131 9584 0
56741231311121 9578 0
56741232111113 8835 0
56741233111112 8813 0
56743212122222 9130 0
56743212221222 11854 0
56743213121213 9266 0
56743213121312 9815 0
56743213331333 9110 0
57123461111111 11236 0
57164322131312 13168 0
57214361323232 11104 0
57214632212213 18107 0
57236141113232 12479 0
57236141322233 8527 0
57236141323232 8115 0
57241631322113 14132 0
57241631323112 11777 0
57246131112233 8183 0
57264132111323 15256 0
57321641311112 16468 0
57321642311132 13490 0
57364212213311 10007 0
57364212313211 9877 0
57364213332122 10618 0
57642311113322 15962 0
61234572231323 11564 0
61234573232213 13622 0
61235741313131 14137 0
61257343232123 8600 0
61274351313131 13669 0
61274532231323 11780 0
61352472233321 16066 0
61352472313211 16363 0
61452731311313 11994 0
61453721111111 14212 0
61453721311112 14020 0
61453723111121 15145 0
61472532123332 11364 0
61472533112111 9884 0
61527431111111 11020 0
61534272311132 8936 0
61534721112311 13882 0
61534721113211 13141 0
61543271111111 10416 0
61543271112311 9494 0
61572432312323 7997 0
61734523222331 11533 0
62134572321323 12354 0
62135471122121 12099 0
62135472132131 11667 0
62135473122131 12921 0
62135473123121 12792 0
62135473131131 11985 0
62135473132121 13323 0
62135473232231 18834 0
62135473322321 20615 0
62135743222331 14953 0
62135743312223 20013 0
62147353123121 13279 0
62147353132121 13386 0
62154733321121 10619 0
62157342132212 18210 0
62173543232132 11082 0
62174351122133 14063 0
62174533311212 16657 0
62317453112111 8934 0
62317453312211 8228 0
62351743112123 18414 0
62371453311311 13758 0
62374511322311 11389 0
62374513112321 11500 0
62374513312112 10243 0
62435172211133 8326 0
62435172311132 8178 0
62435711222222 12497 0
62453713311122 13430 0
62471532232133 9685 0
62475131322323 15526 0
62531472321233 12283 0
62543711211113 13678 0
62543711311112 13259 0
62571432321233 11498 0
62735143223213 16135 0
63125741112323 20039 0
63125743131233 12449 0
63125743133312 14001 0
63142571111111 10874 0
63142571132321 23518 0
63142573112123 23426 0
63172452312323 15652 0
63172452313211 16374 0
63174522332132 12098 0
63247511123132 11194 0
63251743133231 17977 0
63452711311313 9959 0
63452712333221 10097 0
63471522123131 15240 0
63471522323132 14235 0
63471522332132 14115 0
63472512123332 10305 0
63512743313333 14327 0
63541271212211 17092 0
63542713121333 17860 0
63574212123131 16053 0
63574212313211 16685 0
63712542221111 11411 0
63714252123131 8863 0
63714521112323 10117 0
63714522332132 9842 0
63721541233322 13636 0
63724153121213 15567 0
63725141112323 9892 0
63725141233121 15827 0
63725142123131 8815 0
63725142223133 8058 0
63725143122113 19969 0
63725143123313 20937 0
63741252222323 11760 0
63741522123131 9709 0
63742511232221 23845 0
63745123122212 12375 0
63751242221321 13504 0
63751423122311 14994 0
63752141111111 11452 0
63752141122211 11860 0
63752141123213 14931 0
63752142332132 12148 0
63752143123223 13542 0
63752143212323 13957 0
63752143223123 11739 0
63752411223212 14502 0
63752411333213 18992 0
63752412312323 9259 0
63752412322112 13594 0
63752412333113 19047 0
63754213122122 16634 0
64125371131313 17091 0
64157321133212 16106 0
64231572311132 9812 0
64257131113223 17713 0
64271533221212 13477 0
64275131212223 13817 0
64275131312123 12542 0
64275132211133 8775 0
64275132232133 7864 0
64275133231112 12098 0
64275133312211 9415 0
64275311112332 17757 0
64275311222222 13150 0
64275313312211 22436 0
64321572111131 17193 0
64321572132131 12837 0
64321572311132 13125 0
64325713121222 23763 0
64351272132131 11083 0
64357212313211 10814 0
64357213231322 16003 0
64357213312211 9687 0
64531271212211 14936 0
64531272132131 10371 0
64531273122131 12318 0
64531273123121 12776 0
64531273311311 15692 0
64531273312211 12012 0
64572131122223 15196 0
64713253112111 11727 0
65123471112311 7826 0
65123471233232 16871 0
65123472312311 10337 0
65132471212112 14030 0
65132471222111 13660 0
65132471231321 9492 0
65132471323121 12951 0
65132472131231 17919 0
65132472212231 19559 0
65132472233321 10058 0
65132473111331 13019 0
65132473313312 10933 0
65132473323311 11165 0
65132741223323 9637 0
65132743222331 10117 0
65134721233232 11779 0
65147321232113 12488 0
65172431132333 15258 0
65174232123131 7933 0
65174232133313 12616 0
65174232323312 12567 0
65174233323212 12837 0
65174233331213 13085 0
65174322313211 9989 0
65174323223123 11383 0
65213741111111 10521 0
65241371111111 12246 0
65243712121322 15293 0
65271341332331 18094 0
65271432231233 12193 0
65274131111111 14753 0
65274131311313 11407 0
65274131312213 14162 0
65274132123332 11941 0
65274133132223 12598 0
65274133232321 9163 0
65274133312223 13180 0
65314272311132 15846 0
65314272313211 16315 0
65321472111122 11107 0
65417321232113 14138 0
65417323223123 15263 0
65417323232123 14121 0
65423713321322 14896 0
65432173232321 11312 0
65471231132213 16083 0
65714323223123 10409 0
65723143321313 13838 0
65732411333123 14046 0
65742311212313 11628 0
67132541133311 13817 0
67145323133312 15405 0
67154233323332 10372 0
67215343333133 12393 0
67231541323112 14649 0
67231543323122 12303 0
67234513332122 10891 0
67245131313323 14480 0
67245311112311 13936 0
67245311133233 13322 0
67254311131133 14506 0
67254313311113 8800 0
67312452233321 7871 0
67312541121221 8651 0
67312542221111 10031 0
67321451111123 14430 0
67321451112311 11182 0
67321451212211 11984 0
67321451311133 10330 0
67321452111122 10730 0
67321453113311 12149 0
67321542232133 9930 0
67341252222323 15685 0
67342512222113 12379 0
67345122223133 8597 0
67345122232133 8080 0
67345211111123 13499 0
67345211111132 12723 0
67345211112233 20558 0
67345211113322 20260 0
67345211211122 12850 0
67345211311133 12419 0
67345212111122 11770 0
67345213111133 11670 0
67354121111111 11408 0
67354211212121 13927 0
67354211313113 18764 0
67354211333111 18644 0
67354212111221 12785 0
67354212212222 13545 0
67354212311132 7870 0
67354213111313 12460 0
67354213131311 11763 0
67354213211132 12226 0
67354213313333 13202 0
67412353132121 13254 0
67412353332221 13863 0
67412531131133 11758 0
67435121332112 11267 0
67435123123121 11490 0
67452313321232 11426 0
71234563231322 11833 0
71263541333222 21595 0
71263542323123 23383 0
71264533131323 11716 0
71264533221323 10302 0
71264533231223 10201 0
71264533231313 10431 0
71326451211311 11899 0
71326453132121 13322 0
71326543333313 18080 0
71345262132131 14300 0
71362453113311 12049 0
71365423331312 16979 0
71423563213232 12317 0
71423653213232 11402 0
71426353312211 7896 0
71426533333223 15381 0
71432561232323 14654 0
71432561323232 9069 0
71432562111221 11837 0
71432563232213 11311 0
71432563323113 13084 0
71432563323122 12571 0
71432563332113 14141 0
71435261322233 9399 0
71435262222122 12002 0
71435263211123 7460 0
71435263311122 8122 0
71435263333133 12445 0
71435263333223 13790 0
71435623333331 15512 0
71436253333112 18200 0
71452363213232 11686 0
71452632222131 16562 0
71453262222221 13602 0
71453623311122 13317 0
71456321322323 10006 0
71456322111221 11265 0
71462531113322 8043 0
71462532111212 11051 0
71462532121112 12232 0
71462533111223 12737 0
71462533221113 13209 0
71463523331222 15988 0
71523463131311 13053 0
71523463231313 13911 0
71523463331312 12947 0
71532463221332 12396 0
71534262122222 15011 0
71542633132322 11061 0
71543622111131 13299 0
71543623111121 13267 0
71546233331213 13476 0
71546322231212 14159 0
71562433123232 8599 0
71563243221221 18527 0
71625433213133 15683 0
71643252231212 13316 0
71643523331213 18238 0
72134562312212 16678 0
72136541322233 15968 0
72143563222331 12079 0
72143651121113 8716 0
72143651131112 11260 0
72143651213111 9213 0
72143651312111 8768 0
72143652111311 8834 0
72143653111211 8932 0
72145631233223 14738 0
72145633232231 14867 0
72145633312223 18253 0
72146352232223 11184 0
72163452122222 11565 0
72163453121213 9264 0
72163453131212 10332 0
72163453133333 9416 0
72163453331333 10175 0
72164353131113 13598 0
72165431113331 14930 0
72165432111113 8789 0
72165432111122 20021 0
72165432211112 16899 0
72165432323312 14825 0
72165433111112 8055 0
72165433121333 15181 0
72165433221233 14036 0
72165433233323 9115 0
72165433321223 13486 0
72165433331213 12892 0
72345611111111 21301 0
72345611133113 15992 0
72345611221223 13747 0
72345611222222 13953 0
72345611331332 15780 0
72345612122111 15632 0
72345612331331 13556 0
72345613221221 13579 0
72345613333331 16269 0
72356141112323 16068 0
72356141232113 16565 0
72356143211123 21008 0
72361453232333 10508 0
72361542333233 12047 0
72365412222212 8358 0
72365413121312 9476 0
72365413131212 8929 0
72365413331333 11035 0
72435163333313 18515 0
72513641232323 8129 0
72513641233322 10309 0
72516342313223 8040 0
72531463321232 11440 0
72534163211123 8090 0
72541631111213 9034 0
72541631111312 8931 0
72541631112131 9307 0
72541631113121 8862 0
72541632131111 8592 0
72541633121111 11135 0
72543162311111 11893 0
72543163211111 14028 0
72543611221223 7800 0
72543611223221 8553 0
72543611331332 9927 0
72543611332331 8466 0
72543612331331 8121 0
72543613132232 10069 0
72543613133222 8892 0
72543613221221 8670 0
72543613223312 9322 0
72543613322312 8862 0
72546311323112 11062 0
72546313323212 10852 0
72561342313223 7951 0
72561432213122 9748 0
72561433221233 9752 0
72561433311233 9741 0
72561433321133 10154 0
72561433321223 14244 0
72563411111213 8894 0
72563411111312 9241 0
72563411112131 9559 0
72563411113121 9560 0
72563412131111 8711 0
72563413121111 8738 0
72643513212311 11520 0
72643513212332 11846 0
73125463133132 18878 0
73146522113231 10732 0
73246153312211 16375 0
73456123231322 11660 0
73516243323113 12740 0
73516243332131 13024 0
73541262321212 23609 0
73542163321133 18080 0
73542613132121 11853 0
73542613132322 10307 0
73564213321322 23497 0
73614251112323 8363 0
73615241112323 10361 0
73615241113322 8785 0
73615242223133 8396 0
73615243123313 12388 0
73615243213313 21036 0
73615243331312 12523 0
73615243332311 21063 0
73615421113322 20137 0
73615423213211 12476 0
73615423333331 13885 0
73624513121132 19492 0
73624513332131 15136 0
73625141112323 8334 0
73625143121213 12506 0
73625143333313 12981 0
73625412222323 18473 0
73642511111111 8069 0
73642511113232 12362 0
73642511113322 9619 0
73642513223222 15697 0
73645121113211 20113 0
73645122222311 14981 0
73645211223113 11084 0
73645211231111 13282 0
73645211321111 9124 0
73645211332112 12445 0
73645213112231 18946 0
73645213333112 14000 0
73651241113322 13937 0
73652413211312 16169 0
73652413331321 16032 0
73654122111122 9659 0
73654122221111 10000 0
73654211111132 13854 0
74123563323221 8743 0
74123652322121 9651 0
74123653132232 14142 0
74123653133132 10051 0
74123653133222 9648 0
74123653133231 9644 0
74125631313311 14672 0
74125632121121 17026 0
74125632122111 20145 0
74125632131111 8177 0
74125632321332 14811 0
74125633121111 8905 0
74125633131233 12792 0
74125633132232 13389 0
74125633133222 13949 0
74125633133312 15078 0
74125633332323 9090 0
74126352333122 8714 0
74132561321231 9142 0
74132562121121 14636 0
74132562122111 12090 0
74132563131221 13804 0
74132563132112 12950 0
74136522322121 10248 0
74152363132232 10340 0
74152363133132 10102 0
74152363133222 11620 0
74152363133231 10199 0
74156322122123 12469 0
74156322122321 11886 0
74156322313223 8028 0
74156323132331 13186 0
74156323133123 12719 0
74163251121122 16118 0
74163252112211 15617 0
74163252131111 9454 0
74163253121111 9312 0
74163253131332 15856 0
74163253133132 13575 0
74163253133213 13322 0
74163253133231 14021 0
74163253332323 9978 0
74165231121212 13568 0
74165231131313 12174 0
74165231212121 11757 0
74165231313131 11951 0
74165232111212 12444 0
74165232121112 12364 0
74165232121211 12395 0
74165233111313 11903 0
74165233131113 11896 0
74165233131311 11826 0
74165233131323 12464 0
74165233132313 12311 0
74165233231313 12286 0
74213652323132 13521 0
74251633111313 17257 0
74256311321222 15707 0
74256313111232 16852 0
74265312333233 13225 0
74312652333332 10964 0
74321563311131 11744 0
74321653233323 12045 0
74325163131323 13223 0
74325612221222 9150 0
74325613121312 9651 0
74325613131212 9264 0
74325613133333 9530 0
74361253112132 18121 0
74361253211231 14921 0
74365211121221 16450 0
74365211213111 8388 0
74365211312111 11644 0
74365211313113 14951 0
74365211333111 15068 0
74365212111311 9479 0
74365212222323 15194 0
74365212333332 14495 0
74365213111211 9236 0
74365213121333 15957 0
74512361322233 20521 0
74512362313223 16330 0
74513263121222 23068 0
74521632222212 11372 0
74521633121213 10869 0
74521633121312 11497 0
74521633133333 10785 0
74521633333313 8653 0
74523611121113 9574 0
74523611131112 9864 0
74523611213111 9813 0
74523611312111 10027 0
74523612111311 9239 0
74523613111211 9844 0
74532163123223 15381 0
74561231111222 14692 0
74561232111113 9188 0
74561232221111 16300 0
74561233111112 9337 0
74561233131233 13208 0
74561233233323 10000 0
74561233311233 14118 0
74561233321133 13667 0
74561233321313 15735 0
74563211232332 15146 0
74653213133222 18703 0
75132463233233 20540 0
75143263231313 17229 0
75146321323331 16689 0
75213642223133 10740 0
75231463211123 13084 0
75234161322233 7710 0
75234162221111 11412 0
75236143213232 11696 0
75241632222323 11960 0
75243162211322 17715 0
75243611113232 10411 0
75243613213232 16994 0
75246131333312 16769 0
75246311111111 10258 0
75246313212311 11103 0
75246313312211 9891 0
75246313332332 12395 0
75261432123233 8764 0
75264132121232 14729 0
75264132223331 9028 0
75264132321212 12183 0
75264133121333 13685 0
75264133331213 12834 0
75264311223122 16211 0
75264313231112 16152 0
75312463333133 14902 0
75314621133221 9691 0
75314621313212 17881 0
75314623113122 11960 0
75316241231231 11997 0
75321461311112 10610 0
75321463132121 13311 0
75346122133133 12235 0
75346211133122 20218 0
75346211211311 15244 0
75346211311211 14297 0
75346212323333 12394 0
75346213112132 19735 0
75346213132121 11716 0
75346213132322 11747 0
75346213332122 12284 0
75412631223332 9586 0
75416323232213 12116 0
75431263133213 17611 0
75462132123212 10346 0
75613243131332 12557 0
75613243133213 13597 0
75634123323122 13913 0
75641323232111 11687 0
75642132213311 16061 0
76123453233323 9881 0
76125343333133 15584 0
76143252131312 11476 0
76143252221222 11340 0
76143253131212 10993 0
76143253331333 8553 0
76143253333313 10687 0
76145231121113 8150 0
76145231122112 16997 0
76145231131112 8888 0
76145231221112 20121 0
76145231311331 15571 0
76145232123332 14712 0
76145232233213 13508 0
76145232331313 15204 0
76145232332213 14064 0
76145233133213 12913 0
76145233232333 8998 0
76154323333112 15361 0
76213543213133 17758 0
76213543311332 15751 0
76215341231231 14027 0
76215433333133 18763 0
76231451123111 11258 0
76245311121131 14571 0
76245311131121 9046 0
76245311213312 18478 0
76245312132131 11882 0
76245313122122 13434 0
76245313123121 10894 0
76253141123132 10404 0
76253141211332 9923 0
76253413322312 17977 0
76254133311323 20558 0
76254313211111 14358 0
76312452212111 15081 0
76312453211111 11897 0
76312453311311 12636 0
76312542321212 11448 0
76312542322121 14812 0
76312543322222 13426 0
76315241112113 14422 0
76315241113112 9406 0
76315241223113 12179 0
76315241322122 13043 0
76315241323313 13796 0
76315241332112 12281 0
76315243211231 21695 0
76315243323323 14596 0
76321452122123 8079 0
76321452122321 8676 0
76321452122333 8801 0
76321452123323 10593 0
76321452212231 9213 0
76321452213122 9677 0
76321453233131 9447 0
76321453311233 9177 0
76321453313312 10749 0
76321453321133 9265 0
76321453323311 11260 0
76321542211112 11063 0
76321543211111 14202 0
76321543311131 9841 0
76324151112233 8358 0
76324151112323 10313 0
76324153323122 10792 0
76325411111213 9108 0
76325411111312 8972 0
76325411112131 8124 0
76325411113121 11112 0
76325411122121 16891 0
76325411331311 17140 0
76325412112121 15391 0
76325412231212 13010 0
76325412333233 15527 0
76325413222223 14545 0
76341251111213 8181 0
76341251111312 10165 0
76341251112131 10886 0
76341251113121 10929 0
76341251221121 16491 0
76341251311313 14753 0
76341252232313 15485 0
76341252323333 16573 0
76341253221212 16572 0
76341253233131 14462 0
76342511111231 8973 0
76342511111321 13927 0
76342511323112 12208 0
76342512232223 11026 0
76342513213112 20109 0
76342513322111 22335 0
76342513323122 11670 0
76342513323212 11680 0
76345122211112 12192 0
76345122211121 12809 0
76345122213311 20638 0
76345122311111 12796 0
76345123211111 13348 0
76345123311113 11692 0
76345123311131 12084 0
76345123312211 18865 0
76351421112323 10359 0
76351421113322 7847 0
76351423321232 16889 0
76354121121212 14128 0
76354121122121 10968 0
76354121311313 10929 0
76354121313131 13127 0
76354122111212 13755 0
76354122112121 12717 0
76354122212222 12835 0
76354123211123 10078 0
76354123211132 9372 0
76354123313333 17802 0
76354212213323 13833 0
76354212312233 13341 0
76354212313322 14513 0
76354212333332 12167 0
76354213222223 11389 0
76354213312223 13487 0
76421351131121 11145 0
76512343213313 15496 0
76512343332311 15125 0
76514321112323 16397 0
76514321232113 15665 0
76521433232333 9903 0
76523413223231 17181 0
76524313331222 14858 0
76541232131213 9356 0
76541232221222 11589 0
76541233121213 10428 0
76541233331333 9441 0
76541233333313 10276 0
76543211111111 14688 0
76543211212112 15251 0
76543211223221 14081 0
76543211332331 14514 0
76543211333333 13088 0
76543212132323 15318 0
76543212222221 14956 0
76543212323213 15715 0
76543213113131 13827 0
