12345672321212 1326380 0
12345672121232 1359211 0
12346571111231 948449 0
12345673131323 1305338 0
12345672123212 1412302 0
12345761111111 976780 0
12345673231313 1472163 0
12345673132313 1822068 0
12346751113133 1088339 0
12347561112212 1023060 0
12347651133311 906366 0
12347652123233 816371 0
12347652123332 1066692 0
12347652111221 827314 0
12347651122112 1049797 0
12347651111111 1713090 0
12347652223232 736886 0
12347653111133 903231 0
12354671111111 1175929 0
12347653132322 702861 0
12347653332323 765803 0
12347653132223 698301 0
12354762121112 1246634 0
12354761112323 1671273 0
12354762311123 1006657 0
12354762121211 1121313 0
12354763131131 1004868 0
12356741133131 1494259 0
12356471113133 1059400 0
12356741313131 1525230 0
12354763133111 900638 0
12354763211123 1039881 0
12356743113131 1241278 0
12357461111222 1155639 0
12364751113133 1058419 0
12364751112212 1067312 0
12364571112212 1153198 0
12357461113331 1169037 0
12357641113331 950445 0
12357462211112 1084935 0
12364753311131 857714 0
12365471111111 1140797 0
12365472223232 816294 0
12365473332323 774732 0
12365472321233 1003495 0
12365471313113 877665 0
12365471211122 1021308 0
12365473232312 892275 0
12365741113331 1001548 0
12367451123333 1673068 0
12367541112212 1111460 0
12367453112222 1413981 0
12367451213333 1631782 0
12367452113333 1607545 0
12367451132222 1622961 0
12367451312222 2026877 0
12367541113331 1534097 0
12367541331131 996261 0
12374562111212 1483518 0
12374561211212 1558373 0
12375461111222 1210429 0
12375641113112 1113773 0
12374651111222 1212087 0
12374561121212 1570670 0
12376451113133 1092024 0
12376451111222 1232173 0
12376542123212 847942 0
12376541232233 1599040 0
12376451221211 923540 0
12376541112323 1228645 0
12376541322233 1141460 0
12376542121232 902494 0
12376543133132 914345 0
12376543133231 798646 0
12463751231231 1181160 0
12456731233223 1035701 0
12456733223321 956211 0
12467351131121 1081047 0
12467351231321 960463 0
12456731132321 1652917 0
12473561132123 1035678 0
12536741112323 1102311 0
12543672121121 1008381 0
12543672321332 993572 0
12543671211212 1157396 0
12537461332112 1032962 0
12543671111111 1344712 0
12543671331113 1044475 0
12543672322232 826830 0
12543672331232 951997 0
12543673221323 979668 0
12563472131213 1111416 0
12543673231223 981312 0
12543673233323 1074660 0
12543673111331 997948 0
12546371221331 1075756 0
12563473131212 1085528 0
12564733323122 757173 0
12576343212221 1003371 0
12567433232333 754729 0
12643571321321 1011256 0
12645371131121 1141191 0
12637451332112 888863 0
12637451132111 1201636 0
12734561112323 1005027 0
12673542331133 1289727 0
12734561322233 874247 0
12745632222221 1006874 0
12745632111122 880941 0
12734562313223 704695 0
12745632212213 1352872 0
12745631111111 2896715 0
12745632232211 1251775 0
12745633131131 928419 0
12765432121313 1116696 0
12745633323311 1010667 0
12745633313312 993717 0
12763452322232 797814 0
12745633313333 993313 0
12753462231323 908667 0
12765433121213 1314747 0
12765432222212 1635115 0
13246571112233 884799 0
13245671321111 1191755 0
13246571113232 1352019 0
13246572321332 1145771 0
13246571111111 1519986 0
12765433331333 1045695 0
13246573221233 1079890 0
13246572331232 1091667 0
13247563212131 964945 0
13254762321233 1038449 0
13246752133211 1081737 0
13254761322233 1238388 0
13246573321223 1062788 0
13254761323322 1239654 0
13254763323122 870704 0
13257641112233 1203155 0
13265742131312 1018241 0
13267541111132 1235368 0
13267541232212 1139072 0
13267451122211 1103092 0
13267451311133 985415 0
13265741112323 1811605 0
13274651112323 1546724 0
13275461112233 1086345 0
13275643212221 1030414 0
13275463213211 994070 0
13275641112233 1402871 0
13275642131333 1117035 0
13276451113211 1611318 0
13275641112323 1608635 0
13276541133122 1084063 0
13276451233133 1266514 0
13276541321123 1483573 0
13276541323322 966427 0
13276541323112 952080 0
13276542323312 778831 0
13276541213312 1341564 0
13276541322311 1490803 0
13462571111111 1035349 0
13276543323122 883666 0
13546271213213 895535 0
13462572213311 1008294 0
13546271231231 1432481 0
13546271321321 1185470 0
13527461211113 1129969 0
13542671231231 967103 0
13572641122133 1447565 0
13576241312213 1635262 0
13576241321321 1015540 0
13627451332112 999802 0
13642573221221 1183261 0
13642571223221 1402992 0
13645271221331 978703 0
13642571221223 2231413 0
13647521111111 1008160 0
13675241112323 1225759 0
13764251211311 911658 0
13675242331313 1043560 0
13764252323231 782554 0
13762451321321 979337 0
13725642332132 923718 0
13754262123323 1907393 0
13765422121211 1254021 0
14263751131121 927303 0
14267351321321 1104350 0
14275633323122 882059 0
14325672231323 816135 0
14325672112121 1001183 0
14325672323222 721687 0
14325671111111 3174109 0
14325673123232 835808 0
14325673232333 899883 0
14325673311131 915046 0
14356721112323 1008359 0
14356721322233 1312274 0
14327653121213 1097856 0
14327652131213 1145119 0
14352672212111 783455 0
14367523311113 1336422 0
14367252322232 706146 0
14527631121311 940426 0
14523673121312 1282053 0
14527631211131 1062839 0
14527631131211 894106 0
14523672121313 1192774 0
14527631133311 853068 0
14527631311121 1136997 0
14527632122213 1187729 0
14527633312133 795001 0
14537622231323 785740 0
14527632333332 914159 0
14527632212111 867266 0
14527633132322 927779 0
14536273311311 885740 0
14563272323222 666495 0
14567231312213 1370765 0
14625732112121 1149037 0
14567231321123 1340343 0
14625731131121 1034663 0
14573261333111 1180852 0
14625731322233 1096975 0
14625731111111 1136751 0
14625732213323 883803 0
14625732113321 1223803 0
14625733133111 880998 0
14652733321331 840896 0
14625732233111 954823 0
14632571321132 1121821 0
14673251111111 1096169 0
14632571111111 1576742 0
14723651111312 1138047 0
14723651111213 892771 0
14723651112131 918899 0
14723651211212 810405 0
14723652322121 646318 0
14723653232222 838091 0
14723651113121 860103 0
14723652331232 760622 0
14723653313111 657061 0
14723653321313 879574 0
14725361111111 969163 0
14725363213121 943616 0
14725362211121 904896 0
14725361322332 1059007 0
14725361111123 960850 0
14725363211213 1007287 0
14725363223213 1068980 0
14725363311113 1096173 0
14726531223122 1160160 0
14726531333312 1072131 0
14726531232122 1152645 0
14726531233313 1004089 0
14726532232313 799565 0
14726533323122 744917 0
14735621223332 1357164 0
14735621221112 938646 0
14735621223113 893901 0
14735621233112 1196952 0
14735621323112 1299795 0
14735621332112 1063696 0
14735621333222 1065008 0
14735621333111 1102109 0
14736253222223 978997 0
14736251111132 1080791 0
14736251112332 948416 0
14736521132222 1006617 0
14736521133131 977116 0
14736521211212 863737 0
14736521221313 982010 0
14736521213333 930451 0
14736521322233 1162287 0
14736521332121 1402735 0
14736521321231 1676007 0
14752363232222 996346 0
14752363233131 919605 0
14752363222121 833348 0
14736523112222 1087917 0
14736523113131 1062840 0
14752631112311 1135472 0
14752631323223 1048542 0
14752631111111 1215757 0
14752633222223 969967 0
14752632332132 773812 0
14752633213223 950298 0
14752633223123 959357 0
14752633223231 1031740 0
14753261323112 1377613 0
14753261333111 1096161 0
14753261221112 962287 0
14762351321231 1318866 0
14762351331221 1120449 0
14762351221331 1131198 0
14763251222312 1650765 0
14763251221223 1738223 0
14763251333123 1641901 0
14763252322121 1319438 0
14763251332331 1735322 0
14763253133231 1176857 0
14763253132232 1121036 0
14763253133132 1132266 0
14763253133222 1250643 0
14763253221221 1446562 0
14763521113211 1095318 0
14763521113223 984168 0
14763253222112 1619004 0
14765231113121 844954 0
14763523222331 864297 0
14765231112131 957543 0
14765231111312 1019775 0
14765231111213 982944 0
14765231133131 868705 0
14765232232322 631103 0
14765232211211 622592 0
15236471111111 1195171 0
14765233113131 931992 0
15236473231121 745852 0
14765233323332 691808 0
14765232331313 729564 0
15246371332331 1336016 0
15243671331221 1065463 0
15246371331332 2325377 0
15324673113311 1470198 0
15267431223113 980290 0
15246372331331 1056216 0
15273641112323 1360157 0
15342671211311 917260 0
15367421223113 918407 0
15346271321321 952618 0
15367421211113 1233211 0
15367423211123 862700 0
15624732123212 1131828 0
15426371112233 1038781 0
15426371111111 1079823 0
15463271313113 1119867 0
15624732133313 883459 0
15624732333332 836240 0
15627431223113 934712 0
15637423211123 909034 0
15627431332112 974658 0
15634722123332 1039818 0
15634722321233 819584 0
15627431322113 1337845 0
15642372231332 1061384 0
15642372213311 808917 0
15642371111111 2456411 0
15642373221323 1097435 0
15642372331322 1016735 0
15642373212311 781579 0
15642373231223 1262152 0
15643271221331 1069841 0
15647233213232 881635 0
15643273223111 929573 0
15643271331221 1161720 0
15672342323312 812765 0
15672433312133 1127739 0
15672341323112 982834 0
15672343213232 833934 0
15672341113232 1172574 0
15724362212132 1088482 0
15724631211311 978274 0
15724631111111 1030113 0
15724631322233 1049660 0
15724632323231 850151 0
15724632123233 1056662 0
15724632323333 951545 0
15724632313223 794141 0
15746321111111 1381130 0
15724633132322 804689 0
15734622331223 1043403 0
15762342122213 1279322 0
15763241111111 1247820 0
15746322313112 638981 0
15746321323211 823358 0
15763242323132 737990 0
16243571231231 1161046 0
16243571132132 797358 0
16243571321321 1115873 0
16257433223123 793301 0
16257431132111 1095011 0
16245371231231 1098553 0
16273541122133 1618646 0
16254733312223 1759575 0
16275341312213 1402482 0
16275343122221 918886 0
16273541321321 1400697 0
16327453232333 731534 0
16345271222111 997313 0
16345271133131 862715 0
16342571331221 1095393 0
16345271111111 2180114 0
16345272333212 711398 0
16345273122323 906146 0
16345272322232 929929 0
16357421223113 1003690 0
16347252131312 1289750 0
16345273233323 1151204 0
16347253121312 1232437 0
16374521112323 1120450 0
16427531211311 969701 0
16423572112121 1135453 0
16374523211123 758986 0
16453271211113 949684 0
16427531231321 1048072 0
16453271111111 1371541 0
16453272111131 956646 0
16427532333233 1490855 0
16523741112212 1069814 0
16475233132313 1122961 0
16523473332323 789082 0
16527341111111 1035434 0
16524731112233 1187070 0
16524731112212 1334786 0
16524731113133 1012557 0
16527431123333 1782363 0
16527431222132 1872634 0
16527431312222 2022631 0
16527431333213 2008545 0
16527432231332 1274077 0
16527432113333 1270566 0
16527432331322 1272442 0
16527432211322 1390102 0
16527432231122 1222948 0
16532471111222 1190888 0
16527433312133 1197118 0
16527432333113 1279235 0
16537421111222 911598 0
16534723211123 1242526 0
16534271111132 933688 0
16534273211111 964369 0
16534271111111 1151949 0
16537421113322 978085 0
16537421223113 949722 0
16537421113331 1134068 0
16542372112331 1358489 0
16542371331221 1074588 0
16542371221331 968918 0
16537421233112 1381787 0
16537421332112 952741 0
16543271223221 1463352 0
16543271331332 2454281 0
16543271221223 2821659 0
16543721113211 843562 0
16543272331331 1103556 0
16543271332331 1485695 0
16543273221221 1167502 0
16543721111111 1011252 0
16547233332323 772420 0
16572431111111 1112197 0
16547321113331 1295850 0
16573241312312 957314 0
16574231113133 959790 0
16572433213223 768409 0
16723451122133 1027744 0
16573241123123 1249380 0
16725431121311 930380 0
16723451322311 1023824 0
16725431131211 951662 0
16725431211122 978017 0
16725431211131 1157587 0
16725432232223 854885 0
16725431311121 908978 0
16725432211121 949823 0
16725433122212 929389 0
16725433333232 792027 0
16725433113311 974251 0
16735242122213 1224198 0
16742352232313 1073741 0
16743252323222 680981 0
16745232122222 1060976 0
16745232121313 1016772 0
16745233121213 997763 0
16753241221112 1092382 0
16745233333313 1497952 0
17324561211323 1141907 0
17324561232332 781938 0
17246351111111 1009676 0
17326452212111 1612559 0
17265433111313 1551297 0
17356242211331 1491370 0
17362451211311 777795 0
17356241212313 911865 0
17362451231321 881085 0
17364251231231 1154685 0
17362452213311 1269145 0
17423653213232 807685 0
17425631122112 1020366 0
17425631313113 1031475 0
17425631223113 913654 0
17425631322113 1104128 0
17426531112233 1068174 0
17425631332112 1009961 0
17425631323112 1138147 0
17425631322332 1360971 0
17425631323223 948357 0
17426531132312 1106120 0
17426531213123 1313994 0
17426531121212 1093165 0
17426531223221 869137 0
17426531232233 1380466 0
17426532121211 864280 0
17426531313131 1160522 0
17426531331332 986667 0
17435623211123 1295412 0
17426532331331 791936 0
17435622211133 1440115 0
17452363322132 816427 0
17452633213232 1222168 0
17453262211133 1152454 0
17436521323232 907063 0
17452363213232 776122 0
17463251122112 973461 0
17462352213311 1071709 0
17463251221331 864416 0
17463251321231 1006694 0
17463251313113 1010656 0
17463251331221 994931 0
17463251323112 1153228 0
17526431131121 952580 0
17526432123233 1137838 0
17543261111111 1280995 0
17526431231321 1010973 0
17642533312211 708128 0
17642531112233 1178701 0
17642531111111 1007812 0
17543261132111 783095 0
17643251122112 1062835 0
21345671111111 1048184 0
21345762312323 1339614 0
21345762223322 1349570 0
21345763332233 1266329 0
21354671122112 870325 0
21346752313322 1374516 0
21345762313223 1043625 0
21347562312323 1694122 0
21354671131313 1072518 0
21354671221112 912849 0
21354672311123 1275802 0
21354761112233 1118379 0
21354672311132 1397662 0
21354673131113 996538 0
21354761112311 767544 0
21354672313211 3095955 0
21354761113322 800783 0
21354761113211 1134875 0
21354761122211 1380597 0
21354761133311 843733 0
21354762213311 926530 0
21354763312211 861124 0
21357462311111 1535050 0
21357463213331 1129942 0
21364753212212 904304 0
21364752311111 1122235 0
21357642221132 1144835 0
21365742221312 907350 0
21365742312323 1268390 0
21367452112112 883113 0
21374653333121 1245749 0
21367451311331 917212 0
21375462312233 1019968 0
21376541111123 909455 0
21375463333211 1164341 0
21457631321123 1335487 0
21473563331312 1304872 0
21376541122211 1221671 0
21376541131133 932776 0
21376541112311 854720 0
21654372233321 1070125 0
21536742222131 1071920 0
21654372231323 1170600 0
23147651112323 911755 0
21654373332221 913126 0
21654373332122 1155928 0
23147562123131 1114843 0
21734652123131 696790 0
23156471222132 836159 0
23156471333132 902687 0
23147652312323 848097 0
23164752131312 1195650 0
23157462131123 1346170 0
23157461231333 1402104 0
23156473323332 788128 0
23164573213133 945395 0
23165471311133 861677 0
23165471111111 1001251 0
23164753333313 1162749 0
23165471312132 852080 0
23165472111332 794516 0
23165472132332 1200950 0
23165472311111 952748 0
23165472111122 814829 0
23165473233221 1106515 0
23165741112323 1318434 0
23165741231312 1692534 0
23165742123131 1162396 0
23165742131321 1542507 0
23165742312323 1275016 0
23165742131333 1878698 0
23165743331312 2257534 0
23167542131222 1254498 0
23167541233322 1282343 0
23174652123131 1021061 0
23175463211222 833070 0
23416752121211 1107517 0
23176452132221 1055611 0
23176453332233 1407756 0
23417563232123 858814 0
23456173212332 1092261 0
23456713212332 1141326 0
23456173233122 1082856 0
23657142121112 1206533 0
23517462131333 1499854 0
23576412233321 738300 0
23475162121112 1112787 0
23576412312323 784096 0
23751461132123 892870 0
23674153232321 682517 0
23671452122333 1779484 0
23756143222331 881326 0
23756411222312 1365866 0
23756413222112 1386699 0
23751463112321 693149 0
23756413223312 1346449 0
23756413322312 1414998 0
24157361313212 770106 0
24153672321233 1076522 0
24157362323111 930272 0
24315761122322 1223053 0
24173652323231 837359 0
24167353132232 1616733 0
24315673311311 1520103 0
24351671212211 1354025 0
24315762213323 1127752 0
24351673111133 1388330 0
24351673311311 1601224 0
24367513111121 787220 0
24367511323112 1356354 0
24351761212232 1124605 0
24351761111123 2044445 0
24516732233111 1134550 0
24531673123121 1299398 0
24376512222122 1369042 0
24536713231232 1072091 0
24561372111131 1184412 0
24537613231322 1397275 0
24563712121232 1358076 0
24563711121212 1294871 0
24571631121212 1155500 0
24571362221213 1224972 0
24563713121222 1700433 0
24615371112332 964007 0
24615732111323 1539702 0
24615731122313 1684178 0
24615372213311 2065629 0
24615731132333 2281232 0
24615732213311 1196329 0
24615732233321 1379067 0
24615733113323 1824146 0
24615733311122 1125661 0
24637512311132 1449878 0
24651731333333 1028788 0
24651731113223 997857 0
24617532233321 1508229 0
24715631122121 1197215 0
24715363311332 1137529 0
24715631111111 1009207 0
24715633131131 1096912 0
24715631122133 918557 0
24715632313223 817278 0
24716532323231 1338048 0
24715633112111 865529 0
24731561111111 1741222 0
24736512222332 1644096 0
24731562311231 775137 0
24761531221223 1409614 0
24765313222112 1155323 0
24763151111111 992104 0
24751362321113 1891274 0
24751362221231 2185321 0
25134672313211 893907 0
25134672233321 965737 0
25134672312323 808987 0
25137461211323 607813 0
25137461111111 1026546 0
25163741112323 1110156 0
25314673111313 2163374 0
25314673111331 2087695 0
25341762313223 1386438 0
25341673113311 1527117 0
25314673131311 2182560 0
25413763121222 1047118 0
25364173223231 783481 0
25364172311231 1755385 0
25413672323111 1566110 0
25367411211122 1062638 0
25436712123122 869911 0
25436712123332 909715 0
25436711311313 863349 0
25436713232321 1148889 0
25436713332122 833427 0
25436712323231 897719 0
25463713212332 1318703 0
25436712132122 878811 0
25471362323132 910975 0
25631741212121 1680035 0
25471631312213 1664028 0
25714632223331 1038720 0
25634713321232 1122108 0
25641371213132 1098965 0
25714632123131 1181000 0
25714632313211 2861667 0
25716431212223 953241 0
25716433223213 1090347 0
25714633121333 1243702 0
25736141111123 1200688 0
25731642232211 1668564 0
25734162221111 945396 0
25734613113323 1228637 0
25736141233232 1369923 0
25736411231321 857463 0
25736411321312 1171606 0
25736411133113 1183647 0
25741632222323 1032369 0
25736411331113 1130327 0
25736413123112 1210194 0
25741361232113 1084868 0
25741632312323 972662 0
25763142223133 1239274 0
25743611233232 1137579 0
25763411332322 965619 0
26135742213323 1078422 0
26135742132221 1238741 0
26135742332312 1267671 0
26153471122121 1124078 0
26153473131131 1160433 0
26175432331133 1358826 0
26153473132121 978973 0
26154372332213 2329187 0
26371453112111 802795 0
26415731322323 906526 0
26415732121223 874959 0
26345711223113 664447 0
26317451212211 1872116 0
26415732233321 1172783 0
26435712233321 1249176 0
26435712222122 1944071 0
26435712311132 1301324 0
26435713333133 1181453 0
26435713311122 1383045 0
26437512122312 951261 0
26435712322322 1942231 0
26513471122121 912501 0
26453172211133 1372524 0
26453711333333 908391 0
26543171123111 840226 0
26547313131323 1410221 0
26543171111111 889077 0
26517343333313 1387601 0
26534713333313 1330465 0
26714532121133 1056947 0
26573413331312 1300216 0
26714531212133 1208756 0
26715433231322 938904 0
27134561131133 1140660 0
26743512121232 1391185 0
27154632311132 750264 0
26741351232113 806589 0
27415363131113 1199002 0
27314652313211 1151841 0
27365412321212 1551983 0
27416533321232 1101313 0
27415633321322 1255519 0
27415632323231 1321965 0
27435612122222 895173 0
27416532133232 979151 0
27453161123111 892720 0
27456133132223 1119633 0
27453161132111 857730 0
27534161111111 965541 0
27534612311132 1208157 0
27534162311111 1008815 0
27516341111111 981408 0
27534161111123 1148584 0
27543611111132 987899 0
27543611111123 1354310 0
27536412332312 1501094 0
27615431312333 1095506 0
27615432113321 1369092 0
27614353311332 1296584 0
27613543333133 1524679 0
27546312231122 1983902 0
27634512233321 1116555 0
27634511131133 890711 0
27615433313213 1055000 0
31246753312211 1484079 0
31247651323232 1118309 0
31247651113232 970417 0
27643513311233 1652338 0
31256471231222 910776 0
31257643311122 1126896 0
31257462312311 991447 0
31257462222221 1033517 0
31264752132122 879244 0
31264573222223 937491 0
31264572122213 1001148 0
31264573132313 886464 0
31264752313121 1503625 0
31265471122112 871210 0
31265471122133 1051643 0
31265471111111 1160650 0
31265471312213 932430 0
31265472312233 971997 0
31265471321111 860803 0
31265471313113 918426 0
31265472233321 1219169 0
31267542313133 1681382 0
31265741233331 1192807 0
31267542222233 1247699 0
31275462223211 1157844 0
31275462133211 1041285 0
31275461112233 1321173 0
31275462311213 1586052 0
31275461322233 1409801 0
31276452133322 847675 0
31275463311122 1458451 0
31275462312212 1595168 0
31452672322331 742221 0
31276452313313 1208911 0
31452671332232 1014955 0
31452671323211 697447 0
31456722111221 1123981 0
31462751113322 1051318 0
31475261322233 919812 0
31462751111111 1108286 0
31564272212111 1315483 0
31527643332122 936794 0
31475262333221 1193863 0
31475262331313 1428138 0
31524673332122 1697823 0
31564272213311 1100084 0
31572461122133 1037722 0
31564273113311 806168 0
31624751112233 940619 0
31624753312211 802038 0
31627452221333 1222190 0
31654272313322 1593310 0
31754621331122 1606941 0
31765242322121 1488930 0
32145671123333 818306 0
32145671111111 1400124 0
32145671132222 1006492 0
32145672212222 766400 0
32145671333333 1163452 0
32145672113333 836006 0
32145671221112 975613 0
32145673112222 725912 0
32145673311113 877962 0
32146751232323 1060873 0
32146752232223 1304294 0
32147651123333 1428668 0
32147562313223 707817 0
32147651132222 1526768 0
32147562333233 1706170 0
32147651312222 1423767 0
32147652113333 1371608 0
32147651213333 1606142 0
32147652231332 1437258 0
32147653112222 1474090 0
32147652331322 1553080 0
32147652332213 1812742 0
32147652233213 1780494 0
32156471113211 932366 0
32156471232332 1095845 0
32156471111111 1031859 0
32156472333332 1257182 0
32156472332321 928966 0
32156473223123 859870 0
32156472332132 1160622 0
32156472312332 700320 0
32156742311123 945867 0
32156742313223 1171317 0
32156741112323 1615231 0
32157641232323 1229405 0
32156742333131 934660 0
32164571111231 716391 0
32164571111111 998744 0
32157642231323 1226366 0
32164571232323 965329 0
32164572232223 1324726 0
32164572232313 1135114 0
32165741111132 873323 0
32164572233321 1105958 0
32164573323212 845340 0
32165741111111 1230750 0
32164572312323 900454 0
32165742331112 955653 0
32165742211112 1023825 0
32165741233223 1104304 0
32167451213333 779772 0
32165743311131 782864 0
32167451312222 711861 0
32167451111111 1064403 0
32167451222222 1075904 0
32167452211121 744204 0
32167453222313 744364 0
32167451333111 984471 0
32167453321232 702832 0
32174561232113 1333811 0
32174561112323 1065289 0
32167453313333 750071 0
32174561232233 1394670 0
32174652312332 822028 0
32174562231212 1197080 0
32174652332132 957519 0
32175462233111 1115256 0
32175461113112 839126 0
32175461111111 1047289 0
32175461333111 1090130 0
32175461221112 871624 0
32416753121222 1408846 0
32175462312323 1015343 0
32417562113321 1636897 0
32456173212332 1330629 0
32417653132121 764900 0
32417652132131 866457 0
32451762331121 769798 0
32456711233133 1681630 0
32465172132131 748997 0
32465172133121 957437 0
32465172112121 860743 0
32465173132121 1029312 0
32465173133111 799220 0
32465173233221 1134346 0
32465172332321 1028140 0
32465173123121 727428 0
32476513232231 868699 0
32475163331222 1177507 0
32475161232323 1149911 0
32546713323212 1183976 0
32547611213111 700987 0
32517463131311 1578084 0
32547611121113 1103448 0
32547611131112 1104034 0
32547613111211 772761 0
32547612111311 785049 0
32547611312111 890877 0
32561471211131 1033967 0
32561471121311 1124031 0
32561471113133 920505 0
32561471122211 1070562 0
32561471131211 1000718 0
32561471311121 977534 0
32561472213122 883115 0
32561472133313 1050347 0
32561473323212 943495 0
32561473222223 795137 0
32567412131312 1663887 0
32567412122222 1089590 0
32567412222212 2062219 0
32567413133333 1088205 0
32567413131212 1313035 0
32576142313223 925861 0
32647153132121 733646 0
32647512333233 1383115 0
32647152133121 1065725 0
32657143121213 1339885 0
32615473332122 891635 0
32657412111212 1292395 0
32671453123313 1350911 0
32674152113333 1627956 0
32716452123212 1426875 0
32741651211131 776332 0
32714652332132 1023692 0
32741651121311 1321758 0
32741651131211 1242596 0
32741651311121 790040 0
32741652111113 822769 0
32741653111112 806776 0
32754163211123 750724 0
32745612322331 901126 0
32751643321232 1009738 0
32745611223332 1088707 0
32745612313322 1117894 0
32756141233121 1144283 0
32761452121313 1306700 0
32761452122222 972762 0
32765411112221 809210 0
32765411121113 947449 0
32761452222212 894942 0
32761453133333 989677 0
32761453121312 1726140 0
32765411331113 1000653 0
32765411131112 1214686 0
32765411133113 1012837 0
32765412221312 1234713 0
32765413122212 1207229 0
32765413231223 940486 0
32765413223312 1217064 0
32765412323222 851875 0
34125672131312 1482756 0
34125672131213 1303306 0
32765413322312 1212187 0
34125672221222 892673 0
34127651213111 838165 0
34127651121113 940193 0
34127651131112 1279137 0
34125673133333 1531218 0
34127651312111 727757 0
34127652111311 724600 0
34127653111211 736124 0
34165271211131 1075464 0
34165271121311 1029154 0
34165271112212 916212 0
34165271131211 1316494 0
34162752132212 2046147 0
34165272323333 844623 0
34165271311133 789830 0
34165271311121 688380 0
34172562132332 1517493 0
34165273222322 754581 0
34165273311131 727993 0
34165273133312 1536071 0
34167252213323 1008844 0
34216572213122 1487939 0
34172562313331 979573 0
34175263321232 1021684 0
34261572132131 933009 0
34261572133121 1014408 0
34275161312213 1006329 0
34261573123121 1001862 0
34265712212132 1441280 0
34275162213221 1033321 0
34516271111111 921402 0
34275162112322 1137018 0
34521672223232 994504 0
34517622231323 1049767 0
34516272312332 1059868 0
34516722313223 1282122 0
34526713232312 1105951 0
34527612231122 1441910 0
34527612231332 1617409 0
34527612211322 1519837 0
34561272122321 1320660 0
34527613312133 1322135 0
34527612331322 1611232 0
34561272212213 1818842 0
34561272122123 2060871 0
34561272213122 1367969 0
34561273221233 1406842 0
34561272232211 1709019 0
34561273321133 1429680 0
34561273311233 1426472 0
34561273321223 1441788 0
34561273233131 1267668 0
34561273313321 1659734 0
34562171321231 948045 0
34561721111111 1101404 0
34562171321111 945406 0
34567212223232 1079979 0
34562172232313 1057828 0
34617252132212 1470280 0
34617252123212 1393880 0
34617252111212 1192135 0
34617522221333 1084111 0
34625172111212 1398233 0
34621572132131 1037533 0
34651272332132 800769 0
34627512232313 851846 0
34715262221123 1336701 0
34675212222122 1362590 0
34651271123111 1057469 0
34721652131213 1190248 0
34721652121313 1344947 0
34716522223211 1612447 0
34725611212211 851564 0
34725612111113 948253 0
34721653333313 1253604 0
34721652222212 1366200 0
34721652221222 1509970 0
34725612121322 1150276 0
34725612231332 1068775 0
34725612231212 1160047 0
34725612322232 952124 0
34725613111133 998367 0
34725613111112 1152574 0
34725613132223 1029386 0
34725612331322 919831 0
34761252323222 697887 0
35126741232212 1422648 0
34725613311113 878955 0
35127462331331 1469783 0
35162472123233 1030047 0
35162472122231 866257 0
35162473122221 1028238 0
35126742231233 1262662 0
35162473332131 1076231 0
35162473332122 1097374 0
35162473323131 840475 0
35174262231113 1283856 0
35162742213323 1254846 0
35167242132212 1294183 0
35172461232323 1049541 0
35174262213131 1103044 0
35246172213311 990217 0
35246171113322 742033 0
35246171111111 883372 0
35416721113112 1018582 0
35271461322233 985704 0
35416723232213 1012692 0
35267141223233 930999 0
35267141321132 1911083 0
35417622223133 1331720 0
35426712131132 922248 0
35426712311312 1182987 0
35461271321231 799684 0
35426713312211 984470 0
35426713131113 808179 0
35461271111231 1180570 0
35426713111313 1109021 0
35461272222323 1041935 0
35462171212121 1079185 0
35462171131313 838386 0
35462172223331 851476 0
35462172213311 999933 0
35462171221223 749282 0
35462171332331 988155 0
35462172312131 1217697 0
35462173221221 915779 0
35462173131311 931057 0
35462173123211 920639 0
35462712322322 1268689 0
35472163231322 942607 0
35472163222313 975954 0
35476122221111 1174712 0
35614722321233 1114646 0
35624712321212 1578677 0
35617423131332 1055176 0
35624712121232 1394458 0
35624712321332 1529338 0
35624712331232 1345546 0
35762142222113 1360148 0
35714623111322 1299529 0
35721642221213 1861739 0
36125471213111 842353 0
36125471111333 733472 0
36125471212112 1333610 0
36125472121223 828963 0
36125471312111 890019 0
36125472111311 841418 0
36125471222111 1468053 0
36125473111211 884770 0
36125473323233 773344 0
36125473232222 1091791 0
36125743222331 1421868 0
36145272122222 1116650 0
36145272131312 1152709 0
36127451333222 901451 0
36145273333313 1305867 0
36145272131213 1703217 0
36147251131211 1380915 0
36147251121311 1064845 0
36147251211131 919771 0
36147251311121 780329 0
36147253111112 801772 0
36152742131321 1141215 0
36152741231312 1465426 0
36147252111113 963331 0
36217541223311 874293 0
36217452131333 1482858 0
36172452133133 1637305 0
36417522123311 1038718 0
36241753212311 1005328 0
36415272123212 1207065 0
36241573212332 977388 0
36217543213112 748062 0
36521472113321 945092 0
36521472331121 956490 0
36514272212111 1681346 0
36527411131133 821014 0
36527412131222 1099297 0
36527412221312 1211990 0
36527412211322 1136619 0
36527412111113 886007 0
36527413111112 1274638 0
36527412322232 879807 0
36527412231122 1005882 0
36542712121322 1383297 0
36541272323222 725401 0
36527413311311 719897 0
36547212121313 1348269 0
36547212122222 1367915 0
36547212131312 1275285 0
36547212221222 1250873 0
36547213331333 1220616 0
36714252232223 678954 0
36712542121112 1233297 0
36712542121121 1488468 0
36712542122111 1254909 0
36712542121211 1750428 0
36714522121322 1403111 0
36714522122213 904446 0
36714521232113 1344508 0
36721452122123 877433 0
36721451131331 860553 0
36714523132322 806713 0
36721452121322 838351 0
36714523132223 898729 0
36721452131111 847638 0
36721452122321 799894 0
36721452122213 1034844 0
36725411121212 1523202 0
36721453113113 942563 0
36721453121111 1157980 0
36721452223232 926009 0
36725411131313 1246418 0
36725411212121 1407524 0
36725412111212 1597109 0
36725411313131 1765509 0
36725412321212 1621745 0
36725412121112 1561130 0
36725412121232 1767963 0
36725412123212 1661943 0
36725412121211 2171094 0
36725413111313 1466698 0
36725413131113 1292853 0
36725413131311 2377044 0
36741252123323 1301068 0
36741253233131 1601143 0
36741252122333 1546006 0
36741252122123 1532656 0
36741252122321 1656277 0
36745211211221 693814 0
36745212121223 1035930 0
36745212122312 1268136 0
36745212123323 874101 0
36745212223232 1031172 0
36745212122333 697245 0
36745212131111 725232 0
36745213121111 957826 0
36745213133111 709121 0
36745213131131 707162 0
36745213232213 693566 0
36751243222322 990950 0
36752143133222 860236 0
36752142123221 1011048 0
36752142122132 1062544 0
36752143132232 921363 0
36752143211132 1033304 0
37246511112233 927434 0
36754123232222 1765539 0
37452162323312 1213370 0
37256142321233 1246381 0
37415622333221 1259804 0
37516422333311 1110648 0
37426513132313 1193803 0
37612453122233 837691 0
37561241311112 894132 0
37612542221111 1076407 0
37614522111221 881779 0
37614521323232 949946 0
37614521111111 1093112 0
37614252221123 1123276 0
37614522113321 1100229 0
37614522323312 1026916 0
37614523232213 1016975 0
37614522313322 1152999 0
37615422313331 1247510 0
37615422223133 1254499 0
37615422313121 1199839 0
37615422211133 1317487 0
37615421113322 1306987 0
37624152311213 1149850 0
37624511232233 1094891 0
37615423121132 1371655 0
37624512121322 1221282 0
37641252222323 1155331 0
37624513131323 887011 0
37624512231212 1073510 0
37624513231313 914270 0
37642152213311 1401312 0
37642513122221 1107083 0
37645122312221 843777 0
37654212311222 1248926 0
37652141113232 981673 0
37651422312311 1475349 0
37652143231322 900268 0
37651242211133 1432783 0
41236753232321 830955 0
41237561313131 1458580 0
41263751312222 1530448 0
41325763131233 865334 0
41325762313223 1299542 0
41352671212121 1329988 0
41325671212211 1055028 0
41352671212112 1374965 0
41352671222111 1400402 0
41367253111133 1230769 0
41357622313112 932948 0
41576322212222 1251908 0
41563273113311 1068316 0
41532761233133 1212938 0
41532672313211 1944718 0
41625372313211 3213891 0
41625731222231 1272622 0
41625373121213 887200 0
41635721212121 1576559 0
41657321222312 1129742 0
41673521111111 836941 0
41673252212222 1249118 0
41723562313211 1252707 0
41725361232113 1141015 0
41725362221213 1249916 0
41725362313211 1432129 0
41725361321213 1401154 0
41725631211122 1022711 0
41725631111111 1227595 0
41725363121231 1487172 0
41725362313223 1566997 0
41725363121222 1440390 0
41725633111133 882679 0
41725632322331 1348333 0
41725633121123 891494 0
41725633211111 1066316 0
41735261323313 1434965 0
41735262312233 1294815 0
41726352313322 1215607 0
41726532312233 1492927 0
41735621233232 1101868 0
41735622313322 1509442 0
41735263123223 994071 0
41752632311123 1120391 0
41736521233232 1238023 0
41736522332231 1148669 0
41752631222123 983215 0
41752632312323 1042893 0
41756231321213 1392511 0
41756233121231 1256537 0
41752632313211 3397155 0
41765322221312 971275 0
41762532221333 1203158 0
41765231233232 1003654 0
41762533123331 1207048 0
41765322313211 2061648 0
41765323122212 946491 0
42136752131312 1388871 0
42137561123333 1186979 0
42137653122131 856120 0
42137653132121 841401 0
42165373223123 721250 0
42157633231322 1369568 0
42163751121212 1400489 0
42167532131333 1509787 0
42315673112111 925503 0
42351671212211 1118004 0
42561733323122 819477 0
42516372233111 1231534 0
42367153211123 831882 0
42367153111121 802262 0
42351763231133 1794836 0
42573612323231 992603 0
42573613322231 889306 0
42613572313211 1098956 0
42651372213311 1017655 0
42615372221213 1332297 0
42615372213311 1406279 0
42615372313211 1366459 0
42615371313332 1718584 0
42651733311122 1160951 0
42673512232133 1335580 0
42751632321233 1171426 0
43176252311132 856813 0
42751632323231 938474 0
43176252123131 946120 0
43126572133313 1360800 0
43167251232212 1156003 0
43216573212311 951528 0
43216573132223 952878 0
43216573132121 901315 0
43561271111111 813617 0
43512671313332 1137798 0
43571262122222 1152823 0
43216573212332 1426527 0
43527612312323 1018673 0
43572612312323 1231645 0
43576211123222 1193538 0
43572161111111 990477 0
43615271333312 1098578 0
43621752213323 1446499 0
43615272113321 1035777 0
43617521223221 1624551 0
43576212112232 1583767 0
43651722323132 1080013 0
43675211221331 892124 0
43675122222122 1688514 0
43751623123313 1095268 0
45167323322231 844837 0
43721653231313 920191 0
43765212222122 1723218 0
45176231131313 2060900 0
45176231331113 2053649 0
45176231133113 2135163 0
45176233131113 2383837 0
45312671222312 803810 0
45176321131133 1934404 0
45273162222122 1400506 0
45213672221123 1353027 0
45276131131133 1505892 0
45312672223331 1025435 0
45312672233321 1000712 0
45312672313211 2636999 0
45312673222112 903799 0
45312761133311 1125108 0
45312673132313 1594926 0
45312673231313 1429044 0
45312761113211 1168720 0
45321671212211 1010547 0
45312762311111 1189141 0
45312762221111 1483404 0
45362712122222 1434815 0
45321671221121 899556 0
45327612222323 1278827 0
45367122223133 1223992 0
45321673113311 1617505 0
45367213111133 929931 0
45367211211122 1215603 0
45367211111132 1142967 0
45376213131323 1214728 0
45376121131133 1611533 0
45376213333322 942765 0
45376121331311 1111419 0
45376211333123 945359 0
45612372331121 1133056 0
45612373112231 990014 0
45612371133221 1245610 0
45612373332122 953434 0
45612373132223 1014899 0
45612373332221 966296 0
45612373132121 941735 0
45612373322111 909365 0
45613272233111 1356927 0
45613271331221 876065 0
45621373123331 958757 0
45623713322321 770427 0
45621732212123 1211287 0
45621732233333 1442882 0
45623712332123 947047 0
45621373211111 1595365 0
45637123132121 907508 0
45671231132231 880002 0
45637123332122 791461 0
45671233112132 897188 0
45713623223132 868973 0
45721363321313 957747 0
45673213211222 1097957 0
45673212212132 1219382 0
45721363322231 956875 0
45736121122211 1233690 0
45732612233321 810960 0
46123571111111 806203 0
46125731333123 1135016 0
46127351131313 1188092 0
46123573232123 1340659 0
46127352131333 1840529 0
46135272133313 1408554 0
46127353131323 1391082 0
46153273131131 1729647 0
46157321331233 1204650 0
46257132211133 1259079 0
46215372313211 1522098 0
46157233333232 941279 0
46215372121223 1130288 0
46273512122312 1107736 0
46273513221212 985087 0
46257313312211 1791441 0
46275312232133 1254871 0
46275312313211 1235425 0
46275311123222 1151747 0
46275312132212 1611102 0
46275312112232 1847040 0
46275313312211 1321544 0
46275313121222 1192067 0
46321752111131 1151526 0
46372511221331 976510 0
46375211211332 1011014 0
46375212113111 876312 0
46352172113231 833693 0
46352171211233 902697 0
46375212132131 803213 0
46375212332222 977413 0
46375212132221 882576 0
46375213112111 1133951 0
46375213123121 1045914 0
46375213333121 832216 0
46512372113321 1256312 0
46512371331221 962384 0
46513272332111 794967 0
46513273113221 816932 0
46523711331332 1281246 0
46721533123313 1068160 0
46527133111121 811624 0
46572312132122 1077434 0
46572311223122 1289546 0
47123562232133 1649184 0
47123651233232 1012336 0
47126351233232 1473999 0
47126532133133 1541985 0
47132652233321 1439936 0
47132563222331 1208050 0
47132562311111 1205996 0
47135622132332 1216523 0
47136252133112 1854041 0
47152361233232 872555 0
47156231332313 1256458 0
47152631322131 1136311 0
47156233233113 1041499 0
47156321111111 1066573 0
47156233211132 943325 0
47156233223312 779827 0
47156233322312 754046 0
47156321133311 1168031 0
47156322313232 975101 0
47156322132311 1050413 0
47163522131222 1116984 0
47156323223123 769372 0
47156322332132 915128 0
47156322332312 934346 0
47162351322122 1044355 0
47165322132212 1758376 0
47165321232113 1194475 0
47165321322131 1680925 0
47251363131113 1398603 0
47165322232133 1532092 0
47165322313211 1286899 0
47216352131333 1812774 0
47165322133112 1973435 0
47256133212311 835222 0
47256133321232 1034712 0
47251632131312 1325187 0
47265312131312 1153055 0
47265312122222 1096430 0
47321651311133 897742 0
47352612123131 735212 0
47265312313211 2325030 0
47512632312323 909495 0
47352612311132 1099005 0
47352612313211 1337179 0
47632152233321 837954 0
47632153232321 795803 0
47632153212311 921521 0
47621533231121 830647 0
47621532232331 1063538 0
47632513212332 1544543 0
47652132231323 1117036 0
47653213211231 1247371 0
51324671211122 820016 0
51264732213311 844970 0
47653213232111 686195 0
51264731113322 745267 0
51267342312233 1597284 0
51324673113311 1210884 0
51324761111123 974006 0
51324672212111 1049785 0
51324763113332 1066737 0
51367241211113 983006 0
51423671221331 1035421 0
51342672212111 1120570 0
51342763312223 2275267 0
51426731111111 1022915 0
51472361131313 1151717 0
51426733312211 1135191 0
51623743313321 1133381 0
51623471321111 848712 0
51624731312123 1455559 0
51624733323113 1664884 0
51472633331312 1320540 0
51632741323232 835905 0
51642731113322 1270084 0
51642371122313 1039872 0
51647231113232 875713 0
51723643131311 1039946 0
51724362122222 1210729 0
51726433123313 1146938 0
51724363121213 1230524 0
51742632323231 951916 0
51742632323333 1025241 0
51732643121213 1228628 0
52147631121311 1112568 0
52147631311121 762599 0
52134761232113 1011554 0
52147631211131 736348 0
52147631131211 1263332 0
52147632111113 816499 0
52163471112122 788713 0
52147633111112 1028057 0
52163471213111 863635 0
52163472111311 838411 0
52163472131222 916790 0
52163471333123 829893 0
52163471312111 834007 0
52163473111331 741355 0
52163473221323 791846 0
52163473111211 884373 0
52163473323332 1233046 0
52167432122222 1381241 0
52167432131213 1380123 0
52167342121232 1088378 0
52167432121313 1031069 0
52167433331333 1364297 0
52167433133333 1593310 0
52174633223123 1028528 0
52314761322122 1098573 0
52341671311313 827348 0
52341671122211 1047300 0
52314673311311 1893846 0
52341671111111 2689913 0
52341672323222 965047 0
52341672211112 989300 0
52341672232313 1039898 0
52341672323312 1372718 0
52341673232333 910133 0
52341673232213 933784 0
52341673133111 959179 0
52341673323212 1304573 0
52361472131312 1224486 0
52361472121313 1437229 0
52367142211121 1219362 0
52367412322232 944074 0
52376413222223 1094138 0
52374161112323 771199 0
52463173212332 1712178 0
52463713212332 1703578 0
52614372313211 1771293 0
52471631223113 920172 0
52471631323112 931211 0
52641733212311 926409 0
52673413232123 781031 0
52713461232323 773017 0
52714361232113 1403881 0
52641733232321 962921 0
52731641233112 734360 0
52714633213223 1282395 0
52714633223123 841855 0
52741362313223 1166286 0
52731641323112 700687 0
52741362313211 944898 0
52736141322233 1143264 0
52741632122333 1637389 0
52741632212231 1353182 0
52741632212213 1279263 0
52741632123323 1513530 0
52741633313312 1170740 0
52741633313321 1268923 0
52741632232211 1212217 0
52741633221233 1479816 0
52741633321223 1717379 0
52743611111213 1135283 0
52741633323311 1242480 0
52743611111312 1342125 0
52743611113121 913525 0
52743613121111 924605 0
52743612131111 773040 0
52743611112131 891424 0
52761431111213 983507 0
52761431111312 1236896 0
52761431112131 826452 0
52761431113121 1069957 0
52761433121111 830396 0
52763143222331 1302045 0
52763411333123 1450172 0
52761432131111 866098 0
52763411222312 2125996 0
52763413222112 2163371 0
52763413223312 2156500 0
52763413322312 2136049 0
53126471321321 1068030 0
53146272123233 1202503 0
53147262123131 817135 0
53126471231321 970884 0
53126471231231 1441265 0
53421671321111 1090331 0
53274163211222 1424726 0
53162743312223 2153445 0
53421671321231 754966 0
53462711113322 1481025 0
53426171112233 1198528 0
53476121323112 1058933 0
53467211321111 673642 0
53614721212121 1278789 0
53621471331221 790927 0
53476121323322 942018 0
53721463223312 1294928 0
53724612121112 1433214 0
53642171111111 920815 0
53714622233111 1607450 0
53672142221213 1977189 0
53741621323112 1057388 0
53741621332112 931579 0
53726143333121 1016292 0
53761242321212 1162099 0
53761242121211 1281661 0
53761242221213 1377225 0
53742612323333 907356 0
53762143222331 1120903 0
53762413322123 1086187 0
54126371331221 909729 0
54123673233323 959220 0
54127632222212 1061289 0
54127633333313 1321051 0
54127632131213 1630076 0
54127633133333 1694372 0
54127633131212 1605433 0
54163272233111 1263019 0
54163271133221 1227652 0
54167231121113 846041 0
54167232112112 796474 0
54167231333213 974246 0
54167231221211 834999 0
54167232133313 1318454 0
54167231131112 1207313 0
54167233232333 1020323 0
54167232333113 977407 0
54167233331213 1055544 0
54231671123111 1012654 0
54231673123121 886759 0
54172633132313 1419241 0
54217632132212 2034222 0
54217362233213 2054856 0
54276132233312 983910 0
54261732231233 1171056 0
54261373123121 950544 0
54312671131331 885530 0
54317261113112 927557 0
54312673311311 1625069 0
54312672212111 922799 0
54317621111222 1041353 0
54321672232211 1450763 0
54321672212213 1457036 0
54321672212231 1396346 0
54321761211221 1082109 0
54321763113113 1235182 0
54321673323311 2129585 0
54321673313312 2098434 0
54321673313321 2074075 0
54326171321231 903495 0
54326171111231 1340144 0
54326171112233 953003 0
54362711111231 743361 0
54326711112212 1265260 0
54327612223232 962857 0
54361272223232 983040 0
54362171113133 1099906 0
54367121112212 1307352 0
54367121113211 1067910 0
54362711323112 1081845 0
54367122311111 948625 0
54367123311113 939474 0
54367211132222 1510085 0
54367122211121 991495 0
54367121113331 1564075 0
54367211213333 1599134 0
54367211333213 1306328 0
54367211222132 1443295 0
54367212332213 1259214 0
54367212333113 1323750 0
54367212231122 1521354 0
54367212233213 1349164 0
54367212211322 1754208 0
54367213312133 1412386 0
54371261113331 1043685 0
54367213112222 1721124 0
54371621113322 852584 0
54376211111222 1152268 0
54376121322233 1005891 0
54371621113112 1369632 0
54376211111132 1221702 0
54612372222131 985582 0
54376211113133 1102760 0
54612371112311 1719124 0
54637211132111 773523 0
54612733322213 1063530 0
54612732112223 1130146 0
54621372211121 971613 0
54621371133311 1018018 0
54712361323313 1145694 0
54671232221213 1183529 0
54712362223322 1485163 0
54716322313223 853693 0
54716232222113 1098365 0
54721631122121 1074606 0
54716321112323 1077273 0
54721631111111 3392529 0
54721632133232 933769 0
54721631311133 847127 0
54721632212222 1133638 0
54721633333331 1004858 0
54721632212231 1027154 0
54721633313321 1152638 0
54721633231322 753914 0
54723612131312 1396923 0
54723612221222 1275309 0
54723612222212 1314322 0
54723613121312 1314630 0
54761233322321 1054303 0
56123471223221 1220798 0
54763212322232 933324 0
54723613333313 1111029 0
56123471222312 1214796 0
56123472322121 1315789 0
56123471333123 1639251 0
56123471331332 1792695 0
56123472331331 1391170 0
56123473222112 1147858 0
56123473133231 1376197 0
56123473133132 1621607 0
56123473223312 1162999 0
56123473322312 1199246 0
56124371232323 1174857 0
56124371111231 660954 0
56132473211111 1017414 0
56132473213211 1017354 0
56127433332323 928541 0
56143273332323 1339724 0
56132472333332 1201656 0
56147232233213 1374017 0
56147231333213 1359742 0
56147231222132 1993980 0
56147322333233 1377644 0
56147232333113 1416540 0
56173421113112 790981 0
56174232323333 985403 0
56147232332213 1660362 0
56213743313333 1377589 0
56174321232113 1405760 0
56213471111111 1020110 0
56247132333233 957473 0
56271433111313 1374904 0
56243713121333 1287384 0
56271433123313 1411542 0
56243173133111 1201124 0
56274132331133 1036200 0
56271433132313 1481503 0
56274312313211 1355197 0
56321473233323 741281 0
56327411211332 949214 0
56327413213112 1103593 0
56321742211112 1260854 0
56324171221331 1048478 0
56341273121213 1359445 0
56347122333233 1064994 0
56341273131212 1264783 0
56347211222132 977868 0
56347211331131 688525 0
56347211213111 720008 0
56347212111221 1250008 0
56347211312111 794724 0
56347212232223 767963 0
56347212123233 920666 0
56347212111311 968492 0
56347213111211 873142 0
56423171231321 1054993 0
56423171321321 766760 0
56347213131332 1120902 0
56423171231231 787231 0
56423172112121 906078 0
56423173133111 807101 0
56423173132121 1007223 0
56712343211123 1061479 0
56712341232113 809374 0
56721343123331 995635 0
56721432312233 1228422 0
56432713122122 1140488 0
56723411113313 994843 0
56723411121113 953566 0
56723411131112 1254393 0
56723412122312 1199098 0
56723411222312 1250438 0
56723412323222 819816 0
56723413221212 1245578 0
56723413222112 1253425 0
56723413331111 698286 0
56732143122113 1445125 0
56741231121311 1002870 0
56741233111112 828292 0
56741232111113 849970 0
56741231211131 1022573 0
56741231311121 752246 0
56741231131211 1579686 0
56743212221222 1466463 0
56743213121213 1454395 0
56743212122222 1200937 0
56743213331333 1437109 0
57123461111111 883731 0
57214361323232 963025 0
57164322131312 1099666 0
56743213121312 1350052 0
57236141322233 987670 0
57236141113232 972900 0
57214632212213 1788763 0
57264132111323 1082831 0
57241631322113 736955 0
57236141323232 1416089 0
57241631323112 840110 0
57246131112233 1183589 0
57364212213311 1267178 0
57321641311112 904830 0
57321642311132 829939 0
57642311113322 1044357 0
57364213332122 1030025 0
57364212313211 885549 0
61234573232213 832799 0
61234572231323 1132928 0
61274351313131 1391864 0
61257343232123 1020111 0
61235741313131 1668895 0
61352472313211 1691195 0
61274532231323 1035650 0
61352472233321 754609 0
61452731311313 1361108 0
61453721111111 1098752 0
61472532123332 833178 0
61453721311112 993983 0
61453723111121 938557 0
61534721113211 1009565 0
61472533112111 913356 0
61527431111111 1015792 0
61534721112311 830324 0
61534272311132 1274089 0
61543271112311 955416 0
61572432312323 1098658 0
61543271111111 1034243 0
62135473122131 649870 0
62134572321323 1080632 0
61734523222331 1389077 0
62135471122121 1090566 0
62135472132131 1163181 0
62135473132121 984018 0
62135473131131 1320473 0
62135473123121 1217606 0
62135473322321 1051385 0
62135743222331 1091927 0
62135473232231 1205202 0
62147353123121 817552 0
62135743312223 1768374 0
62147353132121 850047 0
62154733321121 912056 0
62157342132212 1309179 0
62173543232132 1134593 0
62174533311212 985434 0
62317453112111 898078 0
62174351122133 1420930 0
62317453312211 1543504 0
62351743112123 1704488 0
62374511322311 797024 0
62371453311311 1255697 0
62374513312112 990473 0
62435711222222 942985 0
62374513112321 901994 0
62435172311132 1656818 0
62435172211133 1608925 0
62475131322323 786968 0
62471532232133 1007429 0
62453713311122 1472038 0
62571432321233 1194129 0
62531472321233 1107467 0
62543711211113 1117449 0
62735143223213 1347491 0
62543711311112 972129 0
63125743133312 1145999 0
63125743131233 1060291 0
63125741112323 1744482 0
63142571132321 1589867 0
63172452313211 1588114 0
63142573112123 1285852 0
63142571111111 868133 0
63172452312323 606328 0
63174522332132 1033064 0
63247511123132 1006998 0
63251743133231 1483181 0
63452712333221 1126860 0
63471522332132 1128961 0
63452711311313 876496 0
63471522323132 1073216 0
63471522123131 973145 0
63472512123332 1032700 0
63512743313333 1516405 0
63541271212211 1349594 0
63574212123131 715698 0
63542713121333 1633398 0
63714252123131 1093937 0
63712542221111 955998 0
63574212313211 1204474 0
63721541233322 998120 0
63714522332132 911273 0
63714521112323 959847 0
63725142223133 1530974 0
63725141233121 1117144 0
63725142123131 1457272 0
63724153121213 1230026 0
63725141112323 1568610 0
63741252222323 1097767 0
63725143122113 1694477 0
63725143123313 2195677 0
63751242221321 1157293 0
63751423122311 1459484 0
63741522123131 1153785 0
63745123122212 786733 0
63742511232221 1031292 0
63752141111111 1169777 0
63752141123213 996757 0
63752141122211 1004765 0
63752411223212 1181456 0
63752143123223 860763 0
63752143212323 810510 0
63752143223123 972625 0
63752142332132 943618 0
63752412312323 1119015 0
63752411333213 1574298 0
63752412322112 1239799 0
64231572311132 917425 0
63754213122122 1190641 0
63752412333113 1542043 0
64125371131313 1667343 0
64157321133212 2722295 0
64271533221212 1082650 0
64257131113223 1063858 0
64275131212223 1126314 0
64275131312123 989096 0
64275133231112 1211360 0
64275133312211 1040479 0
64275132211133 1588218 0
64275132232133 1529437 0
64275311222222 960045 0
64275311112332 1250512 0
64275313312211 867708 0
64351272132131 1011383 0
64321572311132 988185 0
64321572111131 1322058 0
64321572132131 1090969 0
64325713121222 2065583 0
64357212313211 936780 0
64357213312211 1100899 0
64357213231322 1380885 0
64531273123121 1337782 0
64531272132131 1022869 0
64531271212211 1629417 0
64531273311311 1055605 0
64531273122131 971508 0
64572131122223 1094254 0
64713253112111 902115 0
64531273312211 698808 0
65132471212112 967261 0
65123471233232 1037310 0
65132471222111 1051928 0
65123471112311 979512 0
65123472312311 996014 0
65132472131231 909439 0
65132471323121 1076777 0
65132471231321 1233770 0
65132472233321 1294259 0
65132473111331 902237 0
65132473313312 890853 0
65132472212231 1191866 0
65132473323311 985767 0
65132743222331 995279 0
65134721233232 1241091 0
65132741223323 800740 0
65174232323312 923802 0
65172431132333 1425402 0
65174232123131 1008165 0
65174232133313 925818 0
65147321232113 1448792 0
65174233331213 1130946 0
65174233323212 990927 0
65174322313211 1044927 0
65271341332331 1022701 0
65241371111111 905857 0
65174323223123 904971 0
65243712121322 1511946 0
65213741111111 1136699 0
65274131311313 787084 0
65271432231233 1040801 0
65274131111111 1187825 0
65274133232321 750462 0
65274133132223 1047607 0
65274131312213 913207 0
65274133312223 944806 0
65274132123332 1136892 0
65314272311132 723512 0
65314272313211 1522651 0
65321472111122 1132621 0
65432173232321 1072799 0
65417323223123 864360 0
65423713321322 1148949 0
65417323232123 858723 0
65417321232113 825683 0
65714323223123 891963 0
65471231132213 1106967 0
65723143321313 1049851 0
65742311212313 696621 0
67154233323332 1341626 0
67145323133312 1138552 0
67132541133311 1665791 0
65732411333123 2123739 0
67231541323112 1151915 0
67231543323122 1107103 0
67215343333133 1568794 0
67234513332122 1139251 0
67254311131133 1314484 0
67245131313323 925376 0
67245311112311 1398914 0
67245311133233 943204 0
67254313311113 800038 0
67312541121221 1026654 0
67312452233321 1073154 0
67321451311133 826338 0
67321451111123 963943 0
67321451112311 1153708 0
67312542221111 1370435 0
67321451212211 1568199 0
67321542232133 1073523 0
67321452111122 976298 0
67321453113311 1264682 0
67341252222323 1160769 0
67345122223133 1439257 0
67345211111123 1039476 0
67342512222113 813947 0
67345122232133 1558553 0
67345211111132 1113025 0
67345211112233 751049 0
67345211113322 1088274 0
67354121111111 973024 0
67345211311133 1169601 0
67345212111122 1091305 0
67345211211122 1202314 0
67345213111133 1220922 0
67354211212121 909340 0
67354211313113 1465155 0
67354211333111 1419325 0
67354213131311 1092145 0
67354212111221 855255 0
67354212311132 1180044 0
67354213111313 1007217 0
67354212212222 1051428 0
67354213211132 1152678 0
67412353132121 1004741 0
67354213313333 864270 0
67452313321232 1228176 0
67435121332112 741391 0
67412531131133 1053579 0
67435123123121 749932 0
67412353332221 766145 0
71234563231322 1112623 0
71263541333222 1503394 0
71263542323123 2020261 0
71264533131323 1224368 0
71326451211311 992786 0
71264533221323 1555710 0
71264533231313 1645508 0
71264533231223 1482063 0
71326543333313 1405490 0
71345262132131 989396 0
71326453132121 848743 0
71365423331312 1441901 0
71423653213232 879808 0
71426353312211 1093236 0
71362453113311 1030600 0
71423563213232 1095164 0
71432561323232 789051 0
71432561232323 929378 0
71426533333223 1359583 0
71432563323113 850411 0
71432562111221 1095953 0
71432563232213 882254 0
71432563332113 958795 0
71432563323122 877436 0
71435263211123 1201142 0
71435262222122 1107321 0
71435261322233 1223058 0
71435263311122 1352328 0
71435623333331 1431835 0
71435263333223 1693310 0
71436253333112 1499916 0
71435263333133 1642941 0
71452363213232 859349 0
71453262222221 1080934 0
71452632222131 1272057 0
71456321322323 921829 0
71462532111212 1080672 0
71456322111221 1093588 0
71462531113322 1368780 0
71453623311122 1743938 0
71462532121112 824629 0
71462533111223 1407118 0
71462533221113 1068849 0
71532463221332 980981 0
71523463331312 1473221 0
71463523331222 1291419 0
71523463131311 1255951 0
71523463231313 1501496 0
71543622111131 765548 0
71534262122222 1418006 0
71542633132322 866550 0
71543623111121 837895 0
71563243221221 1096975 0
71546233331213 1349091 0
71546322231212 1398778 0
71562433123232 951005 0
71643523331213 1421461 0
71643252231212 1408971 0
71625433213133 1652161 0
72143651121113 1046192 0
72134562312212 1196130 0
72136541322233 935256 0
72143563222331 850395 0
72143651131112 1238186 0
72143651213111 722621 0
72143651312111 722429 0
72143652111311 800936 0
72146352232223 1078011 0
72145633312223 1295720 0
72145631233223 969532 0
72145633232231 954302 0
72143653111211 798249 0
72163453121213 1098548 0
72163452122222 1421100 0
72163453131212 1435015 0
72165432111113 889376 0
72165431113331 686799 0
72163453133333 1354643 0
72164353131113 1261521 0
72163453331333 1634934 0
72165432323312 905707 0
72165432111122 975608 0
72165432211112 941713 0
72165433121333 784043 0
72165433321223 915069 0
72165433221233 766718 0
72165433233323 965520 0
72165433111112 847819 0
72345611133113 662685 0
72165433331213 1118491 0
72345611111111 902580 0
72345612122111 1031356 0
72345611222222 828583 0
72345611221223 925537 0
72345611331332 1050830 0
72345612331331 642274 0
72345613221221 679421 0
72356141112323 809539 0
72345613333331 842269 0
72356143211123 744099 0
72356141232113 1084799 0
72361453232333 721518 0
72365412222212 1239988 0
72361542333233 1587839 0
72365413331333 907215 0
72365413131212 1335061 0
72365413121312 1735434 0
72531463321232 1194678 0
72513641232323 1056732 0
72516342313223 1385975 0
72513641233322 1177431 0
72435163333313 1183805 0
72541631111312 1132364 0
72541631111213 1192221 0
72534163211123 1011537 0
72541633121111 1039946 0
72541631112131 891994 0
72541632131111 796369 0
72541631113121 1043509 0
72543162311111 788588 0
72543611221223 1228276 0
72543163211111 894679 0
72543611223221 1363510 0
72543613133222 1614986 0
72543613132232 1624862 0
72543611331332 1439625 0
72543611332331 1604387 0
72543612331331 1638984 0
72543613322312 1534822 0
72543613221221 1725250 0
72543613223312 1808009 0
72546313323212 1160672 0
72546311323112 1106664 0
72561433221233 1582296 0
72561342313223 1336078 0
72561432213122 1807049 0
72561433321223 1332521 0
72561433321133 1435917 0
72561433311233 2008733 0
72563411113121 800361 0
72563412131111 717121 0
72563411111213 934866 0
72563411112131 1222054 0
72563411111312 1299220 0
72643513212311 988957 0
72563413121111 725174 0
72643513212332 975303 0
73146522113231 719401 0
73246153312211 767731 0
73516243323113 1121982 0
73456123231322 1048998 0
73125463133132 1260151 0
73516243332131 905617 0
73542163321133 1323807 0
73541262321212 1333719 0
73564213321322 1324791 0
73615241112323 1430099 0
73542613132121 925812 0
73614251112323 907639 0
73542613132322 938975 0
73615242223133 1767492 0
73615243123313 1713868 0
73615241113322 1302049 0
73615243213313 1784268 0
73615421113322 942211 0
73615243332311 1048905 0
73615423213211 1285302 0
73615243331312 1048477 0
73624513332131 1285929 0
73615423333331 1013758 0
73624513121132 1989250 0
73625141112323 953954 0
73625143121213 1096297 0
73625143333313 1129773 0
73642511111111 976060 0
73625412222323 974418 0
73642511113322 1421173 0
73642513223222 1560427 0
73642511113232 1393321 0
73645211231111 893956 0
73645122222311 950797 0
73645211321111 710513 0
73645121113211 1212724 0
73645211223113 707327 0
73645213333112 1179250 0
73645211332112 910533 0
73645213112231 861139 0
73654122221111 944328 0
73654122111122 1166675 0
73651241113322 1038663 0
73652413211312 1476543 0
73652413331321 1046387 0
74123652322121 1524414 0
73654211111132 1122000 0
74123563323221 809649 0
74123653133132 1529363 0
74123653133231 1386464 0
74125631313311 697739 0
74123653133222 1512167 0
74123653132232 1926964 0
74125632121121 1021495 0
74125632122111 932377 0
74125632131111 1224565 0
74125633131233 1211728 0
74125633121111 1188525 0
74125633133222 1203252 0
74125632321332 790627 0
74125633132232 1135478 0
74125633332323 935310 0
74125633133312 1489828 0
74126352333122 1342671 0
74132562121121 1122792 0
74132562122111 1046292 0
74132563132112 1340315 0
74132563131221 1606189 0
74132561321231 1074404 0
74136522322121 1411030 0
74152363132232 1316184 0
74152363133132 1345281 0
74156322122123 1032908 0
74152363133231 1292518 0
74156322313223 799397 0
74156322122321 1015019 0
74152363133222 1481399 0
74156323132331 1231564 0
74156323133123 1251438 0
74163251121122 1110696 0
74163252112211 754439 0
74163253131332 1214780 0
74163253133132 1250303 0
74163253121111 1081170 0
74163252131111 1424538 0
74163253133213 1320688 0
74163253133231 1291386 0
74163253332323 840687 0
74165231121212 1311398 0
74165231131313 1503499 0
74165231212121 1637631 0
74165231313131 1435026 0
74165232111212 2076624 0
74165232121211 1265287 0
74165232121112 1239988 0
74165233111313 2219425 0
74165233131113 1517860 0
74165233131311 1674869 0
74165233131323 1563890 0
74165233132313 1634944 0
74165233231313 1759572 0
74213652323132 843688 0
74251633111313 1244477 0
74256311321222 1672559 0
74265312333233 864219 0
74321563311131 980303 0
74312652333332 1006263 0
74321653233323 913805 0
74256313111232 2572936 0
74325613121312 1564844 0
74325163131323 1288573 0
74325612221222 1013385 0
74325613133333 924994 0
74361253211231 943668 0
74365211121221 856058 0
74325613131212 1258527 0
74361253112132 1353330 0
74365211312111 751499 0
74365211313113 936450 0
74365211213111 716878 0
74365212111311 757030 0
74365213111211 852031 0
74365212222323 792368 0
74365212333332 873559 0
74365211333111 882546 0
74512362313223 852814 0
74512361322233 1006448 0
74365213121333 919165 0
74521633121213 1386366 0
74521632222212 1213829 0
74521633121312 1316001 0
74521633133333 1447018 0
74513263121222 1690923 0
74521633333313 1289025 0
74523611121113 952519 0
74523611131112 1301352 0
74523611213111 764765 0
74532163123223 1194181 0
74523612111311 838747 0
74523613111211 816300 0
74523611312111 743710 0
74561232111113 1000249 0
74561232221111 935106 0
74561231111222 1005768 0
74561233111112 1090460 0
74561233321133 746723 0
74561233311233 778469 0
74561233233323 918265 0
74561233131233 995135 0
74563211232332 1019674 0
74653213133222 1278174 0
74561233321313 1312125 0
75132463233233 1395824 0
75143263231313 1456990 0
75146321323331 1087711 0
75231463211123 1614131 0
75213642223133 1397318 0
75236143213232 1075727 0
75234162221111 1220568 0
75234161322233 960675 0
75243611113232 1196710 0
75243613213232 1113015 0
75246131333312 1276061 0
75241632222323 1135978 0
75243162211322 2068884 0
75246313212311 1091846 0
75246313312211 1101172 0
75246311111111 1822260 0
75264132321212 1036401 0
75261432123233 1143869 0
75246313332332 998563 0
75264132121232 1094630 0
75264132223331 1115508 0
75264133121333 1165422 0
75264133331213 851180 0
75264311223122 1373643 0
75314623113122 939485 0
75312463333133 1208590 0
75264313231112 1494536 0
75314621133221 775848 0
75314621313212 1828309 0
75321463132121 958999 0
75321461311112 892434 0
75316241231231 1465001 0
75346212323333 1024800 0
75346211133122 1006049 0
75346122133133 1125338 0
75346211211311 1041049 0
75346211311211 755891 0
75346213132121 891980 0
75346213132322 956942 0
75346213112132 919932 0
75412631223332 815915 0
75416323232213 943116 0
75346213332122 1104938 0
75431263133213 1184591 0
75462132123212 1635692 0
75613243131332 1136587 0
75634123323122 826687 0
75613243133213 1183645 0
76143252131312 1323472 0
76123453233323 855713 0
75642132213311 838557 0
75641323232111 852682 0
76125343333133 1418788 0
76143253131212 1361021 0
76143252221222 994648 0
76143253331333 1254267 0
76145231122112 1383667 0
76145231131112 1147536 0
76143253333313 1447493 0
76145231121113 914573 0
76145231221112 1523110 0
76145232123332 778176 0
76145232233213 1256892 0
76145231311331 772031 0
76145233232333 870040 0
76145232332213 1147154 0
76145233133213 1063676 0
76145232331313 1026490 0
76154323333112 1167651 0
76213543311332 919757 0
76215341231231 985470 0
76213543213133 1549335 0
76231451123111 878236 0
76215433333133 1229172 0
76245311131121 756748 0
76245311213312 990796 0
76245311121131 865549 0
76245313123121 766459 0
76245313122122 990204 0
76245312132131 971244 0
76254133311323 1631742 0
76253141211332 900173 0
76253141123132 899525 0
76253413322312 1278680 0
76254313211111 1441469 0
76312453311311 1015449 0
76312453211111 955616 0
76312452212111 1834136 0
76312542322121 901733 0
76312543322222 1179334 0
76315241112113 1069878 0
76315241113112 1003839 0
76312542321212 880913 0
76315241223113 928204 0
76315241323313 994830 0
76315241322122 796544 0
76321452122321 1492789 0
76315241332112 789259 0
76315243211231 1014293 0
76315243323323 1067948 0
76321452122123 1562702 0
76321452123323 1579711 0
76321452122333 1221389 0
76321452212231 1675929 0
76321453233131 1390426 0
76321453321133 1315995 0
76321452213122 1552959 0
76321453313312 1739299 0
76321453311233 2004300 0
76321543211111 810518 0
76321542211112 1175926 0
76321453323311 1769862 0
76325411111213 896483 0
76324151112323 1108914 0
76321543311131 942589 0
76324153323122 769551 0
76324151112233 1098194 0
76325411112131 810198 0
76325411113121 788421 0
76325411111312 1631515 0
76325412112121 979555 0
76325411122121 801375 0
76325412333233 923199 0
76325412231212 1339853 0
76325411331311 888958 0
76341251111213 1138022 0
76341251111312 1167899 0
76325413222223 896979 0
76341251113121 946214 0
76341252232313 913871 0
76341251112131 938792 0
76341251221121 917598 0
76341251311313 1013628 0
76341252323333 919049 0
76341253233131 814808 0
76341253221212 1160025 0
76342512232223 828829 0
76342511323112 1076318 0
76342511111321 944484 0
76342511111231 734877 0
76342513213112 1592712 0
76342513323122 1166511 0
76342513322111 1298334 0
76342513323212 1207429 0
76345123211111 858487 0
76345122213311 840546 0
76345122311111 986263 0
76345122211112 1137846 0
76345122211121 1227455 0
76345123312211 773921 0
76345123311131 1122659 0
76345123311113 947444 0
76354121122121 900375 0
76351423321232 1074639 0
76351421112323 1050292 0
76351421113322 805500 0
76354121121212 1043133 0
76354122111212 1054315 0
76354121313131 1170588 0
76354121311313 899100 0
76354122112121 1001773 0
76354122212222 939257 0
76354123211123 995204 0
76354123211132 987839 0
76354123313333 1208622 0
76354212313322 1113946 0
76354212312233 1057311 0
76354212213323 865247 0
76354213312223 1002751 0
76354212333332 1071479 0
76354213222223 1055717 0
76421351131121 775037 0
76512343213313 2095033 0
76512343332311 1398532 0
76514321232113 1006087 0
76514321112323 790382 0
76523413223231 1039892 0
76524313331222 1362294 0
76541232221222 1239776 0
76521433232333 726784 0
76541232131213 1903757 0
76541233331333 1022389 0
76541233121213 1307338 0
76541233333313 1111542 0
76543211223221 737830 0
76543211212112 999599 0
76543211333333 783414 0
76543211332331 898610 0
76543211111111 1664812 0
76543212132323 748445 0
76543212323213 702925 0
76543212222221 948105 0
76543213113131 746096 0
