12345672121232 7757 0
12345672123212 6257 0
12345672321212 6274 0
12345673131323 6165 0
12345673132313 7383 0
12345673231313 7325 0
12345761111111 3577 0
12346571111231 3441 0
12346751113133 6692 0
12347561112212 8137 0
12347651111111 3089 0
12347651122112 6717 0
12347651133311 6058 0
12347652111221 5493 0
12347652123233 5758 0
12347652123332 7568 0
12347652223232 4249 0
12347653111133 5788 0
12347653132223 5872 0
12347653132322 5299 0
12347653332323 4401 0
12354671111111 3423 0
12354761112323 3039 0
12354762121112 7231 0
12354762121211 7857 0
12354762311123 4562 0
12354763131131 5090 0
12354763133111 5267 0
12354763211123 3527 0
12356471113133 6931 0
12356741133131 4216 0
12356741313131 3992 0
12356743113131 4324 0
12357461111222 5995 0
12357461113331 8396 0
12357462211112 5056 0
12357641113331 6554 0
12364571112212 7217 0
12364751112212 5433 0
12364751113133 8385 0
12364753311131 4629 0
12365471111111 5439 0
12365471211122 5579 0
12365471313113 5027 0
12365472223232 4626 0
12365472321233 6773 0
12365473232312 6546 0
12365473332323 4598 0
12365741113331 6969 0
12367451123333 3502 0
12367451132222 3534 0
12367451213333 4408 0
12367451312222 3652 0
12367452113333 3915 0
12367453112222 3642 0
12367541112212 5592 0
12367541113331 6412 0
12367541331131 4812 0
12374561121212 4023 0
12374561211212 4080 0
12374562111212 4184 0
12374651111222 8088 0
12375461111222 6505 0
12375641113112 3838 0
12376451111222 5144 0
12376451113133 5260 0
12376451221211 4918 0
12376541112323 4431 0
12376541232233 4436 0
12376541322233 3700 0
12376542121232 5218 0
12376542123212 5082 0
12376543133132 6461 0
12376543133231 5961 0
12456731132321 9218 0
12456731233223 7357 0
12456733223321 11465 0
12463751231231 6443 0
12467351131121 3495 0
12467351231321 5040 0
12473561132123 6116 0
12536741112323 5430 0
12537461332112 6160 0
12543671111111 2966 0
12543671211212 5223 0
12543671331113 5238 0
12543672121121 5425 0
12543672321332 7660 0
12543672322232 4254 0
12543672331232 5857 0
12543673111331 5157 0
12543673221323 5398 0
12543673231223 5966 0
12543673233323 5083 0
12546371221331 7391 0
12563472131213 4311 0
12563473131212 4295 0
12564733323122 6137 0
12567433232333 4297 0
12576343212221 7407 0
12637451132111 11164 0
12637451332112 6900 0
12643571321321 6374 0
12645371131121 3725 0
12673542331133 9820 0
12734561112323 5321 0
12734561322233 8847 0
12734562313223 8416 0
12745631111111 3207 0
12745632111122 5390 0
12745632212213 8334 0
12745632222221 7202 0
12745632232211 8182 0
12745633131131 5557 0
12745633313312 8062 0
12745633313333 7173 0
12745633323311 8050 0
12753462231323 6212 0
12763452322232 4383 0
12765432121313 4043 0
12765432222212 4150 0
12765433121213 4153 0
12765433331333 3968 0
13245671321111 3603 0
13246571111111 2920 0
13246571112233 3626 0
13246571113232 4440 0
13246572321332 7949 0
13246572331232 7336 0
13246573221233 5195 0
13246573321223 5364 0
13246752133211 7134 0
13247563212131 11172 0
13254761322233 5552 0
13254761323322 5968 0
13254762321233 6133 0
13254763323122 6633 0
13257641112233 8416 0
13265741112323 6846 0
13265742131312 7089 0
13267451122211 4823 0
13267451311133 7027 0
13267541111132 6673 0
13267541232212 5745 0
13274651112323 4747 0
13275461112233 8313 0
13275463213211 5515 0
13275641112233 4718 0
13275641112323 4635 0
13275642131333 8222 0
13275643212221 8462 0
13276451113211 7987 0
13276451233133 5673 0
13276541133122 12265 0
13276541213312 10542 0
13276541321123 10982 0
13276541322311 10452 0
13276541323112 6169 0
13276541323322 6196 0
13276542323312 7129 0
13276543323122 7018 0
13462571111111 5476 0
13462572213311 12691 0
13527461211113 7136 0
13542671231231 6417 0
13546271213213 4644 0
13546271231231 8409 0
13546271321321 5458 0
13572641122133 4559 0
13576241312213 6914 0
13576241321321 6030 0
13627451332112 6592 0
13642571221223 4343 0
13642571223221 3875 0
13642573221221 4230 0
13645271221331 6518 0
13647521111111 9459 0
13675241112323 8558 0
13675242331313 5734 0
13725642332132 6331 0
13754262123323 12084 0
13762451321321 6367 0
13764251211311 4305 0
13764252323231 4977 0
13765422121211 7914 0
14263751131121 4525 0
14267351321321 6302 0
14275633323122 6195 0
14325671111111 5411 0
14325672112121 5422 0
14325672231323 6455 0
14325672323222 4749 0
14325673123232 6751 0
14325673232333 4496 0
14325673311131 5763 0
14327652131213 4417 0
14327653121213 4219 0
14352672212111 6863 0
14356721112323 5453 0
14356721322233 12598 0
14367252322232 5490 0
14367523311113 7723 0
14523672121313 4336 0
14523673121312 4198 0
14527631121311 4367 0
14527631131211 4155 0
14527631133311 5261 0
14527631211131 4674 0
14527631311121 4918 0
14527632122213 6342 0
14527632212111 7143 0
14527632333332 7344 0
14527633132322 6014 0
14527633312133 8818 0
14536273311311 6408 0
14537622231323 6829 0
14563272323222 5518 0
14567231312213 9936 0
14567231321123 10365 0
14573261333111 6350 0
14625731111111 12266 0
14625731131121 4003 0
14625731322233 10709 0
14625732112121 6715 0
14625732113321 6437 0
14625732213323 6602 0
14625732233111 6463 0
14625733133111 6060 0
14632571111111 6031 0
14632571321132 6071 0
14652733321331 5539 0
14673251111111 6727 0
14723651111213 4344 0
14723651111312 4437 0
14723651112131 4466 0
14723651113121 5364 0
14723651211212 7285 0
14723652322121 8374 0
14723652331232 5329 0
14723653232222 6231 0
14723653313111 7235 0
14723653321313 7839 0
14725361111111 7349 0
14725361111123 10051 0
14725361322332 12231 0
14725362211121 7496 0
14725363211213 6728 0
14725363213121 6183 0
14725363223213 6859 0
14725363311113 6354 0
14726531223122 6505 0
14726531232122 6696 0
14726531233313 6550 0
14726531333312 6902 0
14726532232313 6945 0
14726533323122 6552 0
14735621221112 6166 0
14735621223113 6187 0
14735621223332 10502 0
14735621233112 7121 0
14735621323112 7006 0
14735621332112 5913 0
14735621333111 6137 0
14735621333222 10790 0
14736251111132 6891 0
14736251112332 7465 0
14736253222223 5459 0
14736521132222 6871 0
14736521133131 8107 0
14736521211212 6522 0
14736521213333 5735 0
14736521221313 6420 0
14736521321231 4468 0
14736521322233 3310 0
14736521332121 6032 0
14736523112222 6920 0
14736523113131 7851 0
14752363222121 5677 0
14752363232222 6905 0
14752363233131 5899 0
14752631111111 7720 0
14752631112311 10311 0
14752631323223 10567 0
14752632332132 6628 0
14752633213223 6724 0
14752633222223 6494 0
14752633223123 7073 0
14752633223231 10585 0
14753261221112 5534 0
14753261323112 7032 0
14753261333111 5555 0
14762351221331 5858 0
14762351321231 5774 0
14762351331221 5329 0
14763251221223 3945 0
14763251222312 5228 0
14763251332331 5645 0
14763251333123 3717 0
14763252322121 3738 0
14763253132232 3728 0
14763253133132 3666 0
14763253133222 4217 0
14763253133231 3735 0
14763253221221 3991 0
14763253222112 3898 0
14763521113211 6859 0
14763521113223 7735 0
14763523222331 5140 0
14765231111213 4732 0
14765231111312 5061 0
14765231112131 4585 0
14765231113121 4234 0
14765231133131 5815 0
14765232211211 7337 0
14765232232322 6603 0
14765232331313 7986 0
14765233113131 5860 0
14765233323332 5699 0
15236471111111 8927 0
15236473231121 5968 0
15243671331221 6617 0
15246371331332 4076 0
15246371332331 4101 0
15246372331331 3910 0
15267431223113 6098 0
15273641112323 12677 0
15324673113311 7881 0
15342671211311 3323 0
15346271321321 7093 0
15367421211113 11222 0
15367421223113 8010 0
15367423211123 9365 0
15426371111111 5213 0
15426371112233 9075 0
15463271313113 6364 0
15624732123212 7834 0
15624732133313 5646 0
15624732333332 6081 0
15627431223113 5380 0
15627431322113 6557 0
15627431332112 5488 0
15634722123332 4720 0
15634722321233 5869 0
15637423211123 4145 0
15642371111111 4311 0
15642372213311 3728 0
15642372231332 5244 0
15642372331322 5107 0
15642373212311 4311 0
15642373221323 6059 0
15642373231223 6554 0
15643271221331 6294 0
15643271331221 5483 0
15643273223111 4904 0
15647233213232 6411 0
15672341113232 4797 0
15672341323112 6323 0
15672342323312 5544 0
15672343213232 5334 0
15672433312133 13356 0
15724362212132 5842 0
15724631111111 11620 0
15724631211311 3744 0
15724631322233 10535 0
15724632123233 7176 0
15724632313223 10497 0
15724632323231 6821 0
15724632323333 6219 0
15724633132322 6224 0
15734622331223 5417 0
15746321111111 6197 0
15746321323211 5985 0
15746322313112 5992 0
15762342122213 8167 0
15763241111111 6860 0
15763242323132 6894 0
16243571132132 5074 0
16243571231231 6023 0
16243571321321 8415 0
16245371231231 7405 0
16254733312223 7530 0
16257431132111 7011 0
16257433223123 6910 0
16273541122133 7767 0
16273541321321 5726 0
16275341312213 5841 0
16275343122221 7808 0
16327453232333 4898 0
16342571331221 6843 0
16345271111111 5316 0
16345271133131 6050 0
16345271222111 6107 0
16345272322232 4721 0
16345272333212 6660 0
16345273122323 6568 0
16345273233323 4618 0
16347252131312 4314 0
16347253121312 4308 0
16357421223113 6735 0
16374521112323 5123 0
16374523211123 9056 0
16423572112121 6371 0
16427531211311 7462 0
16427531231321 5939 0
16427532333233 5597 0
16453271111111 11312 0
16453271211113 9380 0
16453272111131 7889 0
16475233132313 8111 0
16523473332323 5000 0
16523741112212 6569 0
16524731112212 7980 0
16524731112233 5554 0
16524731113133 5662 0
16527341111111 5036 0
16527431123333 3766 0
16527431222132 4434 0
16527431312222 5426 0
16527431333213 3463 0
16527432113333 3554 0
16527432211322 4264 0
16527432231122 4170 0
16527432231332 3858 0
16527432331322 3734 0
16527432333113 3620 0
16527433312133 3979 0
16532471111222 6460 0
16534271111111 3424 0
16534271111132 4564 0
16534273211111 5014 0
16534723211123 5296 0
16537421111222 7834 0
16537421113322 4889 0
16537421113331 5803 0
16537421223113 5422 0
16537421233112 6618 0
16537421332112 5656 0
16542371221331 5028 0
16542371331221 5145 0
16542372112331 5019 0
16543271221223 3661 0
16543271223221 3537 0
16543271331332 3805 0
16543271332331 4427 0
16543272331331 3388 0
16543273221221 3548 0
16543721111111 3469 0
16543721113211 4633 0
16547233332323 4304 0
16547321113331 7304 0
16572431111111 5125 0
16572433213223 5176 0
16573241123123 4964 0
16573241312312 5823 0
16574231113133 6471 0
16723451122133 9880 0
16723451322311 9956 0
16725431121311 4374 0
16725431131211 4443 0
16725431211122 6066 0
16725431211131 4248 0
16725431311121 4072 0
16725432211121 6079 0
16725432232223 5360 0
16725433113311 6458 0
16725433122212 6833 0
16725433333232 6510 0
16735242122213 10793 0
16742352232313 6365 0
16743252323222 4331 0
16745232121313 4290 0
16745232122222 4129 0
16745233121213 4041 0
16745233333313 4356 0
16753241221112 6782 0
17246351111111 5194 0
17265433111313 13215 0
17324561211323 8830 0
17324561232332 5946 0
17326452212111 8197 0
17356241212313 5929 0
17356242211331 6185 0
17362451211311 3331 0
17362451231321 5128 0
17362452213311 4687 0
17364251231231 7274 0
17423653213232 6524 0
17425631122112 6573 0
17425631223113 6047 0
17425631313113 6439 0
17425631322113 7098 0
17425631322332 10522 0
17425631323112 7120 0
17425631323223 10241 0
17425631332112 6108 0
17426531112233 3645 0
17426531121212 6316 0
17426531132312 6135 0
17426531213123 5946 0
17426531223221 5785 0
17426531232233 4358 0
17426531313131 5190 0
17426531331332 6133 0
17426532121211 5094 0
17426532331331 7526 0
17435622211133 4332 0
17435623211123 4664 0
17436521323232 3807 0
17452363213232 5150 0
17452363322132 7278 0
17452633213232 6658 0
17453262211133 4006 0
17462352213311 3859 0
17463251122112 7380 0
17463251221331 5208 0
17463251313113 5594 0
17463251321231 5435 0
17463251323112 6927 0
17463251331221 5658 0
17526431131121 8151 0
17526431231321 5948 0
17526432123233 5844 0
17543261111111 10080 0
17543261132111 7103 0
17642531111111 5361 0
17642531112233 8903 0
17642533312211 8995 0
17643251122112 6752 0
21345671111111 3822 0
21345762223322 8339 0
21345762312323 4759 0
21345762313223 4696 0
21345763332233 8368 0
21346752313322 4535 0
21347562312323 12580 0
21354671122112 4981 0
21354671131313 6575 0
21354671221112 5125 0
21354672311123 4407 0
21354672311132 3601 0
21354672313211 4407 0
21354673131113 6077 0
21354761112233 10440 0
21354761112311 6545 0
21354761113211 6862 0
21354761113322 12165 0
21354761122211 7028 0
21354761133311 7124 0
21354762213311 10882 0
21354763312211 10355 0
21357462311111 7667 0
21357463213331 6210 0
21357642221132 11191 0
21364752311111 6817 0
21364753212212 5460 0
21365742221312 5712 0
21365742312323 8466 0
21367451311331 5726 0
21367452112112 4858 0
21374653333121 7308 0
21375462312233 5817 0
21375463333211 7928 0
21376541111123 4696 0
21376541112311 6639 0
21376541122211 5522 0
21376541131133 5452 0
21457631321123 6964 0
21473563331312 7432 0
21536742222131 8100 0
21654372231323 5435 0
21654372233321 4811 0
21654373332122 5422 0
21654373332221 6362 0
21734652123131 9119 0
23147562123131 4330 0
23147651112323 7837 0
23147652312323 5837 0
23156471222132 6178 0
23156471333132 5549 0
23156473323332 7927 0
23157461231333 10987 0
23157462131123 10254 0
23164573213133 5486 0
23164752131312 7884 0
23164753333313 7844 0
23165471111111 4025 0
23165471311133 6158 0
23165471312132 6489 0
23165472111122 6810 0
23165472111332 6455 0
23165472132332 6625 0
23165472311111 12289 0
23165473233221 10810 0
23165741112323 4481 0
23165741231312 12659 0
23165742123131 3473 0
23165742131321 12622 0
23165742131333 12336 0
23165742312323 5690 0
23165743331312 12285 0
23167541233322 6074 0
23167542131222 8082 0
23174652123131 3678 0
23175463211222 6814 0
23176452132221 6771 0
23176453332233 6659 0
23416752121211 11129 0
23417563232123 7923 0
23456173212332 5892 0
23456173233122 4737 0
23456713212332 6331 0
23475162121112 7649 0
23517462131333 8528 0
23576412233321 8995 0
23576412312323 8466 0
23657142121112 9054 0
23671452122333 13772 0
23674153232321 4258 0
23751461132123 5744 0
23751463112321 5832 0
23756143222331 7152 0
23756411222312 4073 0
23756413222112 6034 0
23756413223312 3904 0
23756413322312 4030 0
24153672321233 6661 0
24157361313212 5664 0
24157362323111 12098 0
24167353132232 7498 0
24173652323231 4609 0
24315673311311 8449 0
24315761122322 6999 0
24315762213323 6971 0
24351671212211 5576 0
24351673111133 4928 0
24351673311311 6386 0
24351761111123 6794 0
24351761212232 6234 0
24367511323112 8084 0
24367513111121 6836 0
24376512222122 8150 0
24516732233111 4540 0
24531673123121 8767 0
24536713231232 5723 0
24537613231322 6344 0
24561372111131 6615 0
24563711121212 7570 0
24563712121232 8122 0
24563713121222 7888 0
24571362221213 9064 0
24571631121212 10865 0
24615371112332 5616 0
24615372213311 8583 0
24615731122313 12400 0
24615731132333 12569 0
24615732111323 12454 0
24615732213311 5669 0
24615732233321 4606 0
24615733113323 12532 0
24615733311122 3593 0
24617532233321 9825 0
24637512311132 4139 0
24651731113223 7996 0
24651731333333 6197 0
24715363311332 6205 0
24715631111111 11939 0
24715631122121 7252 0
24715631122133 6531 0
24715632313223 10014 0
24715633112111 3814 0
24715633131131 6851 0
24716532323231 7997 0
24731561111111 5525 0
24731562311231 6102 0
24736512222332 10262 0
24751362221231 12055 0
24751362321113 14016 0
24761531221223 8587 0
24763151111111 6863 0
24765313222112 8469 0
25134672233321 8784 0
25134672312323 8876 0
25134672313211 5385 0
25137461111111 6173 0
25137461211323 5538 0
25163741112323 9924 0
25314673111313 4114 0
25314673111331 3972 0
25314673131311 4224 0
25341673113311 9479 0
25341762313223 8536 0
25364172311231 6053 0
25364173223231 6168 0
25367411211122 6284 0
25413672323111 9487 0
25413763121222 8840 0
25436711311313 7049 0
25436712123122 6535 0
25436712123332 6767 0
25436712132122 6477 0
25436712323231 10405 0
25436713232321 3885 0
25436713332122 6719 0
25463713212332 5836 0
25471362323132 6609 0
25471631312213 8917 0
25631741212121 12002 0
25634713321232 8010 0
25641371213132 9821 0
25714632123131 3557 0
25714632223331 4222 0
25714632313211 3111 0
25714633121333 7275 0
25716431212223 6690 0
25716433223213 6776 0
25731642232211 11759 0
25734162221111 6258 0
25734613113323 9209 0
25736141111123 5966 0
25736141233232 5525 0
25736411133113 6367 0
25736411231321 4135 0
25736411321312 5612 0
25736411331113 6523 0
25736413123112 5969 0
25741361232113 4277 0
25741632222323 5883 0
25741632312323 4993 0
25743611233232 6607 0
25763142223133 4242 0
25763411332322 5332 0
26135742132221 7502 0
26135742213323 4638 0
26135742332312 7220 0
26153471122121 5586 0
26153473131131 5481 0
26153473132121 7035 0
26154372332213 13238 0
26175432331133 8054 0
26317451212211 8344 0
26345711223113 5324 0
26371453112111 4940 0
26415731322323 5508 0
26415732121223 6094 0
26415732233321 8317 0
26435712222122 11559 0
26435712233321 6061 0
26435712311132 3274 0
26435712322322 8622 0
26435713311122 4409 0
26435713333133 9604 0
26437512122312 6193 0
26453172211133 4241 0
26453711333333 5886 0
26513471122121 6641 0
26517343333313 13867 0
26534713333313 6700 0
26543171111111 11257 0
26543171123111 6780 0
26547313131323 7788 0
26573413331312 7815 0
26714531212133 10109 0
26714532121133 11155 0
26715433231322 6601 0
26741351232113 7362 0
26743512121232 9196 0
27134561131133 6168 0
27154632311132 9313 0
27314652313211 5555 0
27365412321212 10910 0
27415363131113 8922 0
27415632323231 6787 0
27415633321322 6256 0
27416532133232 4990 0
27416533321232 6983 0
27435612122222 6318 0
27453161123111 6851 0
27453161132111 7810 0
27456133132223 6402 0
27516341111111 4285 0
27534161111111 3585 0
27534161111123 6469 0
27534162311111 4746 0
27534612311132 3708 0
27536412332312 6877 0
27543611111123 6680 0
27543611111132 4553 0
27546312231122 14392 0
27613543333133 9628 0
27614353311332 8100 0
27615431312333 7338 0
27615432113321 4614 0
27615433313213 7615 0
27634511131133 5500 0
27634512233321 5872 0
27643513311233 11879 0
31246753312211 4529 0
31247651113232 7020 0
31247651323232 7891 0
31256471231222 5638 0
31257462222221 5841 0
31257462312311 5616 0
31257643311122 4375 0
31264572122213 6116 0
31264573132313 6920 0
31264573222223 5779 0
31264752132122 6744 0
31264752313121 7154 0
31265471111111 10142 0
31265471122112 7519 0
31265471122133 6283 0
31265471312213 6827 0
31265471313113 6375 0
31265471321111 7371 0
31265472233321 12107 0
31265472312233 6957 0
31265741233331 5720 0
31267542222233 9932 0
31267542313133 10286 0
31275461112233 4543 0
31275461322233 4428 0
31275462133211 8884 0
31275462223211 7898 0
31275462311213 9458 0
31275462312212 8532 0
31275463311122 3371 0
31276452133322 7099 0
31276452313313 6614 0
31452671323211 6220 0
31452671332232 5875 0
31452672322331 6080 0
31456722111221 6325 0
31462751111111 5322 0
31462751113322 8532 0
31475261322233 8422 0
31475262331313 6877 0
31475262333221 5682 0
31524673332122 7717 0
31527643332122 7390 0
31564272212111 5952 0
31564272213311 5792 0
31564273113311 5431 0
31572461122133 4580 0
31624751112233 8897 0
31624753312211 8365 0
31627452221333 8974 0
31654272313322 8048 0
31754621331122 11548 0
31765242322121 8353 0
32145671111111 3230 0
32145671123333 8080 0
32145671132222 8427 0
32145671221112 5768 0
32145671333333 7199 0
32145672113333 8067 0
32145672212222 7223 0
32145673112222 8280 0
32145673311113 6116 0
32146751232323 6080 0
32146752232223 5489 0
32147562313223 4796 0
32147562333233 6281 0
32147651123333 3673 0
32147651132222 4270 0
32147651213333 3809 0
32147651312222 3973 0
32147652113333 4669 0
32147652231332 3612 0
32147652233213 4366 0
32147652331322 3652 0
32147652332213 4238 0
32147653112222 3793 0
32156471111111 3768 0
32156471113211 11644 0
32156471232332 10588 0
32156472312332 6155 0
32156472332132 6104 0
32156472332321 10631 0
32156472333332 7268 0
32156473223123 6109 0
32156741112323 3139 0
32156742311123 4245 0
32156742313223 3658 0
32156742333131 5556 0
32157641232323 4874 0
32157642231323 5907 0
32164571111111 10406 0
32164571111231 7750 0
32164571232323 5888 0
32164572232223 6960 0
32164572232313 6508 0
32164572233321 10451 0
32164572312323 10462 0
32164573323212 6515 0
32165741111111 3833 0
32165741111132 11965 0
32165741233223 10115 0
32165742211112 7349 0
32165742331112 6552 0
32165743311131 6951 0
32167451111111 5285 0
32167451213333 8173 0
32167451222222 8070 0
32167451312222 8692 0
32167451333111 5026 0
32167452211121 5384 0
32167453222313 6454 0
32167453313333 6950 0
32167453321232 6814 0
32174561112323 4452 0
32174561232113 4312 0
32174561232233 5608 0
32174562231212 5490 0
32174652312332 6050 0
32174652332132 5452 0
32175461111111 10571 0
32175461113112 3800 0
32175461221112 6639 0
32175461333111 7024 0
32175462233111 6248 0
32175462312323 10913 0
32416753121222 8937 0
32417562113321 8146 0
32417652132131 7314 0
32417653132121 6483 0
32451762331121 8259 0
32456173212332 5867 0
32456711233133 13538 0
32465172112121 6286 0
32465172132131 6190 0
32465172133121 6205 0
32465172332321 10532 0
32465173123121 6158 0
32465173132121 6543 0
32465173133111 6010 0
32465173233221 10807 0
32475161232323 8719 0
32475163331222 6507 0
32476513232231 11642 0
32517463131311 13451 0
32546713323212 6376 0
32547611121113 4706 0
32547611131112 4383 0
32547611213111 5325 0
32547611312111 5031 0
32547612111311 4679 0
32547613111211 4453 0
32561471113133 7118 0
32561471121311 4264 0
32561471122211 7304 0
32561471131211 4389 0
32561471211131 5239 0
32561471311121 4344 0
32561472133313 7929 0
32561472213122 8257 0
32561473222223 6255 0
32561473323212 5420 0
32567412122222 5085 0
32567412131312 4444 0
32567412222212 4260 0
32567413131212 5021 0
32567413133333 3979 0
32576142313223 9148 0
32615473332122 6238 0
32647152133121 6730 0
32647153132121 5036 0
32647512333233 8492 0
32657143121213 11855 0
32657412111212 7074 0
32671453123313 8814 0
32674152113333 14512 0
32714652332132 6280 0
32716452123212 11189 0
32741651121311 4579 0
32741651131211 4353 0
32741651211131 4931 0
32741651311121 5228 0
32741652111113 4283 0
32741653111112 4611 0
32745611223332 9966 0
32745612313322 9947 0
32745612322331 9851 0
32751643321232 6488 0
32754163211123 12823 0
32756141233121 9302 0
32761452121313 3936 0
32761452122222 4070 0
32761452222212 4434 0
32761453121312 4531 0
32761453133333 3712 0
32765411112221 6742 0
32765411121113 4165 0
32765411131112 4331 0
32765411133113 5633 0
32765411331113 5685 0
32765412221312 6894 0
32765412323222 4549 0
32765413122212 6820 0
32765413223312 8293 0
32765413231223 5369 0
32765413322312 7986 0
34125672131213 4069 0
34125672131312 4172 0
34125672221222 4006 0
34125673133333 4450 0
34127651121113 5207 0
34127651131112 5413 0
34127651213111 4228 0
34127651312111 4424 0
34127652111311 4907 0
34127653111211 5887 0
34162752132212 13484 0
34165271112212 7222 0
34165271121311 4943 0
34165271131211 4614 0
34165271211131 5216 0
34165271311121 4173 0
34165271311133 5881 0
34165272323333 5407 0
34165273133312 8086 0
34165273222322 6700 0
34165273311131 5831 0
34167252213323 10085 0
34172562132332 7276 0
34172562313331 6966 0
34175263321232 6465 0
34216572213122 11965 0
34261572132131 5413 0
34261572133121 5978 0
34261573123121 5435 0
34265712212132 7909 0
34275161312213 5923 0
34275162112322 6376 0
34275162213221 6759 0
34516271111111 4327 0
34516272312332 6598 0
34516722313223 3944 0
34517622231323 7664 0
34521672223232 4211 0
34526713232312 4616 0
34527612211322 4346 0
34527612231122 4462 0
34527612231332 3881 0
34527612331322 3646 0
34527613312133 3639 0
34561272122123 3918 0
34561272122321 5249 0
34561272212213 4005 0
34561272213122 3840 0
34561272232211 3971 0
34561273221233 4311 0
34561273233131 3725 0
34561273311233 3835 0
34561273313321 5672 0
34561273321133 3766 0
34561273321223 3828 0
34561721111111 4418 0
34562171321111 7381 0
34562171321231 6918 0
34562172232313 5483 0
34567212223232 5697 0
34617252111212 8240 0
34617252123212 7790 0
34617252132212 7560 0
34617522221333 6260 0
34621572132131 6351 0
34625172111212 10766 0
34627512232313 5304 0
34651271123111 6742 0
34651272332132 7263 0
34675212222122 8447 0
34715262221123 8926 0
34716522223211 7095 0
34721652121313 4567 0
34721652131213 4924 0
34721652221222 4237 0
34721652222212 4990 0
34721653333313 3882 0
34725611212211 6854 0
34725612111113 4159 0
34725612121322 7014 0
34725612231212 6945 0
34725612231332 7967 0
34725612322232 4519 0
34725612331322 8271 0
34725613111112 4470 0
34725613111133 5592 0
34725613132223 5386 0
34725613311113 5542 0
34761252323222 5820 0
35126741232212 10111 0
35126742231233 10161 0
35127462331331 8094 0
35162472122231 6389 0
35162472123233 6649 0
35162473122221 6582 0
35162473323131 6787 0
35162473332122 6973 0
35162473332131 6429 0
35162742213323 8096 0
35167242132212 8685 0
35172461232323 9542 0
35174262213131 10311 0
35174262231113 9747 0
35246171111111 5339 0
35246171113322 8511 0
35246172213311 8945 0
35267141223233 5985 0
35267141321132 5545 0
35271461322233 11260 0
35416721113112 7599 0
35416723232213 5489 0
35417622223133 4013 0
35426712131132 6385 0
35426712311312 5566 0
35426713111313 5762 0
35426713131113 5476 0
35426713312211 5833 0
35461271111231 7821 0
35461271321231 6886 0
35461272222323 5023 0
35462171131313 6941 0
35462171212121 5758 0
35462171221223 7873 0
35462171332331 6543 0
35462172213311 3325 0
35462172223331 4562 0
35462172312131 5622 0
35462173123211 5674 0
35462173131311 6887 0
35462173221221 8131 0
35462712322322 7187 0
35472163222313 4703 0
35472163231322 5113 0
35476122221111 6401 0
35614722321233 7179 0
35617423131332 5850 0
35624712121232 4029 0
35624712321212 4145 0
35624712321332 6017 0
35624712331232 4055 0
35714623111322 13692 0
35721642221213 12917 0
35762142222113 10220 0
36125471111333 6350 0
36125471212112 6176 0
36125471213111 4133 0
36125471222111 6157 0
36125471312111 4399 0
36125472111311 4471 0
36125472121223 6711 0
36125473111211 4540 0
36125473232222 5367 0
36125473323233 6524 0
36125743222331 9471 0
36127451333222 11123 0
36145272122222 4025 0
36145272131213 4250 0
36145272131312 4066 0
36145273333313 4060 0
36147251121311 5164 0
36147251131211 5288 0
36147251211131 5152 0
36147251311121 4277 0
36147252111113 5689 0
36147253111112 4759 0
36152741231312 6781 0
36152742131321 6872 0
36172452133133 7890 0
36217452131333 7439 0
36217541223311 5721 0
36217543213112 5844 0
36241573212332 6389 0
36241753212311 4613 0
36415272123212 7713 0
36417522123311 11386 0
36514272212111 8053 0
36521472113321 10050 0
36521472331121 9896 0
36527411131133 6095 0
36527412111113 4439 0
36527412131222 6343 0
36527412211322 7992 0
36527412221312 6792 0
36527412231122 8068 0
36527412322232 4244 0
36527413111112 4564 0
36527413311311 6343 0
36541272323222 4403 0
36542712121322 12386 0
36547212121313 4566 0
36547212122222 4459 0
36547212131312 4031 0
36547212221222 4169 0
36547213331333 3809 0
36712542121112 3956 0
36712542121121 4005 0
36712542121211 5910 0
36712542122111 4125 0
36714252232223 4740 0
36714521232113 5742 0
36714522121322 6543 0
36714522122213 6168 0
36714523132223 5668 0
36714523132322 5380 0
36721451131331 6324 0
36721452121322 6762 0
36721452122123 8049 0
36721452122213 6323 0
36721452122321 7971 0
36721452131111 4686 0
36721452223232 4169 0
36721453113113 6082 0
36721453121111 4562 0
36725411121212 6075 0
36725411131313 6082 0
36725411212121 6991 0
36725411313131 5951 0
36725412111212 6364 0
36725412121112 6055 0
36725412121211 6448 0
36725412121232 5868 0
36725412123212 6432 0
36725412321212 6463 0
36725413111313 7214 0
36725413131113 6147 0
36725413131311 7454 0
36741252122123 4443 0
36741252122321 4323 0
36741252122333 3548 0
36741252123323 3780 0
36741253233131 3615 0
36745211211221 6840 0
36745212121223 6920 0
36745212122312 6991 0
36745212122333 8180 0
36745212123323 7871 0
36745212131111 4114 0
36745212223232 4421 0
36745213121111 4910 0
36745213131131 5655 0
36745213133111 5702 0
36745213232213 5375 0
36751243222322 5219 0
36752142122132 6450 0
36752142123221 5787 0
36752143132232 6542 0
36752143133222 6391 0
36752143211132 4233 0
36754123232222 4259 0
37246511112233 12703 0
37256142321233 6785 0
37415622333221 6062 0
37426513132313 4279 0
37452162323312 6396 0
37516422333311 8316 0
37561241311112 6745 0
37612453122233 6605 0
37612542221111 7048 0
37614252221123 6246 0
37614521111111 10383 0
37614521323232 4007 0
37614522111221 6669 0
37614522113321 6513 0
37614522313322 6460 0
37614522323312 6834 0
37614523232213 6954 0
37615421113322 6035 0
37615422211133 3390 0
37615422223133 4380 0
37615422313121 11679 0
37615422313331 8528 0
37615423121132 9719 0
37624152311213 6994 0
37624511232233 4257 0
37624512121322 6484 0
37624512231212 5686 0
37624513131323 6275 0
37624513231313 6429 0
37641252222323 6247 0
37642152213311 3824 0
37642513122221 9323 0
37645122312221 6217 0
37651242211133 4260 0
37651422312311 6099 0
37652141113232 5989 0
37652143231322 5402 0
37654212311222 11248 0
41236753232321 4659 0
41237561313131 7733 0
41263751312222 11890 0
41325671212211 6966 0
41325762313223 8432 0
41325763131233 5638 0
41352671212112 4006 0
41352671212121 3986 0
41352671222111 4169 0
41357622313112 6236 0
41367253111133 6862 0
41532672313211 5078 0
41532761233133 8079 0
41563273113311 6223 0
41576322212222 11008 0
41625372313211 5724 0
41625373121213 7904 0
41625731222231 5822 0
41635721212121 7769 0
41657321222312 7338 0
41673252212222 9041 0
41673521111111 6720 0
41723562313211 11235 0
41725361232113 3273 0
41725361321213 8516 0
41725362221213 9564 0
41725362313211 4328 0
41725362313223 4524 0
41725363121222 9004 0
41725363121231 7874 0
41725631111111 3781 0
41725631211122 6624 0
41725632322331 11041 0
41725633111133 6999 0
41725633121123 6150 0
41725633211111 10481 0
41726352313322 4552 0
41726532312233 9525 0
41735261323313 6491 0
41735262312233 5895 0
41735263123223 6874 0
41735621233232 5549 0
41735622313322 8697 0
41736521233232 5231 0
41736522332231 4826 0
41752631222123 5620 0
41752632311123 5576 0
41752632312323 4436 0
41752632313211 4424 0
41756231321213 7251 0
41756233121231 6944 0
41762532221333 9981 0
41762533123331 9424 0
41765231233232 7490 0
41765322221312 6855 0
41765322313211 8402 0
41765323122212 5802 0
42136752131312 11663 0
42137561123333 14055 0
42137653122131 5751 0
42137653132121 4810 0
42157633231322 7577 0
42163751121212 9266 0
42165373223123 5360 0
42167532131333 8394 0
42315673112111 3484 0
42351671212211 7020 0
42351763231133 12599 0
42367153111121 9980 0
42367153211123 7083 0
42516372233111 4843 0
42561733323122 6663 0
42573612323231 7048 0
42573613322231 7638 0
42613572313211 8511 0
42615371313332 8317 0
42615372213311 4738 0
42615372221213 8484 0
42615372313211 4606 0
42651372213311 12699 0
42651733311122 4455 0
42673512232133 4399 0
42751632321233 6186 0
42751632323231 4917 0
43126572133313 7627 0
43167251232212 7934 0
43176252123131 9020 0
43176252311132 8363 0
43216573132121 6099 0
43216573132223 6728 0
43216573212311 5643 0
43216573212332 6154 0
43512671313332 7228 0
43527612312323 4630 0
43561271111111 4547 0
43571262122222 11981 0
43572161111111 4753 0
43572612312323 4553 0
43576211123222 6846 0
43576212112232 7249 0
43615271333312 7109 0
43615272113321 6942 0
43617521223221 8751 0
43621752213323 8429 0
43651722323132 8041 0
43675122222122 8909 0
43675211221331 5606 0
43721653231313 10690 0
43751623123313 8262 0
43765212222122 8346 0
45167323322231 6718 0
45176231131313 3999 0
45176231133113 3938 0
45176231331113 4279 0
45176233131113 3944 0
45176321131133 9604 0
45213672221123 9754 0
45273162222122 8301 0
45276131131133 8598 0
45312671222312 7358 0
45312672223331 4536 0
45312672233321 3654 0
45312672313211 3023 0
45312673132313 5389 0
45312673222112 7975 0
45312673231313 5219 0
45312761113211 6999 0
45312761133311 6757 0
45312762221111 6032 0
45312762311111 5667 0
45321671212211 5907 0
45321671221121 4955 0
45321673113311 8298 0
45327612222323 6222 0
45362712122222 12056 0
45367122223133 3988 0
45367211111132 6497 0
45367211211122 5515 0
45367213111133 5530 0
45376121131133 5266 0
45376121331311 7179 0
45376211333123 6809 0
45376213131323 5872 0
45376213333322 5914 0
45612371133221 12290 0
45612372331121 10562 0
45612373112231 11007 0
45612373132121 6488 0
45612373132223 7108 0
45612373322111 10475 0
45612373332122 7150 0
45612373332221 6675 0
45613271331221 5704 0
45613272233111 6778 0
45621373123331 6034 0
45621373211111 7786 0
45621732212123 10169 0
45621732233333 10208 0
45623712332123 5866 0
45623713322321 5820 0
45637123132121 7427 0
45637123332122 6499 0
45671231132231 5778 0
45671233112132 12078 0
45673212212132 10513 0
45673213211222 9836 0
45713623223132 8167 0
45721363321313 5737 0
45721363322231 5746 0
45732612233321 12794 0
45736121122211 8756 0
46123571111111 7110 0
46123573232123 8149 0
46125731333123 7549 0
46127351131313 7691 0
46127352131333 8241 0
46127353131323 8224 0
46135272133313 10409 0
46153273131131 7850 0
46157233333232 4898 0
46157321331233 6155 0
46215372121223 5614 0
46215372313211 8415 0
46257132211133 5284 0
46257313312211 11140 0
46273512122312 5710 0
46273513221212 5866 0
46275311123222 8985 0
46275312112232 9543 0
46275312132212 8418 0
46275312232133 3395 0
46275312313211 4429 0
46275313121222 7783 0
46275313312211 4444 0
46321752111131 7260 0
46352171211233 5851 0
46352172113231 8952 0
46372511221331 6429 0
46375211211332 12201 0
46375212113111 10173 0
46375212132131 6260 0
46375212132221 6853 0
46375212332222 6976 0
46375213112111 7253 0
46375213123121 7402 0
46375213333121 6300 0
46512371331221 6569 0
46512372113321 8090 0
46513272332111 7047 0
46513273113221 4844 0
46523711331332 7457 0
46527133111121 8718 0
46572311223122 6989 0
46572312132122 6494 0
46721533123313 8071 0
47123562232133 5316 0
47123651233232 5977 0
47126351233232 6426 0
47126532133133 12801 0
47132562311111 6006 0
47132563222331 8188 0
47132652233321 4423 0
47135622132332 6680 0
47136252133112 7023 0
47152361233232 6576 0
47152631322131 8775 0
47156231332313 7334 0
47156233211132 4253 0
47156233223312 6378 0
47156233233113 7207 0
47156233322312 6341 0
47156321111111 3867 0
47156321133311 6900 0
47156322132311 6506 0
47156322313232 10930 0
47156322332132 6106 0
47156322332312 6437 0
47156323223123 6265 0
47162351322122 6664 0
47163522131222 5981 0
47165321232113 3395 0
47165321322131 8352 0
47165322132212 8424 0
47165322133112 8152 0
47165322232133 4281 0
47165322313211 4511 0
47216352131333 8303 0
47251363131113 8487 0
47251632131312 14036 0
47256133212311 5980 0
47256133321232 8306 0
47265312122222 6859 0
47265312131312 6469 0
47265312313211 5796 0
47321651311133 6330 0
47352612123131 8535 0
47352612311132 8971 0
47352612313211 5226 0
47512632312323 8582 0
47621532232331 5662 0
47621533231121 6074 0
47632152233321 6600 0
47632153212311 4861 0
47632153232321 3490 0
47632513212332 8548 0
47652132231323 6339 0
47653213211231 6077 0
47653213232111 5426 0
51264731113322 8919 0
51264732213311 8262 0
51267342312233 8949 0
51324671211122 5044 0
51324672212111 5129 0
51324673113311 5239 0
51324761111123 8111 0
51324763113332 5604 0
51342672212111 7031 0
51342763312223 4872 0
51367241211113 6713 0
51423671221331 6421 0
51426731111111 5242 0
51426733312211 8376 0
51472361131313 10550 0
51472633331312 7806 0
51623471321111 5061 0
51623743313321 13888 0
51624731312123 6892 0
51624733323113 6781 0
51632741323232 4163 0
51642371122313 7425 0
51642731113322 3799 0
51647231113232 4732 0
51723643131311 7164 0
51724362122222 7086 0
51724363121213 6590 0
51726433123313 8151 0
51732643121213 14488 0
51742632323231 6894 0
51742632323333 5572 0
52134761232113 8608 0
52147631121311 4659 0
52147631131211 4382 0
52147631211131 4746 0
52147631311121 5261 0
52147632111113 4231 0
52147633111112 4798 0
52163471112122 7026 0
52163471213111 5018 0
52163471312111 4771 0
52163471333123 8703 0
52163472111311 4178 0
52163472131222 6220 0
52163473111211 4808 0
52163473111331 5364 0
52163473221323 5050 0
52163473323332 7441 0
52167342121232 11162 0
52167432121313 4302 0
52167432122222 4469 0
52167432131213 4388 0
52167433133333 4674 0
52167433331333 4222 0
52174633223123 6979 0
52314673311311 9917 0
52314761322122 7250 0
52341671111111 3061 0
52341671122211 6719 0
52341671311313 4925 0
52341672211112 6864 0
52341672232313 5419 0
52341672323222 5039 0
52341672323312 7689 0
52341673133111 5021 0
52341673232213 5990 0
52341673232333 4132 0
52341673323212 5878 0
52361472121313 4285 0
52361472131312 4213 0
52367142211121 6658 0
52367412322232 4308 0
52374161112323 5171 0
52376413222223 6200 0
52463173212332 7871 0
52463713212332 7552 0
52471631223113 7159 0
52471631323112 7124 0
52614372313211 4442 0
52641733212311 5957 0
52641733232321 7498 0
52673413232123 7266 0
52713461232323 4510 0
52714361232113 4431 0
52714633213223 6284 0
52714633223123 5392 0
52731641233112 5168 0
52731641323112 4856 0
52736141322233 3808 0
52741362313211 7701 0
52741362313223 6929 0
52741632122333 3766 0
52741632123323 3727 0
52741632212213 4247 0
52741632212231 3947 0
52741632232211 3773 0
52741633221233 4354 0
52741633313312 3651 0
52741633313321 3786 0
52741633321223 4484 0
52741633323311 4651 0
52743611111213 4478 0
52743611111312 4704 0
52743611112131 5348 0
52743611113121 5056 0
52743612131111 4734 0
52743613121111 4408 0
52761431111213 5408 0
52761431111312 5282 0
52761431112131 4395 0
52761431113121 5278 0
52761432131111 4881 0
52761433121111 5822 0
52763143222331 6367 0
52763411222312 4221 0
52763411333123 3521 0
52763413222112 4347 0
52763413223312 3660 0
52763413322312 3897 0
53126471231231 5685 0
53126471231321 5647 0
53126471321321 8005 0
53146272123233 8415 0
53147262123131 6763 0
53162743312223 4572 0
53274163211222 9134 0
53421671321111 3493 0
53421671321231 4735 0
53426171112233 5389 0
53462711113322 3960 0
53467211321111 4295 0
53476121323112 6514 0
53476121323322 6416 0
53614721212121 11218 0
53621471331221 6429 0
53642171111111 5523 0
53672142221213 13450 0
53714622233111 8840 0
53721463223312 7340 0
53724612121112 11996 0
53726143333121 6721 0
53741621323112 7112 0
53741621332112 7370 0
53742612323333 6856 0
53761242121211 7908 0
53761242221213 8220 0
53761242321212 7458 0
53762143222331 5978 0
53762413322123 4720 0
54123673233323 4327 0
54126371331221 6430 0
54127632131213 4953 0
54127632222212 5009 0
54127633131212 4371 0
54127633133333 4516 0
54127633333313 4087 0
54163271133221 9960 0
54163272233111 10461 0
54167231121113 4988 0
54167231131112 4614 0
54167231221211 6407 0
54167231333213 7983 0
54167232112112 7159 0
54167232133313 6740 0
54167232333113 7995 0
54167233232333 5570 0
54167233331213 8065 0
54172633132313 10777 0
54217362233213 12009 0
54217632132212 12862 0
54231671123111 10098 0
54231673123121 6985 0
54261373123121 6003 0
54261732231233 8067 0
54276132233312 6775 0
54312671131331 4528 0
54312672212111 5340 0
54312673311311 8289 0
54317261113112 4429 0
54317621111222 6443 0
54321672212213 3436 0
54321672212231 3633 0
54321672232211 3546 0
54321673313312 3491 0
54321673313321 4312 0
54321673323311 3898 0
54321761211221 4727 0
54321763113113 6928 0
54326171111231 3450 0
54326171112233 5105 0
54326171321231 4668 0
54326711112212 6800 0
54327612223232 4281 0
54361272223232 5395 0
54362171113133 6265 0
54362711111231 4209 0
54362711323112 6505 0
54367121112212 5772 0
54367121113211 5332 0
54367121113331 5323 0
54367122211121 7353 0
54367122311111 6733 0
54367123311113 5564 0
54367211132222 3893 0
54367211213333 5556 0
54367211222132 3860 0
54367211333213 3860 0
54367212211322 5129 0
54367212231122 3810 0
54367212233213 3853 0
54367212332213 4332 0
54367212333113 3791 0
54367213112222 3848 0
54367213312133 3609 0
54371261113331 6166 0
54371621113112 3608 0
54371621113322 5020 0
54376121322233 3846 0
54376211111132 5676 0
54376211111222 5975 0
54376211113133 5451 0
54612371112311 6931 0
54612372222131 5735 0
54612732112223 7794 0
54612733322213 7749 0
54621371133311 5844 0
54621372211121 4986 0
54637211132111 6839 0
54671232221213 7476 0
54712361323313 7267 0
54712362223322 6863 0
54716232222113 8011 0
54716321112323 5307 0
54716322313223 8437 0
54721631111111 5265 0
54721631122121 6941 0
54721631311133 5480 0
54721632133232 6792 0
54721632212222 8045 0
54721632212231 8670 0
54721633231322 6363 0
54721633313321 8074 0
54721633333331 6926 0
54723612131312 4435 0
54723612221222 4334 0
54723612222212 4187 0
54723613121312 4059 0
54723613333313 3832 0
54761233322321 9994 0
54763212322232 5792 0
56123471222312 4146 0
56123471223221 5525 0
56123471331332 3650 0
56123471333123 3852 0
56123472322121 4533 0
56123472331331 3862 0
56123473133132 3721 0
56123473133231 3564 0
56123473222112 4050 0
56123473223312 3609 0
56123473322312 3740 0
56124371111231 5150 0
56124371232323 5883 0
56127433332323 5282 0
56132472333332 5868 0
56132473211111 5975 0
56132473213211 7618 0
56143273332323 4399 0
56147231222132 4046 0
56147231333213 6228 0
56147232233213 6021 0
56147232332213 4064 0
56147232333113 4242 0
56147322333233 6120 0
56173421113112 4317 0
56174232323333 4886 0
56174321232113 4175 0
56213471111111 7230 0
56213743313333 8551 0
56243173133111 7101 0
56243713121333 10837 0
56247132333233 6094 0
56271433111313 8138 0
56271433123313 8214 0
56271433132313 7817 0
56274132331133 5746 0
56274312313211 4453 0
56321473233323 5020 0
56321742211112 8619 0
56324171221331 6795 0
56327411211332 10074 0
56327413213112 9779 0
56341273121213 4397 0
56341273131212 4337 0
56347122333233 7065 0
56347211213111 4446 0
56347211222132 8358 0
56347211312111 5339 0
56347211331131 7219 0
56347212111221 7189 0
56347212111311 5685 0
56347212123233 6874 0
56347212232223 6137 0
56347213111211 5108 0
56347213131332 7960 0
56423171231231 7853 0
56423171231321 4987 0
56423171321321 5827 0
56423172112121 5522 0
56423173132121 6456 0
56423173133111 5761 0
56432713122122 8199 0
56712341232113 8489 0
56712343211123 9016 0
56721343123331 7823 0
56721432312233 11102 0
56723411113313 6228 0
56723411121113 4666 0
56723411131112 4534 0
56723411222312 7872 0
56723412122312 6664 0
56723412323222 4707 0
56723413221212 6221 0
56723413222112 7953 0
56723413331111 5976 0
56732143122113 6969 0
56741231121311 4810 0
56741231131211 5792 0
56741231211131 4326 0
56741231311121 4126 0
56741232111113 5315 0
56741233111112 5112 0
56743212122222 4140 0
56743212221222 5113 0
56743213121213 5044 0
56743213121312 4539 0
56743213331333 4002 0
57123461111111 8819 0
57164322131312 6864 0
57214361323232 4782 0
57214632212213 11560 0
57236141113232 6570 0
57236141322233 4843 0
57236141323232 3605 0
57241631322113 5043 0
57241631323112 4760 0
57246131112233 4396 0
57264132111323 6916 0
57321641311112 11283 0
57321642311132 6888 0
57364212213311 6797 0
57364212313211 7504 0
57364213332122 5367 0
57642311113322 9023 0
61234572231323 5246 0
61234573232213 7303 0
61235741313131 8813 0
61257343232123 6703 0
61274351313131 10677 0
61274532231323 6489 0
61352472233321 8959 0
61352472313211 5243 0
61452731311313 7236 0
61453721111111 10201 0
61453721311112 9642 0
61453723111121 8165 0
61472532123332 6872 0
61472533112111 7123 0
61527431111111 4297 0
61534272311132 3741 0
61534721112311 5811 0
61534721113211 4878 0
61543271111111 3592 0
61543271112311 4924 0
61572432312323 4303 0
61734523222331 8053 0
62134572321323 5798 0
62135471122121 6209 0
62135472132131 6455 0
62135473122131 6083 0
62135473123121 6593 0
62135473131131 6138 0
62135473132121 7336 0
62135473232231 10260 0
62135473322321 10546 0
62135743222331 6004 0
62135743312223 6881 0
62147353123121 7366 0
62147353132121 6645 0
62154733321121 6252 0
62157342132212 9014 0
62173543232132 6986 0
62174351122133 7688 0
62174533311212 11142 0
62317453112111 3379 0
62317453312211 4759 0
62351743112123 9367 0
62371453311311 6278 0
62374511322311 5967 0
62374513112321 6103 0
62374513312112 6102 0
62435172211133 4757 0
62435172311132 4210 0
62435711222222 6160 0
62453713311122 4031 0
62471532232133 5311 0
62475131322323 5711 0
62531472321233 8272 0
62543711211113 7737 0
62543711311112 6798 0
62571432321233 6028 0
62735143223213 6340 0
63125741112323 8414 0
63125743131233 6118 0
63125743133312 5599 0
63142571111111 9315 0
63142571132321 7376 0
63142573112123 11346 0
63172452312323 8255 0
63172452313211 5277 0
63174522332132 6097 0
63247511123132 8284 0
63251743133231 8870 0
63452711311313 5513 0
63452712333221 7571 0
63471522123131 8259 0
63471522323132 10224 0
63471522332132 9530 0
63472512123332 6232 0
63512743313333 12008 0
63541271212211 8309 0
63542713121333 8966 0
63574212123131 8556 0
63574212313211 5207 0
63712542221111 7508 0
63714252123131 3844 0
63714521112323 8282 0
63714522332132 5392 0
63721541233322 5760 0
63724153121213 8297 0
63725141112323 5934 0
63725141233121 9705 0
63725142123131 4289 0
63725142223133 3374 0
63725143122113 11654 0
63725143123313 8642 0
63741252222323 7655 0
63741522123131 3910 0
63742511232221 9823 0
63745123122212 6187 0
63751242221321 5950 0
63751423122311 9763 0
63752141111111 3984 0
63752141122211 6813 0
63752141123213 6361 0
63752142332132 7072 0
63752143123223 6414 0
63752143212323 10285 0
63752143223123 6786 0
63752411223212 5743 0
63752411333213 5498 0
63752412312323 5865 0
63752412322112 5743 0
63752412333113 5789 0
63754213122122 7207 0
64125371131313 8640 0
64157321133212 13840 0
64231572311132 3885 0
64257131113223 5885 0
64271533221212 6835 0
64275131212223 8549 0
64275131312123 8057 0
64275132211133 4262 0
64275132232133 3519 0
64275133231112 8254 0
64275133312211 4625 0
64275311112332 6759 0
64275311222222 5777 0
64275313312211 8305 0
64321572111131 11336 0
64321572132131 9265 0
64321572311132 7990 0
64325713121222 12919 0
64351272132131 6424 0
64357212313211 7742 0
64357213231322 5122 0
64357213312211 6765 0
64531271212211 5754 0
64531272132131 5471 0
64531273122131 6060 0
64531273123121 7258 0
64531273311311 5302 0
64531273312211 5450 0
64572131122223 6776 0
64713253112111 4394 0
65123471112311 5959 0
65123471233232 5479 0
65123472312311 7415 0
65132471212112 7627 0
65132471222111 6226 0
65132471231321 4231 0
65132471323121 7176 0
65132472131231 5657 0
65132472212231 5213 0
65132472233321 3672 0
65132473111331 5884 0
65132473313312 5121 0
65132473323311 6341 0
65132741223323 5090 0
65132743222331 6868 0
65134721233232 7191 0
65147321232113 5184 0
65172431132333 7010 0
65174232123131 3446 0
65174232133313 5710 0
65174232323312 5594 0
65174233323212 5599 0
65174233331213 5826 0
65174322313211 7360 0
65174323223123 6749 0
65213741111111 8014 0
65241371111111 6208 0
65243712121322 8237 0
65271341332331 7454 0
65271432231233 5712 0
65274131111111 10908 0
65274131311313 6224 0
65274131312213 6418 0
65274132123332 6384 0
65274133132223 6802 0
65274133232321 3847 0
65274133312223 6485 0
65314272311132 12720 0
65314272313211 5360 0
65321472111122 6558 0
65417321232113 9623 0
65417323223123 8281 0
65417323232123 10111 0
65423713321322 9378 0
65432173232321 3692 0
65471231132213 9599 0
65714323223123 6531 0
65723143321313 6220 0
65732411333123 4165 0
65742311212313 11657 0
67132541133311 7813 0
67145323133312 5805 0
67154233323332 6157 0
67215343333133 7753 0
67231541323112 8061 0
67231543323122 8238 0
67234513332122 6312 0
67245131313323 6794 0
67245311112311 8599 0
67245311133233 5781 0
67254311131133 5208 0
67254313311113 4797 0
67312452233321 5416 0
67312541121221 4616 0
67312542221111 5765 0
67321451111123 5865 0
67321451112311 5007 0
67321451212211 7731 0
67321451311133 5780 0
67321452111122 5546 0
67321453113311 5707 0
67321542232133 4270 0
67341252222323 6301 0
67342512222113 5896 0
67345122223133 4306 0
67345122232133 4784 0
67345211111123 6045 0
67345211111132 6489 0
67345211112233 10689 0
67345211113322 10410 0
67345211211122 6065 0
67345211311133 6033 0
67345212111122 6306 0
67345213111133 6036 0
67354121111111 3787 0
67354211212121 6428 0
67354211313113 6769 0
67354211333111 6820 0
67354212111221 5636 0
67354212212222 5859 0
67354212311132 3207 0
67354213111313 8009 0
67354213131311 7756 0
67354213211132 4593 0
67354213313333 5865 0
67412353132121 6735 0
67412353332221 5233 0
67412531131133 6201 0
67435121332112 5396 0
67435123123121 5646 0
67452313321232 6373 0
71234563231322 7244 0
71263541333222 5761 0
71263542323123 11984 0
71264533131323 3839 0
71264533221323 3936 0
71264533231223 3981 0
71264533231313 4189 0
71326451211311 5029 0
71326453132121 5805 0
71326543333313 13338 0
71345262132131 6381 0
71362453113311 6121 0
71365423331312 8814 0
71423563213232 5822 0
71423653213232 6142 0
71426353312211 4269 0
71426533333223 6991 0
71432561232323 10810 0
71432561323232 3753 0
71432562111221 6369 0
71432563232213 6207 0
71432563323113 6390 0
71432563323122 6925 0
71432563332113 6321 0
71435261322233 4606 0
71435262222122 8376 0
71435263211123 4162 0
71435263311122 3498 0
71435263333133 8180 0
71435263333223 8523 0
71435623333331 5831 0
71436253333112 6889 0
71452363213232 6710 0
71452632222131 9795 0
71453262222221 6815 0
71453623311122 5285 0
71456321322323 7587 0
71456322111221 6842 0
71462531113322 3557 0
71462532111212 5711 0
71462532121112 5716 0
71462533111223 7320 0
71462533221113 6374 0
71463523331222 9637 0
71523463131311 8109 0
71523463231313 8256 0
71523463331312 7795 0
71532463221332 5567 0
71534262122222 6754 0
71542633132322 6349 0
71543622111131 6907 0
71543623111121 7389 0
71546233331213 10825 0
71546322231212 7784 0
71562433123232 4791 0
71563243221221 7378 0
71625433213133 12693 0
71643252231212 10895 0
71643523331213 9043 0
72134562312212 8793 0
72136541322233 9339 0
72143563222331 6448 0
72143651121113 4888 0
72143651131112 4333 0
72143651213111 5353 0
72143651312111 4845 0
72143652111311 4751 0
72143653111211 4476 0
72145631233223 9976 0
72145633232231 9858 0
72145633312223 9952 0
72146352232223 6168 0
72163452122222 5104 0
72163453121213 4253 0
72163453131212 5053 0
72163453133333 4179 0
72163453331333 4383 0
72164353131113 10524 0
72165431113331 6526 0
72165432111113 4345 0
72165432111122 7266 0
72165432211112 7263 0
72165432323312 5524 0
72165433111112 4217 0
72165433121333 7873 0
72165433221233 8103 0
72165433233323 4690 0
72165433321223 7905 0
72165433331213 7021 0
72345611111111 3110 0
72345611133113 5245 0
72345611221223 8294 0
72345611222222 7108 0
72345611331332 7957 0
72345612122111 5231 0
72345612331331 7958 0
72345613221221 8444 0
72345613333331 7081 0
72356141112323 5261 0
72356141232113 8971 0
72356143211123 8879 0
72361453232333 4207 0
72361542333233 7814 0
72365412222212 4101 0
72365413121312 4264 0
72365413131212 3946 0
72365413331333 4471 0
72435163333313 6770 0
72513641232323 5936 0
72513641233322 8002 0
72516342313223 3781 0
72531463321232 6077 0
72534163211123 4303 0
72541631111213 4497 0
72541631111312 4777 0
72541631112131 5379 0
72541631113121 4863 0
72541632131111 4919 0
72541633121111 4353 0
72543162311111 4738 0
72543163211111 5734 0
72543611221223 3671 0
72543611223221 3855 0
72543611331332 4552 0
72543611332331 3689 0
72543612331331 3546 0
72543613132232 4460 0
72543613133222 4327 0
72543613221221 4150 0
72543613223312 3755 0
72543613322312 3708 0
72546311323112 6232 0
72546313323212 5548 0
72561342313223 4708 0
72561432213122 3950 0
72561433221233 4053 0
72561433311233 6131 0
72561433321133 4146 0
72561433321223 6005 0
72563411111213 5915 0
72563411111312 4930 0
72563411112131 4248 0
72563411113121 4454 0
72563412131111 5235 0
72563413121111 5443 0
72643513212311 4967 0
72643513212332 5786 0
73125463133132 7438 0
73146522113231 6142 0
73246153312211 8486 0
73456123231322 6270 0
73516243323113 7904 0
73516243332131 7865 0
73541262321212 6869 0
73542163321133 11679 0
73542613132121 6509 0
73542613132322 5510 0
73564213321322 7843 0
73614251112323 4449 0
73615241112323 5566 0
73615241113322 4577 0
73615242223133 3564 0
73615243123313 12644 0
73615243213313 12431 0
73615243331312 12681 0
73615243332311 12382 0
73615421113322 8436 0
73615423213211 5995 0
73615423333331 5623 0
73624513121132 6887 0
73624513332131 6808 0
73625141112323 4516 0
73625143121213 7590 0
73625143333313 7320 0
73625412222323 6875 0
73642511111111 3009 0
73642511113232 4121 0
73642511113322 3681 0
73642513223222 7704 0
73645121113211 6898 0
73645122222311 5689 0
73645211223113 6965 0
73645211231111 11846 0
73645211321111 3713 0
73645211332112 7364 0
73645213112231 10134 0
73645213333112 6440 0
73651241113322 9941 0
73652413211312 9768 0
73652413331321 10896 0
73654122111122 5113 0
73654122221111 6962 0
73654211111132 8110 0
74123563323221 4995 0
74123652322121 4065 0
74123653132232 5904 0
74123653133132 4261 0
74123653133222 3950 0
74123653133231 6254 0
74125631313311 6643 0
74125632121121 7244 0
74125632122111 7247 0
74125632131111 4190 0
74125632321332 5320 0
74125633121111 4385 0
74125633131233 6921 0
74125633132232 7809 0
74125633133222 8017 0
74125633133312 7770 0
74125633332323 4664 0
74126352333122 4904 0
74132561321231 4126 0
74132562121121 6468 0
74132562122111 6437 0
74132563131221 7441 0
74132563132112 6341 0
74136522322121 6176 0
74152363132232 4308 0
74152363133132 3883 0
74152363133222 3954 0
74152363133231 3834 0
74156322122123 5690 0
74156322122321 5695 0
74156322313223 3541 0
74156323132331 5838 0
74156323133123 5699 0
74163251121122 7175 0
74163252112211 6431 0
74163252131111 5014 0
74163253121111 4639 0
74163253131332 6620 0
74163253133132 8014 0
74163253133213 7940 0
74163253133231 8001 0
74163253332323 4252 0
74165231121212 7819 0
74165231131313 6638 0
74165231212121 6436 0
74165231313131 6002 0
74165232111212 6363 0
74165232121112 7160 0
74165232121211 6445 0
74165233111313 6191 0
74165233131113 6115 0
74165233131311 6101 0
74165233131323 6680 0
74165233132313 6192 0
74165233231313 6153 0
74213652323132 6781 0
74251633111313 6959 0
74256311321222 12387 0
74256313111232 13944 0
74265312333233 7101 0
74312652333332 6386 0
74321563311131 6721 0
74321653233323 4419 0
74325163131323 10251 0
74325612221222 4125 0
74325613121312 3946 0
74325613131212 4273 0
74325613133333 4086 0
74361253112132 10480 0
74361253211231 9842 0
74365211121221 7318 0
74365211213111 4075 0
74365211312111 4206 0
74365211313113 5714 0
74365211333111 5761 0
74365212111311 5035 0
74365212222323 6726 0
74365212333332 5318 0
74365213111211 4706 0
74365213121333 8111 0
74512361322233 8389 0
74512362313223 9046 0
74513263121222 13459 0
74521632222212 4595 0
74521633121213 4288 0
74521633121312 4427 0
74521633133333 4192 0
74521633333313 4797 0
74523611121113 4861 0
74523611131112 5790 0
74523611213111 4369 0
74523611312111 5245 0
74523612111311 5256 0
74523613111211 5385 0
74532163123223 7037 0
74561231111222 6313 0
74561232111113 4514 0
74561232221111 7058 0
74561233111112 4896 0
74561233131233 8040 0
74561233233323 4332 0
74561233311233 7879 0
74561233321133 7899 0
74561233321313 6717 0
74563211232332 10107 0
74653213133222 8707 0
75132463233233 9726 0
75143263231313 8163 0
75146321323331 10527 0
75213642223133 4424 0
75231463211123 5193 0
75234161322233 5891 0
75234162221111 8280 0
75236143213232 6187 0
75241632222323 6334 0
75243162211322 13938 0
75243611113232 4894 0
75243613213232 6305 0
75246131333312 8677 0
75246311111111 4322 0
75246313212311 5485 0
75246313312211 4413 0
75246313332332 6395 0
75261432123233 5017 0
75264132121232 6491 0
75264132223331 4225 0
75264132321212 6464 0
75264133121333 5593 0
75264133331213 5664 0
75264311223122 6851 0
75264313231112 7156 0
75312463333133 7655 0
75314621133221 11448 0
75314621313212 9340 0
75314623113122 7257 0
75316241231231 5874 0
75321461311112 7137 0
75321463132121 7279 0
75346122133133 5698 0
75346211133122 10563 0
75346211211311 7631 0
75346211311211 10427 0
75346212323333 6614 0
75346213112132 10544 0
75346213132121 6433 0
75346213132322 7049 0
75346213332122 6393 0
75412631223332 6229 0
75416323232213 6319 0
75431263133213 6003 0
75462132123212 6059 0
75613243131332 6166 0
75613243133213 8110 0
75634123323122 6112 0
75641323232111 6864 0
75642132213311 9212 0
76123453233323 5305 0
76125343333133 8011 0
76143252131312 4402 0
76143252221222 4562 0
76143253131212 4413 0
76143253331333 4769 0
76143253333313 4094 0
76145231121113 4125 0
76145231122112 7148 0
76145231131112 4297 0
76145231221112 7151 0
76145231311331 6627 0
76145232123332 5395 0
76145232233213 7924 0
76145232331313 7900 0
76145232332213 8128 0
76145233133213 7046 0
76145233232333 4572 0
76154323333112 6891 0
76213543213133 10449 0
76213543311332 9526 0
76215341231231 5653 0
76215433333133 7532 0
76231451123111 8841 0
76245311121131 10595 0
76245311131121 3680 0
76245311213312 11017 0
76245312132131 6523 0
76245313122122 6267 0
76245313123121 6899 0
76253141123132 6193 0
76253141211332 5643 0
76253413322312 7974 0
76254133311323 12970 0
76254313211111 9425 0
76312452212111 7887 0
76312453211111 5670 0
76312453311311 5558 0
76312542321212 6199 0
76312542322121 7949 0
76312543322222 7357 0
76315241112113 12168 0
76315241113112 3907 0
76315241223113 6830 0
76315241322122 6371 0
76315241323313 6341 0
76315241332112 6177 0
76315243211231 10829 0
76315243323323 6508 0
76321452122123 4147 0
76321452122321 4238 0
76321452122333 3709 0
76321452123323 3832 0
76321452212231 5546 0
76321452213122 4554 0
76321453233131 3957 0
76321453311233 3580 0
76321453313312 3881 0
76321453321133 3737 0
76321453323311 3669 0
76321542211112 5615 0
76321543211111 6348 0
76321543311131 5510 0
76324151112233 5854 0
76324151112323 7841 0
76324153323122 5748 0
76325411111213 4563 0
76325411111312 4494 0
76325411112131 4085 0
76325411113121 4366 0
76325411122121 6202 0
76325411331311 6438 0
76325412112121 6179 0
76325412231212 6813 0
76325412333233 6412 0
76325413222223 5458 0
76341251111213 4011 0
76341251111312 5001 0
76341251112131 5043 0
76341251113121 4794 0
76341251221121 7127 0
76341251311313 5375 0
76341252232313 5451 0
76341252323333 7467 0
76341253221212 6322 0
76341253233131 8799 0
76342511111231 3645 0
76342511111321 11530 0
76342511323112 6115 0
76342512232223 6210 0
76342513213112 10653 0
76342513322111 10613 0
76342513323122 7290 0
76342513323212 6199 0
76345122211112 6224 0
76345122211121 6478 0
76345122213311 10420 0
76345122311111 6920 0
76345123211111 6121 0
76345123311113 6336 0
76345123311131 6157 0
76345123312211 10137 0
76351421112323 8025 0
76351421113322 5846 0
76351423321232 5572 0
76354121121212 7641 0
76354121122121 4996 0
76354121311313 5089 0
76354121313131 5899 0
76354122111212 6241 0
76354122112121 6221 0
76354122212222 5660 0
76354123211123 3552 0
76354123211132 4332 0
76354123313333 6429 0
76354212213323 6674 0
76354212312233 6888 0
76354212313322 6486 0
76354212333332 6664 0
76354213222223 6850 0
76354213312223 6526 0
76421351131121 4199 0
76512343213313 6869 0
76512343332311 6754 0
76514321112323 5154 0
76514321232113 8355 0
76521433232333 5185 0
76523413223231 11003 0
76524313331222 9592 0
76541232131213 4345 0
76541232221222 5132 0
76541233121213 5078 0
76541233331333 4205 0
76541233333313 4484 0
76543211111111 5163 0
76543211212112 6986 0
76543211223221 8579 0
76543211332331 8194 0
76543211333333 6837 0
76543212132323 6476 0
76543212222221 7945 0
76543212323213 6701 0
76543213113131 5722 0
