12345672121232 13960 0
12345672123212 12705 0
12345672321212 12878 0
12345673131323 12029 0
12345673132313 14838 0
12345673231313 14222 0
12345761111111 10565 0
12346571111231 9369 0
12346751113133 12219 0
12347561112212 13394 0
12347651111111 21879 0
12347651122112 17651 0
12347651133311 16159 0
12347652111221 14456 0
12347652123233 17521 0
12347652123332 20808 0
12347652223232 9101 0
12347653111133 15676 0
12347653132223 15569 0
12347653132322 14967 0
12347653332323 10596 0
12354671111111 12272 0
12354761112323 11184 0
12354762121112 14796 0
12354762121211 14398 0
12354762311123 12366 0
12354763131131 12343 0
12354763133111 11735 0
12354763211123 9182 0
12356471113133 12072 0
12356741133131 11031 0
12356741313131 10894 0
12356743113131 11557 0
12357461111222 11527 0
12357461113331 11200 0
12357462211112 10186 0
12357641113331 12062 0
12364571112212 13924 0
12364751112212 10493 0
12364751113133 10691 0
12364753311131 9042 0
12365471111111 15189 0
12365471211122 15781 0
12365471313113 14458 0
12365472223232 9452 0
12365472321233 17138 0
12365473232312 15528 0
12365473332323 9247 0
12365741113331 12707 0
12367451123333 11353 0
12367451132222 10696 0
12367451213333 11617 0
12367451312222 15423 0
12367452113333 12965 0
12367453112222 10714 0
12367541112212 12829 0
12367541113331 15223 0
12367541331131 9151 0
12374561121212 10768 0
12374561211212 11446 0
12374562111212 15495 0
12374651111222 13814 0
12375461111222 12508 0
12375641113112 12508 0
12376451111222 14085 0
12376451113133 11983 0
12376451221211 9756 0
12376541112323 9152 0
12376541232233 12689 0
12376541322233 10338 0
12376542121232 12593 0
12376542123212 11626 0
12376543133132 12860 0
12376543133231 12881 0
12456731132321 18717 0
12456731233223 11298 0
12456733223321 11755 0
12463751231231 12556 0
12467351131121 9735 0
12467351231321 8392 0
12473561132123 11876 0
12536741112323 17040 0
12537461332112 11294 0
12543671111111 16017 0
12543671211212 15621 0
12543671331113 15429 0
12543672121121 16127 0
12543672321332 17280 0
12543672322232 9563 0
12543672331232 15632 0
12543673111331 15410 0
12543673221323 15685 0
12543673231223 15545 0
12543673233323 12070 0
12546371221331 13489 0
12563472131213 10179 0
12563473131212 11965 0
12564733323122 11249 0
12567433232333 9458 0
12576343212221 17916 0
12637451132111 17009 0
12637451332112 13728 0
12643571321321 12122 0
12645371131121 11834 0
12673542331133 17504 0
12734561112323 15937 0
12734561322233 16623 0
12734562313223 16180 0
12745631111111 25337 0
12745632111122 16326 0
12745632212213 15677 0
12745632222221 14265 0
12745632232211 15657 0
12745633131131 15590 0
12745633313312 15036 0
12745633313333 14843 0
12745633323311 15210 0
12753462231323 12135 0
12763452322232 9365 0
12765432121313 9938 0
12765432222212 11612 0
12765433121213 9489 0
12765433331333 9847 0
13245671321111 12370 0
13246571111111 8296 0
13246571112233 8801 0
13246571113232 12251 0
13246572321332 15218 0
13246572331232 12304 0
13246573221233 12175 0
13246573321223 12358 0
13246752133211 17341 0
13247563212131 18358 0
13254761322233 12462 0
13254761323322 11921 0
13254762321233 15926 0
13254763323122 13043 0
13257641112233 16024 0
13265741112323 11955 0
13265742131312 15702 0
13267451122211 10330 0
13267451311133 9149 0
13267541111132 15085 0
13267541232212 12457 0
13274651112323 10369 0
13275461112233 17747 0
13275463213211 14289 0
13275641112233 9800 0
13275641112323 8978 0
13275642131333 12828 0
13275643212221 13697 0
13276451113211 17662 0
13276451233133 14008 0
13276541133122 19939 0
13276541213312 24952 0
13276541321123 21501 0
13276541322311 22440 0
13276541323112 12819 0
13276541323322 12313 0
13276542323312 12192 0
13276543323122 13923 0
13462571111111 16691 0
13462572213311 16298 0
13527461211113 10989 0
13542671231231 11976 0
13546271213213 9287 0
13546271231231 14684 0
13546271321321 11779 0
13572641122133 13081 0
13576241312213 15057 0
13576241321321 12361 0
13627451332112 11656 0
13642571221223 10804 0
13642571223221 10583 0
13642573221221 12082 0
13645271221331 12321 0
13647521111111 10999 0
13675241112323 15055 0
13675242331313 14716 0
13725642332132 14696 0
13754262123323 27280 0
13762451321321 12187 0
13764251211311 9173 0
13764252323231 13739 0
13765422121211 18027 0
14263751131121 10721 0
14267351321321 13004 0
14275633323122 13515 0
14325671111111 32346 0
14325672112121 16298 0
14325672231323 16580 0
14325672323222 9216 0
14325673123232 16849 0
14325673232333 9331 0
14325673311131 16201 0
14327652131213 8976 0
14327653121213 9629 0
14352672212111 11912 0
14356721112323 16754 0
14356721322233 21620 0
14367252322232 9734 0
14367523311113 14346 0
14523672121313 10475 0
14523673121312 11628 0
14527631121311 10414 0
14527631131211 8417 0
14527631133311 15143 0
14527631211131 11220 0
14527631311121 11177 0
14527632122213 14820 0
14527632212111 16229 0
14527632333332 20579 0
14527633132322 15867 0
14527633312133 14418 0
14536273311311 12658 0
14537622231323 11968 0
14563272323222 8982 0
14567231312213 17388 0
14567231321123 17009 0
14573261333111 11621 0
14625731111111 15991 0
14625731131121 11702 0
14625731322233 22027 0
14625732112121 12904 0
14625732113321 15905 0
14625732213323 13873 0
14625732233111 14534 0
14625733133111 11657 0
14632571111111 17711 0
14632571321132 11781 0
14652733321331 12243 0
14673251111111 11581 0
14723651111213 9588 0
14723651111312 12326 0
14723651112131 10401 0
14723651113121 9560 0
14723651211212 15707 0
14723652322121 13830 0
14723652331232 16147 0
14723653232222 15583 0
14723653313111 15362 0
14723653321313 15624 0
14725361111111 9437 0
14725361111123 13744 0
14725361322332 21288 0
14725362211121 13634 0
14725363211213 13743 0
14725363213121 13053 0
14725363223213 14822 0
14725363311113 13058 0
14726531223122 14911 0
14726531232122 14942 0
14726531233313 13422 0
14726531333312 13756 0
14726532232313 11678 0
14726533323122 12082 0
14735621221112 13246 0
14735621223113 13196 0
14735621223332 26702 0
14735621233112 13813 0
14735621323112 14284 0
14735621332112 12038 0
14735621333111 11989 0
14735621333222 19936 0
14736251111132 8374 0
14736251112332 11102 0
14736253222223 10889 0
14736521132222 12283 0
14736521133131 13438 0
14736521211212 12215 0
14736521213333 12709 0
14736521221313 14627 0
14736521321231 12523 0
14736521322233 9123 0
14736521332121 14417 0
14736523112222 12264 0
14736523113131 12275 0
14752363222121 13382 0
14752363232222 13009 0
14752363233131 12334 0
14752631111111 11603 0
14752631112311 14862 0
14752631323223 20450 0
14752632332132 12500 0
14752633213223 13287 0
14752633222223 12585 0
14752633223123 13031 0
14752633223231 22287 0
14753261221112 10412 0
14753261323112 15191 0
14753261333111 10660 0
14762351221331 15566 0
14762351321231 13422 0
14762351331221 12825 0
14763251221223 14143 0
14763251222312 11096 0
14763251332331 10662 0
14763251333123 10310 0
14763252322121 8315 0
14763253132232 8472 0
14763253133132 8246 0
14763253133222 9308 0
14763253133231 8715 0
14763253221221 10201 0
14763253222112 10810 0
14763521113211 9300 0
14763521113223 10995 0
14763523222331 12023 0
14765231111213 11442 0
14765231111312 11306 0
14765231112131 10831 0
14765231113121 8847 0
14765231133131 15633 0
14765232211211 15834 0
14765232232322 15831 0
14765232331313 15839 0
14765233113131 15733 0
14765233323332 16119 0
15236471111111 12180 0
15236473231121 12101 0
15243671331221 12643 0
15246371331332 11563 0
15246371332331 10833 0
15246372331331 10518 0
15267431223113 11200 0
15273641112323 16654 0
15324673113311 16303 0
15342671211311 9074 0
15346271321321 12492 0
15367421211113 17786 0
15367421223113 13932 0
15367423211123 14634 0
15426371111111 16741 0
15426371112233 16541 0
15463271313113 11341 0
15624732123212 14557 0
15624732133313 13768 0
15624732333332 13312 0
15627431223113 10078 0
15627431322113 14534 0
15627431332112 10313 0
15634722123332 11498 0
15634722321233 10545 0
15637423211123 10310 0
15642371111111 10716 0
15642372213311 8280 0
15642372231332 13111 0
15642372331322 11588 0
15642373212311 10097 0
15642373221323 12376 0
15642373231223 13236 0
15643271221331 10986 0
15643271331221 11312 0
15643273223111 9004 0
15647233213232 12427 0
15672341113232 13401 0
15672341323112 12394 0
15672342323312 11457 0
15672343213232 12601 0
15672433312133 19163 0
15724362212132 13128 0
15724631111111 14708 0
15724631211311 13023 0
15724631322233 22703 0
15724632123233 14952 0
15724632313223 21043 0
15724632323231 13464 0
15724632323333 12392 0
15724633132322 11384 0
15734622331223 12925 0
15746321111111 16179 0
15746321323211 10831 0
15746322313112 10371 0
15762342122213 15305 0
15763241111111 11606 0
15763242323132 12551 0
16243571132132 9844 0
16243571231231 12988 0
16243571321321 11368 0
16245371231231 13260 0
16254733312223 15291 0
16257431132111 10906 0
16257433223123 13260 0
16273541122133 16337 0
16273541321321 13383 0
16275341312213 11411 0
16275343122221 15619 0
16327453232333 9799 0
16342571331221 12216 0
16345271111111 28940 0
16345271133131 16917 0
16345271222111 17566 0
16345272322232 11614 0
16345272333212 15649 0
16345273122323 17624 0
16345273233323 14824 0
16347252131312 11379 0
16347253121312 9788 0
16357421223113 11730 0
16374521112323 17539 0
16374523211123 16787 0
16423572112121 12011 0
16427531211311 10666 0
16427531231321 8044 0
16427532333233 17335 0
16453271111111 18188 0
16453271211113 13261 0
16453272111131 13585 0
16475233132313 18009 0
16523473332323 9402 0
16523741112212 12015 0
16524731112212 15433 0
16524731112233 12257 0
16524731113133 12890 0
16527341111111 10167 0
16527431123333 10154 0
16527431222132 9989 0
16527431312222 13824 0
16527431333213 9459 0
16527432113333 9650 0
16527432211322 10572 0
16527432231122 8775 0
16527432231332 8691 0
16527432331322 8929 0
16527432333113 9556 0
16527433312133 8909 0
16532471111222 12428 0
16534271111111 10354 0
16534271111132 8426 0
16534273211111 10269 0
16534723211123 10696 0
16537421111222 12255 0
16537421113322 11547 0
16537421113331 12407 0
16537421223113 10234 0
16537421233112 14770 0
16537421332112 9971 0
16542371221331 9917 0
16542371331221 10307 0
16542372112331 11710 0
16543271221223 14651 0
16543271223221 9677 0
16543271331332 11138 0
16543271332331 10915 0
16543272331331 9604 0
16543273221221 10138 0
16543721111111 9021 0
16543721113211 8400 0
16547233332323 10153 0
16547321113331 14149 0
16572431111111 12096 0
16572433213223 12931 0
16573241123123 10230 0
16573241312312 9232 0
16574231113133 12429 0
16723451122133 15196 0
16723451322311 15487 0
16725431121311 9182 0
16725431131211 9318 0
16725431211122 15865 0
16725431211131 11423 0
16725431311121 8355 0
16725432211121 17331 0
16725432232223 14885 0
16725433113311 15225 0
16725433122212 14235 0
16725433333232 15370 0
16735242122213 13407 0
16742352232313 10947 0
16743252323222 9046 0
16745232121313 9572 0
16745232122222 9253 0
16745233121213 9255 0
16745233333313 11318 0
16753241221112 11566 0
17246351111111 15884 0
17265433111313 19408 0
17324561211323 16337 0
17324561232332 10047 0
17326452212111 19480 0
17356241212313 11047 0
17356242211331 22154 0
17362451211311 7832 0
17362451231321 8587 0
17362452213311 14242 0
17364251231231 14566 0
17423653213232 12567 0
17425631122112 13167 0
17425631223113 12133 0
17425631313113 11995 0
17425631322113 13649 0
17425631322332 21405 0
17425631323112 14349 0
17425631323223 19592 0
17425631332112 13286 0
17426531112233 10307 0
17426531121212 12885 0
17426531132312 14560 0
17426531213123 14574 0
17426531223221 11958 0
17426531232233 12528 0
17426531313131 12404 0
17426531331332 13016 0
17426532121211 11367 0
17426532331331 15283 0
17435622211133 8755 0
17435623211123 8920 0
17436521323232 9672 0
17452363213232 10181 0
17452363322132 8841 0
17452633213232 14435 0
17453262211133 10347 0
17462352213311 8729 0
17463251122112 10742 0
17463251221331 12002 0
17463251313113 10623 0
17463251321231 12114 0
17463251323112 14754 0
17463251331221 12706 0
17526431131121 10580 0
17526431231321 8556 0
17526432123233 14248 0
17543261111111 18814 0
17543261132111 13219 0
17642531111111 16416 0
17642531112233 21524 0
17642533312211 16995 0
17643251122112 11612 0
21345671111111 12540 0
21345762223322 16199 0
21345762312323 12192 0
21345762313223 9264 0
21345763332233 13200 0
21346752313322 13172 0
21347562312323 23948 0
21354671122112 11468 0
21354671131313 15150 0
21354671221112 11398 0
21354672311123 13145 0
21354672311132 9973 0
21354672313211 26762 0
21354673131113 13590 0
21354761112233 22548 0
21354761112311 13025 0
21354761113211 13379 0
21354761113322 23796 0
21354761122211 14540 0
21354761133311 12610 0
21354762213311 21469 0
21354763312211 20891 0
21357462311111 16365 0
21357463213331 13015 0
21357642221132 18815 0
21364752311111 14984 0
21364753212212 12665 0
21365742221312 12616 0
21365742312323 16449 0
21367451311331 10717 0
21367452112112 9488 0
21374653333121 16489 0
21375462312233 9173 0
21375463333211 16206 0
21376541111123 10991 0
21376541112311 12042 0
21376541122211 13862 0
21376541131133 11748 0
21457631321123 22101 0
21473563331312 18552 0
21536742222131 16863 0
21654372231323 14062 0
21654372233321 12247 0
21654373332122 10627 0
21654373332221 12031 0
21734652123131 16255 0
23147562123131 11998 0
23147651112323 11604 0
23147652312323 8296 0
23156471222132 13571 0
23156471333132 13399 0
23156473323332 12633 0
23157461231333 17336 0
23157462131123 17986 0
23164573213133 12241 0
23164752131312 14133 0
23164753333313 13311 0
23165471111111 9390 0
23165471311133 12638 0
23165471312132 13628 0
23165472111122 12591 0
23165472111332 13492 0
23165472132332 14973 0
23165472311111 15014 0
23165473233221 22557 0
23165741112323 9033 0
23165741231312 14056 0
23165742123131 7502 0
23165742131321 16006 0
23165742131333 21713 0
23165742312323 12319 0
23165743331312 21746 0
23167541233322 15272 0
23167542131222 14043 0
23174652123131 7987 0
23175463211222 14255 0
23176452132221 15918 0
23176453332233 15660 0
23416752121211 15606 0
23417563232123 10931 0
23456173212332 10338 0
23456173233122 11178 0
23456713212332 11729 0
23475162121112 12958 0
23517462131333 15945 0
23576412233321 15805 0
23576412312323 15663 0
23657142121112 20228 0
23671452122333 27794 0
23674153232321 9067 0
23751461132123 10625 0
23751463112321 10517 0
23756143222331 13217 0
23756411222312 10687 0
23756413222112 10966 0
23756413223312 10715 0
23756413322312 11206 0
24153672321233 12417 0
24157361313212 11672 0
24157362323111 11653 0
24167353132232 22649 0
24173652323231 8132 0
24315673311311 17345 0
24315761122322 17800 0
24315762213323 9246 0
24351671212211 13687 0
24351673111133 14725 0
24351673311311 15979 0
24351761111123 22335 0
24351761212232 13378 0
24367511323112 14992 0
24367513111121 10810 0
24376512222122 15876 0
24516732233111 8985 0
24531673123121 15692 0
24536713231232 14179 0
24537613231322 15121 0
24561372111131 9281 0
24563711121212 12509 0
24563712121232 13035 0
24563713121222 18033 0
24571362221213 14717 0
24571631121212 14303 0
24615371112332 13608 0
24615372213311 25525 0
24615731122313 14423 0
24615731132333 21478 0
24615732111323 16408 0
24615732213311 9088 0
24615732233321 12746 0
24615733113323 21437 0
24615733311122 7180 0
24617532233321 20245 0
24637512311132 11835 0
24651731113223 16706 0
24651731333333 12967 0
24715363311332 13475 0
24715631111111 14917 0
24715631122121 14015 0
24715631122133 14176 0
24715632313223 20328 0
24715633112111 9140 0
24715633131131 13989 0
24716532323231 17534 0
24731561111111 17667 0
24731562311231 11632 0
24736512222332 17871 0
24751362221231 21437 0
24751362321113 24972 0
24761531221223 22518 0
24763151111111 11012 0
24765313222112 18879 0
25134672233321 16059 0
25134672312323 16191 0
25134672313211 17500 0
25137461111111 11686 0
25137461211323 10366 0
25163741112323 14440 0
25314673111313 15866 0
25314673111331 15213 0
25314673131311 15643 0
25341673113311 18701 0
25341762313223 21465 0
25364172311231 18192 0
25364173223231 10004 0
25367411211122 11649 0
25413672323111 18287 0
25413763121222 18417 0
25436711311313 12466 0
25436712123122 13805 0
25436712123332 12078 0
25436712132122 15381 0
25436712323231 14532 0
25436713232321 11718 0
25436713332122 12620 0
25463713212332 12936 0
25471362323132 8897 0
25471631312213 18666 0
25631741212121 25051 0
25634713321232 13961 0
25641371213132 16221 0
25714632123131 10155 0
25714632223331 12649 0
25714632313211 24791 0
25714633121333 16114 0
25716431212223 15625 0
25716433223213 16307 0
25731642232211 25881 0
25734162221111 11660 0
25734613113323 19459 0
25736141111123 10150 0
25736141233232 16015 0
25736411133113 15739 0
25736411231321 10406 0
25736411321312 13152 0
25736411331113 14972 0
25736413123112 14019 0
25741361232113 11894 0
25741632222323 13889 0
25741632312323 12194 0
25743611233232 12394 0
25763142223133 11387 0
25763411332322 9458 0
26135742132221 17069 0
26135742213323 9023 0
26135742332312 16476 0
26153471122121 11317 0
26153473131131 10047 0
26153473132121 13336 0
26154372332213 32825 0
26175432331133 16760 0
26317451212211 19442 0
26345711223113 10986 0
26371453112111 10385 0
26415731322323 13571 0
26415732121223 12813 0
26415732233321 16297 0
26435712222122 20640 0
26435712233321 12232 0
26435712311132 6611 0
26435712322322 16182 0
26435713311122 8003 0
26435713333133 16374 0
26437512122312 14319 0
26453172211133 11300 0
26453711333333 16732 0
26513471122121 13228 0
26517343333313 20600 0
26534713333313 18546 0
26543171111111 15014 0
26543171123111 13950 0
26547313131323 18162 0
26573413331312 14885 0
26714531212133 16124 0
26714532121133 18623 0
26715433231322 12546 0
26741351232113 14120 0
26743512121232 20463 0
27134561131133 12040 0
27154632311132 16729 0
27314652313211 17368 0
27365412321212 14854 0
27415363131113 12568 0
27415632323231 14822 0
27415633321322 15293 0
27416532133232 9906 0
27416533321232 14040 0
27435612122222 13459 0
27453161123111 12663 0
27453161132111 14327 0
27456133132223 11679 0
27516341111111 9287 0
27534161111111 8148 0
27534161111123 12801 0
27534162311111 8781 0
27534612311132 8203 0
27536412332312 16196 0
27543611111123 16966 0
27543611111132 12366 0
27546312231122 28255 0
27613543333133 19404 0
27614353311332 16291 0
27615431312333 17506 0
27615432113321 12158 0
27615433313213 13897 0
27634511131133 14030 0
27634512233321 8071 0
27643513311233 22017 0
31246753312211 11128 0
31247651113232 7781 0
31247651323232 11254 0
31256471231222 12495 0
31257462222221 18216 0
31257462312311 14621 0
31257643311122 10943 0
31264572122213 13859 0
31264573132313 12881 0
31264573222223 12483 0
31264752132122 17237 0
31264752313121 17251 0
31265471111111 17265 0
31265471122112 12002 0
31265471122133 14557 0
31265471312213 13804 0
31265471313113 11770 0
31265471321111 9620 0
31265472233321 24395 0
31265472312233 13802 0
31265741233331 15020 0
31267542222233 16537 0
31267542313133 16815 0
31275461112233 11524 0
31275461322233 11555 0
31275462133211 14098 0
31275462223211 14201 0
31275462311213 15749 0
31275462312212 15532 0
31275463311122 8836 0
31276452133322 14970 0
31276452313313 16196 0
31452671323211 10618 0
31452671332232 10725 0
31452672322331 10804 0
31456722111221 11247 0
31462751111111 16998 0
31462751113322 16444 0
31475261322233 17400 0
31475262331313 18387 0
31475262333221 14897 0
31524673332122 14536 0
31527643332122 14371 0
31564272212111 18155 0
31564272213311 11052 0
31564273113311 12473 0
31572461122133 9280 0
31624751112233 16598 0
31624753312211 16195 0
31627452221333 18401 0
31654272313322 15482 0
31754621331122 22621 0
31765242322121 21510 0
32145671111111 21828 0
32145671123333 14938 0
32145671132222 14832 0
32145671221112 16113 0
32145671333333 14699 0
32145672113333 15307 0
32145672212222 14350 0
32145673112222 14092 0
32145673311113 16358 0
32146751232323 12207 0
32146752232223 13542 0
32147562313223 10745 0
32147562333233 17464 0
32147651123333 9286 0
32147651132222 8685 0
32147651213333 10358 0
32147651312222 9412 0
32147652113333 8959 0
32147652231332 9120 0
32147652233213 14302 0
32147652331322 9617 0
32147652332213 14138 0
32147653112222 8445 0
32156471111111 10284 0
32156471113211 14485 0
32156471232332 20104 0
32156472312332 12585 0
32156472332132 12301 0
32156472332321 20943 0
32156472333332 12007 0
32156473223123 11211 0
32156741112323 11015 0
32156742311123 10221 0
32156742313223 9901 0
32156742333131 13520 0
32157641232323 11816 0
32157642231323 12122 0
32164571111111 16364 0
32164571111231 9325 0
32164571232323 12070 0
32164572232223 13718 0
32164572232313 13691 0
32164572233321 21454 0
32164572312323 21384 0
32164573323212 11964 0
32165741111111 15221 0
32165741111132 13819 0
32165741233223 22566 0
32165742211112 12750 0
32165742331112 13379 0
32165743311131 11404 0
32167451111111 15044 0
32167451213333 16280 0
32167451222222 13917 0
32167451312222 14500 0
32167451333111 14212 0
32167452211121 15622 0
32167453222313 15350 0
32167453313333 15100 0
32167453321232 15074 0
32174561112323 9245 0
32174561232113 10154 0
32174561232233 10653 0
32174562231212 12769 0
32174652312332 11344 0
32174652332132 10305 0
32175461111111 16508 0
32175461113112 9345 0
32175461221112 11927 0
32175461333111 11950 0
32175462233111 14173 0
32175462312323 22758 0
32416753121222 15573 0
32417562113321 15684 0
32417652132131 14597 0
32417653132121 12645 0
32451762331121 10277 0
32456173212332 13130 0
32456711233133 24644 0
32465172112121 12100 0
32465172132131 12070 0
32465172133121 12460 0
32465172332321 21116 0
32465173123121 13160 0
32465173132121 13445 0
32465173133111 12754 0
32465173233221 21370 0
32475161232323 14502 0
32475163331222 13513 0
32476513232231 11565 0
32517463131311 19517 0
32546713323212 11601 0
32547611121113 11654 0
32547611131112 9786 0
32547611213111 10095 0
32547611312111 10180 0
32547612111311 9622 0
32547613111211 9145 0
32561471113133 17361 0
32561471121311 8402 0
32561471122211 17524 0
32561471131211 9064 0
32561471211131 14465 0
32561471311121 11333 0
32561472133313 14163 0
32561472213122 14523 0
32561473222223 15763 0
32561473323212 14815 0
32567412122222 9398 0
32567412131312 10070 0
32567412222212 10973 0
32567413131212 9541 0
32567413133333 10769 0
32576142313223 16428 0
32615473332122 14012 0
32647152133121 16568 0
32647153132121 12546 0
32647512333233 19295 0
32657143121213 18354 0
32657412111212 16670 0
32671453123313 17643 0
32674152113333 24139 0
32714652332132 11387 0
32716452123212 15479 0
32741651121311 12595 0
32741651131211 10080 0
32741651211131 9643 0
32741651311121 11498 0
32741652111113 10237 0
32741653111112 10558 0
32745611223332 15182 0
32745612313322 15320 0
32745612322331 15278 0
32751643321232 12261 0
32754163211123 16586 0
32756141233121 16466 0
32761452121313 8682 0
32761452122222 9716 0
32761452222212 8882 0
32761453121312 11452 0
32761453133333 9380 0
32765411112221 16872 0
32765411121113 8783 0
32765411131112 8813 0
32765411133113 15861 0
32765411331113 15743 0
32765412221312 14019 0
32765412323222 10906 0
32765413122212 13544 0
32765413223312 14866 0
32765413231223 15825 0
32765413322312 14953 0
34125672131213 8902 0
34125672131312 9751 0
34125672221222 9425 0
34125673133333 9623 0
34127651121113 9894 0
34127651131112 9121 0
34127651213111 9829 0
34127651312111 9817 0
34127652111311 9534 0
34127653111211 9155 0
34162752132212 24264 0
34165271112212 17231 0
34165271121311 9734 0
34165271131211 9443 0
34165271211131 12000 0
34165271311121 8621 0
34165271311133 15482 0
34165272323333 15234 0
34165273133312 16403 0
34165273222322 15225 0
34165273311131 15380 0
34167252213323 15640 0
34172562132332 17522 0
34172562313331 16783 0
34175263321232 12655 0
34216572213122 24187 0
34261572132131 9806 0
34261572133121 11185 0
34261573123121 10798 0
34265712212132 16386 0
34275161312213 9295 0
34275162112322 14835 0
34275162213221 16025 0
34516271111111 10635 0
34516272312332 16799 0
34516722313223 11084 0
34517622231323 11653 0
34521672223232 10296 0
34526713232312 8615 0
34527612211322 11606 0
34527612231122 10582 0
34527612231332 12885 0
34527612331322 11537 0
34527613312133 11235 0
34561272122123 9901 0
34561272122321 9783 0
34561272212213 14572 0
34561272213122 8971 0
34561272232211 14388 0
34561273221233 8748 0
34561273233131 9234 0
34561273311233 9503 0
34561273313321 11021 0
34561273321133 9642 0
34561273321223 8422 0
34561721111111 11842 0
34562171321111 10185 0
34562171321231 7486 0
34562172232313 13877 0
34567212223232 11627 0
34617252111212 12302 0
34617252123212 12930 0
34617252132212 13098 0
34617522221333 13825 0
34621572132131 12080 0
34625172111212 14411 0
34627512232313 10691 0
34651271123111 9012 0
34651272332132 14298 0
34675212222122 21983 0
34715262221123 18015 0
34716522223211 17197 0
34721652121313 14008 0
34721652131213 11862 0
34721652221222 13739 0
34721652222212 12149 0
34721653333313 9350 0
34725611212211 16087 0
34725612111113 8238 0
34725612121322 15063 0
34725612231212 14653 0
34725612231332 15101 0
34725612322232 11436 0
34725612331322 14836 0
34725613111112 10473 0
34725613111133 15386 0
34725613132223 14830 0
34725613311113 15409 0
34761252323222 8889 0
35126741232212 16514 0
35126742231233 16669 0
35127462331331 20329 0
35162472122231 13650 0
35162472123233 12463 0
35162473122221 14231 0
35162473323131 14570 0
35162473332122 12885 0
35162473332131 13903 0
35162742213323 14303 0
35167242132212 19167 0
35172461232323 14788 0
35174262213131 17634 0
35174262231113 16372 0
35246171111111 16118 0
35246171113322 15796 0
35246172213311 16127 0
35267141223233 11181 0
35267141321132 18436 0
35271461322233 15514 0
35416721113112 10425 0
35416723232213 13909 0
35417622223133 12709 0
35426712131132 18752 0
35426712311312 13494 0
35426713111313 12159 0
35426713131113 11094 0
35426713312211 9478 0
35461271111231 11196 0
35461271321231 7600 0
35461272222323 11795 0
35462171131313 11855 0
35462171212121 12027 0
35462171221223 12159 0
35462171332331 14383 0
35462172213311 9616 0
35462172223331 12123 0
35462172312131 14958 0
35462173123211 13768 0
35462173131311 12360 0
35462173221221 12851 0
35462712322322 16442 0
35472163222313 9030 0
35472163231322 10440 0
35476122221111 11926 0
35614722321233 14090 0
35617423131332 14081 0
35624712121232 11102 0
35624712321212 15807 0
35624712321332 11117 0
35624712331232 11725 0
35714623111322 21656 0
35721642221213 24716 0
35762142222113 16594 0
36125471111333 16885 0
36125471212112 19308 0
36125471213111 8932 0
36125471222111 19513 0
36125471312111 10126 0
36125472111311 9616 0
36125472121223 13505 0
36125473111211 10980 0
36125473232222 16090 0
36125473323233 17034 0
36125743222331 19008 0
36127451333222 14951 0
36145272122222 9392 0
36145272131213 10755 0
36145272131312 9929 0
36145273333313 11489 0
36147251121311 11051 0
36147251131211 11081 0
36147251211131 11550 0
36147251311121 9727 0
36147252111113 11612 0
36147253111112 10446 0
36152741231312 20481 0
36152742131321 16794 0
36172452133133 16217 0
36217452131333 21019 0
36217541223311 10429 0
36217543213112 13554 0
36241573212332 12198 0
36241753212311 9360 0
36415272123212 18340 0
36417522123311 17515 0
36514272212111 17515 0
36521472113321 15343 0
36521472331121 15851 0
36527411131133 15636 0
36527412111113 9332 0
36527412131222 17434 0
36527412211322 16271 0
36527412221312 14823 0
36527412231122 14039 0
36527412322232 9554 0
36527413111112 9872 0
36527413311311 15124 0
36541272323222 9027 0
36542712121322 14979 0
36547212121313 9821 0
36547212122222 11112 0
36547212131312 11029 0
36547212221222 9762 0
36547213331333 12142 0
36712542121112 11324 0
36712542121121 11286 0
36712542121211 14987 0
36712542122111 12252 0
36714252232223 9102 0
36714521232113 11817 0
36714522121322 14884 0
36714522122213 14013 0
36714523132223 12136 0
36714523132322 12247 0
36721451131331 16226 0
36721452121322 14969 0
36721452122123 14225 0
36721452122213 14429 0
36721452122321 14844 0
36721452131111 11428 0
36721452223232 8265 0
36721453113113 17680 0
36721453121111 14356 0
36725411121212 11817 0
36725411131313 11944 0
36725411212121 12915 0
36725411313131 11858 0
36725412111212 12575 0
36725412121112 11674 0
36725412121211 12703 0
36725412121232 12003 0
36725412123212 13049 0
36725412321212 13111 0
36725413111313 14013 0
36725413131113 12725 0
36725413131311 14838 0
36741252122123 11907 0
36741252122321 11501 0
36741252122333 9998 0
36741252123323 11239 0
36741253233131 11243 0
36745211211221 15227 0
36745212121223 13762 0
36745212122312 17272 0
36745212122333 14227 0
36745212123323 16066 0
36745212131111 8700 0
36745212223232 9223 0
36745213121111 11277 0
36745213131131 15137 0
36745213133111 15028 0
36745213232213 14802 0
36751243222322 9090 0
36752142122132 18861 0
36752142123221 14011 0
36752143132232 12172 0
36752143133222 12910 0
36752143211132 11937 0
36754123232222 13931 0
37246511112233 21580 0
37256142321233 12364 0
37415622333221 16328 0
37426513132313 11208 0
37452162323312 11128 0
37516422333311 14302 0
37561241311112 8915 0
37612453122233 15128 0
37612542221111 13748 0
37614252221123 13742 0
37614521111111 16336 0
37614521323232 9406 0
37614522111221 12141 0
37614522113321 15537 0
37614522313322 15376 0
37614522323312 12042 0
37614523232213 13697 0
37615421113322 9403 0
37615422211133 7702 0
37615422223133 7897 0
37615422313121 12688 0
37615422313331 13220 0
37615423121132 13496 0
37624152311213 17095 0
37624511232233 10389 0
37624512121322 15068 0
37624512231212 13090 0
37624513131323 12698 0
37624513231313 12518 0
37641252222323 11457 0
37642152213311 11205 0
37642513122221 17634 0
37645122312221 14002 0
37651242211133 12906 0
37651422312311 16630 0
37652141113232 7449 0
37652143231322 12414 0
37654212311222 18031 0
41236753232321 11202 0
41237561313131 18200 0
41263751312222 23718 0
41325671212211 11800 0
41325762313223 16106 0
41325763131233 13145 0
41352671212112 11042 0
41352671212121 10783 0
41352671222111 11607 0
41357622313112 10925 0
41367253111133 12057 0
41532672313211 23881 0
41532761233133 15566 0
41563273113311 12267 0
41576322212222 14060 0
41625372313211 13767 0
41625373121213 13259 0
41625731222231 12830 0
41635721212121 18436 0
41657321222312 18414 0
41673252212222 14823 0
41673521111111 10956 0
41723562313211 14675 0
41725361232113 7043 0
41725361321213 17045 0
41725362221213 14672 0
41725362313211 8805 0
41725362313223 10686 0
41725363121222 12995 0
41725363121231 13258 0
41725631111111 11722 0
41725631211122 12212 0
41725632322331 21677 0
41725633111133 11175 0
41725633121123 13802 0
41725633211111 15132 0
41726352313322 9343 0
41726532312233 14790 0
41735261323313 18612 0
41735262312233 11164 0
41735263123223 15569 0
41735621233232 12329 0
41735622313322 14345 0
41736521233232 14946 0
41736522332231 9455 0
41752631222123 13211 0
41752632311123 11017 0
41752632312323 8224 0
41752632313211 26681 0
41756231321213 20193 0
41756233121231 16791 0
41762532221333 17351 0
41762533123331 16199 0
41765231233232 13593 0
41765322221312 14167 0
41765322313211 23150 0
41765323122212 14215 0
42136752131312 18682 0
42137561123333 20003 0
42137653122131 14543 0
42137653132121 12365 0
42157633231322 14623 0
42163751121212 19830 0
42165373223123 10726 0
42167532131333 17735 0
42315673112111 9895 0
42351671212211 12811 0
42351763231133 21557 0
42367153111121 14011 0
42367153211123 14552 0
42516372233111 11035 0
42561733323122 13821 0
42573612323231 9833 0
42573613322231 10641 0
42613572313211 14716 0
42615371313332 21141 0
42615372213311 10367 0
42615372221213 14380 0
42615372313211 9552 0
42651372213311 15323 0
42651733311122 12131 0
42673512232133 11872 0
42751632321233 15297 0
42751632323231 12325 0
43126572133313 14633 0
43167251232212 16086 0
43176252123131 16405 0
43176252311132 16339 0
43216573132121 11553 0
43216573132223 10432 0
43216573212311 11814 0
43216573212332 17542 0
43512671313332 15740 0
43527612312323 8520 0
43561271111111 9912 0
43571262122222 18256 0
43572161111111 11168 0
43572612312323 9913 0
43576211123222 17057 0
43576212112232 20419 0
43615271333312 13157 0
43615272113321 8932 0
43617521223221 22595 0
43621752213323 15149 0
43651722323132 9520 0
43675122222122 14072 0
43675211221331 13147 0
43721653231313 14406 0
43751623123313 15065 0
43765212222122 16104 0
45167323322231 15048 0
45176231131313 15763 0
45176231133113 15413 0
45176231331113 15271 0
45176233131113 16397 0
45176321131133 18829 0
45213672221123 16579 0
45273162222122 17458 0
45276131131133 17450 0
45312671222312 12311 0
45312672223331 10860 0
45312672233321 8178 0
45312672313211 24746 0
45312673132313 19927 0
45312673222112 12383 0
45312673231313 19936 0
45312761113211 12756 0
45312761133311 10242 0
45312762221111 14799 0
45312762311111 11331 0
45321671212211 11373 0
45321671221121 9906 0
45321673113311 17174 0
45327612222323 12593 0
45362712122222 18606 0
45367122223133 11197 0
45367211111132 11852 0
45367211211122 10722 0
45367213111133 10882 0
45376121131133 17072 0
45376121331311 13970 0
45376211333123 14822 0
45376213131323 20191 0
45376213333322 14054 0
45612371133221 22261 0
45612372331121 21390 0
45612373112231 20689 0
45612373132121 13086 0
45612373132223 12757 0
45612373322111 19206 0
45612373332122 12558 0
45612373332221 13314 0
45613271331221 12560 0
45613272233111 14945 0
45621373123331 12480 0
45621373211111 18565 0
45621732212123 16288 0
45621732233333 16196 0
45623712332123 11594 0
45623713322321 10219 0
45637123132121 14049 0
45637123332122 12903 0
45671231132231 11290 0
45671233112132 11540 0
45673212212132 17925 0
45673213211222 16694 0
45713623223132 14395 0
45721363321313 15908 0
45721363322231 14246 0
45732612233321 15412 0
45736121122211 14780 0
46123571111111 10197 0
46123573232123 15100 0
46125731333123 19000 0
46127351131313 12704 0
46127352131333 12949 0
46127353131323 13143 0
46135272133313 13628 0
46153273131131 14965 0
46157233333232 8962 0
46157321331233 13393 0
46215372121223 14021 0
46215372313211 19764 0
46257132211133 11055 0
46257313312211 26024 0
46273512122312 14438 0
46273513221212 13845 0
46275311123222 13574 0
46275312112232 17174 0
46275312132212 14491 0
46275312232133 7525 0
46275312313211 9048 0
46275313121222 12937 0
46275313312211 10620 0
46321752111131 9537 0
46352171211233 10693 0
46352172113231 10657 0
46372511221331 13525 0
46375211211332 19972 0
46375212113111 15029 0
46375212132131 11778 0
46375212132221 14953 0
46375212332222 13731 0
46375213112111 15076 0
46375213123121 12882 0
46375213333121 13401 0
46512371331221 14473 0
46512372113321 14340 0
46513272332111 9291 0
46513273113221 9197 0
46523711331332 18218 0
46527133111121 11607 0
46572311223122 15578 0
46572312132122 13197 0
46721533123313 18392 0
47123562232133 11888 0
47123651233232 13313 0
47126351233232 15237 0
47126532133133 21245 0
47132562311111 9269 0
47132563222331 17721 0
47132652233321 10001 0
47135622132332 13654 0
47136252133112 20003 0
47152361233232 12196 0
47152631322131 16591 0
47156231332313 16784 0
47156233211132 13150 0
47156233223312 14504 0
47156233233113 16140 0
47156233322312 13714 0
47156321111111 12834 0
47156321133311 12885 0
47156322132311 14516 0
47156322313232 14828 0
47156322332132 11581 0
47156322332312 14588 0
47156323223123 12410 0
47162351322122 13163 0
47163522131222 14030 0
47165321232113 7511 0
47165321322131 22159 0
47165322132212 14255 0
47165322133112 16741 0
47165322232133 7074 0
47165322313211 9698 0
47216352131333 16196 0
47251363131113 22158 0
47251632131312 18289 0
47256133212311 7882 0
47256133321232 11709 0
47265312122222 13478 0
47265312131312 13976 0
47265312313211 13582 0
47321651311133 10963 0
47352612123131 16124 0
47352612311132 16398 0
47352612313211 23909 0
47512632312323 16848 0
47621532232331 10541 0
47621533231121 12578 0
47632152233321 8576 0
47632153212311 10287 0
47632153232321 9481 0
47632513212332 19220 0
47652132231323 12492 0
47653213211231 22205 0
47653213232111 10429 0
51264731113322 16346 0
51264732213311 15526 0
51267342312233 19181 0
51324671211122 9647 0
51324672212111 12716 0
51324673113311 16133 0
51324761111123 14776 0
51324763113332 12783 0
51342672212111 13050 0
51342763312223 14398 0
51367241211113 9310 0
51423671221331 12680 0
51426731111111 16640 0
51426733312211 16063 0
51472361131313 13968 0
51472633331312 14786 0
51623471321111 9195 0
51623743313321 18848 0
51624731312123 15925 0
51624733323113 20156 0
51632741323232 9083 0
51642371122313 16710 0
51642731113322 10522 0
51647231113232 8256 0
51723643131311 17203 0
51724362122222 13914 0
51724363121213 13495 0
51726433123313 15305 0
51732643121213 18632 0
51742632323231 12887 0
51742632323333 11841 0
52134761232113 16954 0
52147631121311 10663 0
52147631131211 10660 0
52147631211131 9594 0
52147631311121 10324 0
52147632111113 9886 0
52147633111112 12655 0
52163471112122 16248 0
52163471213111 9582 0
52163471312111 9537 0
52163471333123 14870 0
52163472111311 8699 0
52163472131222 13477 0
52163473111211 9158 0
52163473111331 16437 0
52163473221323 14954 0
52163473323332 21080 0
52167342121232 14931 0
52167432121313 11777 0
52167432122222 11636 0
52167432131213 10162 0
52167433133333 11223 0
52167433331333 10122 0
52174633223123 12424 0
52314673311311 19648 0
52314761322122 16728 0
52341671111111 25616 0
52341671122211 16250 0
52341671311313 14344 0
52341672211112 16776 0
52341672232313 16027 0
52341672323222 9564 0
52341672323312 19130 0
52341673133111 14586 0
52341673232213 16008 0
52341673232333 8452 0
52341673323212 18874 0
52361472121313 11230 0
52361472131312 9681 0
52367142211121 12461 0
52367412322232 9798 0
52374161112323 16097 0
52376413222223 11255 0
52463173212332 16124 0
52463713212332 15705 0
52471631223113 14103 0
52471631323112 13682 0
52614372313211 9295 0
52641733212311 7857 0
52641733232321 10560 0
52673413232123 14165 0
52713461232323 8354 0
52714361232113 9731 0
52714633213223 11919 0
52714633223123 10616 0
52731641233112 13182 0
52731641323112 12202 0
52736141322233 8373 0
52741362313211 12131 0
52741362313223 10425 0
52741632122333 9450 0
52741632123323 12046 0
52741632212213 9257 0
52741632212231 9074 0
52741632232211 8909 0
52741633221233 9133 0
52741633313312 8610 0
52741633313321 9531 0
52741633321223 10363 0
52741633323311 8775 0
52743611111213 9435 0
52743611111312 12071 0
52743611112131 10389 0
52743611113121 12030 0
52743612131111 9038 0
52743613121111 10901 0
52761431111213 10156 0
52761431111312 9483 0
52761431112131 10065 0
52761431113121 10238 0
52761432131111 11092 0
52761433121111 9231 0
52763143222331 17324 0
52763411222312 14537 0
52763411333123 10258 0
52763413222112 14941 0
52763413223312 14683 0
52763413322312 14452 0
53126471231231 16078 0
53126471231321 11352 0
53126471321321 14543 0
53146272123233 14136 0
53147262123131 15078 0
53162743312223 14089 0
53274163211222 18268 0
53421671321111 13279 0
53421671321231 8148 0
53426171112233 8065 0
53462711113322 9718 0
53467211321111 9514 0
53476121323112 14344 0
53476121323322 14598 0
53614721212121 14708 0
53621471331221 12151 0
53642171111111 16628 0
53672142221213 23933 0
53714622233111 18297 0
53721463223312 18437 0
53724612121112 15329 0
53726143333121 13252 0
53741621323112 13642 0
53741621332112 14553 0
53742612323333 12530 0
53761242121211 12290 0
53761242221213 13269 0
53761242321212 12211 0
53762143222331 13293 0
53762413322123 13497 0
54123673233323 10763 0
54126371331221 12555 0
54127632131213 12198 0
54127632222212 11909 0
54127633131212 13280 0
54127633133333 11078 0
54127633333313 9683 0
54163271133221 17874 0
54163272233111 16857 0
54167231121113 9247 0
54167231131112 9291 0
54167231221211 16444 0
54167231333213 14139 0
54167232112112 16108 0
54167232133313 15658 0
54167232333113 14853 0
54167233232333 10225 0
54167233331213 15516 0
54172633132313 14624 0
54217362233213 30551 0
54217632132212 24383 0
54231671123111 13952 0
54231673123121 14189 0
54261373123121 11710 0
54261732231233 15824 0
54276132233312 15733 0
54312671131331 8910 0
54312672212111 10452 0
54312673311311 17068 0
54317261113112 9342 0
54317621111222 12492 0
54321672212213 11269 0
54321672212231 10254 0
54321672232211 10907 0
54321673313312 15087 0
54321673313321 14849 0
54321673323311 15787 0
54321761211221 8890 0
54321763113113 13630 0
54326171111231 12937 0
54326171112233 8969 0
54326171321231 8510 0
54326711112212 12632 0
54327612223232 9950 0
54361272223232 10901 0
54362171113133 12137 0
54362711111231 9532 0
54362711323112 14296 0
54367121112212 15377 0
54367121113211 12341 0
54367121113331 16148 0
54367122211121 11557 0
54367122311111 12634 0
54367123311113 10283 0
54367211132222 9420 0
54367211213333 12117 0
54367211222132 8973 0
54367211333213 9285 0
54367212211322 11875 0
54367212231122 9545 0
54367212233213 9178 0
54367212332213 9284 0
54367212333113 9112 0
54367213112222 10076 0
54367213312133 10100 0
54371261113331 12357 0
54371621113112 13581 0
54371621113322 9251 0
54376121322233 9239 0
54376211111132 12088 0
54376211111222 12123 0
54376211113133 13824 0
54612371112311 21606 0
54612372222131 12730 0
54612732112223 15887 0
54612733322213 15641 0
54621371133311 9914 0
54621372211121 10492 0
54637211132111 9185 0
54671232221213 18943 0
54712361323313 17102 0
54712362223322 16070 0
54716232222113 16599 0
54716321112323 16790 0
54716322313223 16415 0
54721631111111 32347 0
54721631122121 16352 0
54721631311133 14925 0
54721632133232 16140 0
54721632212222 15297 0
54721632212231 14108 0
54721633231322 15390 0
54721633313321 14546 0
54721633333331 13372 0
54723612131312 11542 0
54723612221222 12104 0
54723612222212 10618 0
54723613121312 10673 0
54723613333313 11761 0
54761233322321 15791 0
54763212322232 9825 0
56123471222312 9455 0
56123471223221 9739 0
56123471331332 13086 0
56123471333123 9097 0
56123472322121 9941 0
56123472331331 9849 0
56123473133132 10797 0
56123473133231 9726 0
56123473222112 8504 0
56123473223312 8328 0
56123473322312 8753 0
56124371111231 9252 0
56124371232323 14009 0
56127433332323 10164 0
56132472333332 10999 0
56132473211111 8145 0
56132473213211 11235 0
56143273332323 12291 0
56147231222132 15510 0
56147231333213 10475 0
56147232233213 10967 0
56147232332213 11548 0
56147232333113 10571 0
56147322333233 12994 0
56173421113112 9674 0
56174232323333 11101 0
56174321232113 9133 0
56213471111111 9230 0
56213743313333 14863 0
56243173133111 12229 0
56243713121333 13981 0
56247132333233 11798 0
56271433111313 13574 0
56271433123313 13489 0
56271433132313 14249 0
56274132331133 12663 0
56274312313211 9169 0
56321473233323 9098 0
56321742211112 14646 0
56324171221331 12552 0
56327411211332 15496 0
56327413213112 15152 0
56341273121213 11656 0
56341273131212 9652 0
56347122333233 12898 0
56347211213111 10083 0
56347211222132 14370 0
56347211312111 9593 0
56347211331131 15283 0
56347212111221 20923 0
56347212111311 10412 0
56347212123233 16439 0
56347212232223 16233 0
56347213111211 9515 0
56347213131332 15241 0
56423171231231 12514 0
56423171231321 12598 0
56423171321321 13745 0
56423172112121 11003 0
56423173132121 12093 0
56423173133111 10519 0
56432713122122 14797 0
56712341232113 16616 0
56712343211123 16234 0
56721343123331 15281 0
56721432312233 16981 0
56723411113313 15505 0
56723411121113 10427 0
56723411131112 9880 0
56723411222312 14121 0
56723412122312 13285 0
56723412323222 8943 0
56723413221212 13378 0
56723413222112 14198 0
56723413331111 15064 0
56732143122113 19305 0
56741231121311 9789 0
56741231131211 12608 0
56741231211131 12399 0
56741231311121 9455 0
56741232111113 11034 0
56741233111112 10945 0
56743212122222 9457 0
56743212221222 11226 0
56743213121213 11653 0
56743213121312 9461 0
56743213331333 13042 0
57123461111111 9119 0
57164322131312 13677 0
57214361323232 9045 0
57214632212213 25644 0
57236141113232 8430 0
57236141322233 9023 0
57236141323232 13142 0
57241631322113 12761 0
57241631323112 12310 0
57246131112233 9238 0
57264132111323 15838 0
57321641311112 13886 0
57321642311132 14997 0
57364212213311 10342 0
57364212313211 10831 0
57364213332122 10176 0
57642311113322 16327 0
61234572231323 11888 0
61234573232213 9281 0
61235741313131 14584 0
61257343232123 12831 0
61274351313131 14715 0
61274532231323 11743 0
61352472233321 16330 0
61352472313211 22439 0
61452731311313 12359 0
61453721111111 16244 0
61453721311112 14613 0
61453723111121 15784 0
61472532123332 10997 0
61472533112111 10323 0
61527431111111 11321 0
61534272311132 9336 0
61534721112311 14845 0
61534721113211 13631 0
61543271111111 10637 0
61543271112311 9864 0
61572432312323 8247 0
61734523222331 17061 0
62134572321323 13718 0
62135471122121 12551 0
62135472132131 13425 0
62135473122131 12258 0
62135473123121 14485 0
62135473131131 12436 0
62135473132121 13809 0
62135473232231 23250 0
62135473322321 22218 0
62135743222331 12843 0
62135743312223 20821 0
62147353123121 14469 0
62147353132121 12585 0
62154733321121 10952 0
62157342132212 14374 0
62173543232132 11388 0
62174351122133 14516 0
62174533311212 17960 0
62317453112111 8577 0
62317453312211 13609 0
62351743112123 19004 0
62371453311311 12364 0
62374511322311 11847 0
62374513112321 11957 0
62374513312112 10578 0
62435172211133 8579 0
62435172311132 8412 0
62435711222222 16156 0
62453713311122 13804 0
62471532232133 10050 0
62475131322323 13970 0
62531472321233 13573 0
62543711211113 14190 0
62543711311112 12764 0
62571432321233 12867 0
62735143223213 16715 0
63125741112323 20856 0
63125743131233 14686 0
63125743133312 13832 0
63142571111111 11182 0
63142571132321 24171 0
63142573112123 24050 0
63172452312323 15652 0
63172452313211 22148 0
63174522332132 11764 0
63247511123132 11593 0
63251743133231 22155 0
63452711311313 11054 0
63452712333221 11279 0
63471522123131 19614 0
63471522323132 17067 0
63471522332132 19184 0
63472512123332 10700 0
63512743313333 14865 0
63541271212211 17636 0
63542713121333 18443 0
63574212123131 17260 0
63574212313211 23697 0
63712542221111 13024 0
63714252123131 9254 0
63714521112323 11647 0
63714522332132 10215 0
63721541233322 14481 0
63724153121213 16130 0
63725141112323 10232 0
63725141233121 13402 0
63725142123131 9074 0
63725142223133 8286 0
63725143122113 13883 0
63725143123313 21728 0
63741252222323 12097 0
63741522123131 10092 0
63742511232221 16035 0
63745123122212 12833 0
63751242221321 13955 0
63751423122311 16159 0
63752141111111 14700 0
63752141122211 12227 0
63752141123213 13687 0
63752142332132 12570 0
63752143123223 14006 0
63752143212323 14536 0
63752143223123 13247 0
63752411223212 13290 0
63752411333213 19507 0
63752412312323 10430 0
63752412322112 13943 0
63752412333113 19568 0
63754213122122 15701 0
64125371131313 24260 0
64157321133212 25206 0
64231572311132 10194 0
64257131113223 14287 0
64271533221212 14015 0
64275131212223 13160 0
64275131312123 13180 0
64275132211133 9021 0
64275132232133 8136 0
64275133231112 14301 0
64275133312211 9603 0
64275311112332 17100 0
64275311222222 13697 0
64275313312211 16526 0
64321572111131 16921 0
64321572132131 18645 0
64321572311132 19143 0
64325713121222 24674 0
64351272132131 12573 0
64357212313211 12050 0
64357213231322 16432 0
64357213312211 10039 0
64531271212211 17674 0
64531272132131 10774 0
64531273122131 11385 0
64531273123121 13271 0
64531273311311 12261 0
64531273312211 11009 0
64572131122223 15444 0
64713253112111 9887 0
65123471112311 7856 0
65123471233232 12358 0
65123472312311 11241 0
65132471212112 14641 0
65132471222111 14277 0
65132471231321 13149 0
65132471323121 16729 0
65132472131231 13456 0
65132472212231 20121 0
65132472233321 10377 0
65132473111331 13489 0
65132473313312 11320 0
65132473323311 11571 0
65132741223323 9705 0
65132743222331 13253 0
65134721233232 14234 0
65147321232113 12957 0
65172431132333 15922 0
65174232123131 8275 0
65174232133313 13068 0
65174232323312 12989 0
65174233323212 13315 0
65174233331213 13529 0
65174322313211 10991 0
65174323223123 11614 0
65213741111111 11577 0
65241371111111 12699 0
65243712121322 16139 0
65271341332331 17944 0
65271432231233 12580 0
65274131111111 15838 0
65274131311313 11563 0
65274131312213 14179 0
65274132123332 12402 0
65274133132223 13169 0
65274133232321 10065 0
65274133312223 13792 0
65314272311132 16147 0
65314272313211 24015 0
65321472111122 11584 0
65417321232113 16361 0
65417323223123 14824 0
65417323232123 14790 0
65423713321322 15465 0
65432173232321 11671 0
65471231132213 16293 0
65714323223123 12700 0
65723143321313 13550 0
65732411333123 14666 0
65742311212313 12038 0
67132541133311 14356 0
67145323133312 15976 0
67154233323332 11452 0
67215343333133 12819 0
67231541323112 15162 0
67231543323122 15911 0
67234513332122 11567 0
67245131313323 14774 0
67245311112311 18924 0
67245311133233 12545 0
67254311131133 16438 0
67254313311113 9536 0
67312452233321 8462 0
67312541121221 8961 0
67312542221111 11909 0
67321451111123 10730 0
67321451112311 11555 0
67321451212211 17224 0
67321451311133 10982 0
67321452111122 10574 0
67321453113311 14059 0
67321542232133 10328 0
67341252222323 11745 0
67342512222113 12783 0
67345122223133 8848 0
67345122232133 8373 0
67345211111123 12455 0
67345211111132 13210 0
67345211112233 21904 0
67345211113322 20690 0
67345211211122 12463 0
67345211311133 12825 0
67345212111122 12126 0
67345213111133 13144 0
67354121111111 9622 0
67354211212121 12595 0
67354211313113 19379 0
67354211333111 19237 0
67354212111221 13253 0
67354212212222 14100 0
67354212311132 8205 0
67354213111313 15852 0
67354213131311 15249 0
67354213211132 10706 0
67354213313333 13740 0
67412353132121 16325 0
67412353332221 13194 0
67412531131133 12287 0
67435121332112 11629 0
67435123123121 11749 0
67452313321232 11792 0
71234563231322 12569 0
71263541333222 22515 0
71263542323123 24046 0
71264533131323 10798 0
71264533221323 11282 0
71264533231223 13604 0
71264533231313 11192 0
71326451211311 10801 0
71326453132121 13902 0
71326543333313 18732 0
71345262132131 14598 0
71362453113311 12083 0
71365423331312 17638 0
71423563213232 12788 0
71423653213232 11831 0
71426353312211 8172 0
71426533333223 17988 0
71432561232323 15318 0
71432561323232 9440 0
71432562111221 12266 0
71432563232213 11727 0
71432563323113 13598 0
71432563323122 11992 0
71432563332113 13372 0
71435261322233 10020 0
71435262222122 12544 0
71435263211123 7688 0
71435263311122 8278 0
71435263333133 12970 0
71435263333223 13423 0
71435623333331 19755 0
71436253333112 18855 0
71452363213232 12124 0
71452632222131 17158 0
71453262222221 14975 0
71453623311122 13757 0
71456321322323 11412 0
71456322111221 11702 0
71462531113322 12196 0
71462532111212 11453 0
71462532121112 12696 0
71462533111223 15753 0
71462533221113 14547 0
71463523331222 16579 0
71523463131311 13445 0
71523463231313 14307 0
71523463331312 13421 0
71532463221332 12213 0
71534262122222 15553 0
71542633132322 11393 0
71543622111131 12822 0
71543623111121 13725 0
71546233331213 13976 0
71546322231212 14196 0
71562433123232 8905 0
71563243221221 19123 0
71625433213133 24781 0
71643252231212 13772 0
71643523331213 14980 0
72134562312212 17388 0
72136541322233 16535 0
72143563222331 12439 0
72143651121113 9837 0
72143651131112 10034 0
72143651213111 9615 0
72143651312111 9162 0
72143652111311 9170 0
72143653111211 9290 0
72145631233223 15233 0
72145633232231 15362 0
72145633312223 18927 0
72146352232223 10876 0
72163452122222 11482 0
72163453121213 9596 0
72163453131212 10706 0
72163453133333 9786 0
72163453331333 10625 0
72164353131113 14531 0
72165431113331 15441 0
72165432111113 9150 0
72165432111122 20669 0
72165432211112 17459 0
72165432323312 15034 0
72165433111112 8359 0
72165433121333 16648 0
72165433221233 14794 0
72165433233323 10857 0
72165433321223 13707 0
72165433331213 14373 0
72345611111111 16100 0
72345611133113 15415 0
72345611221223 14221 0
72345611222222 13340 0
72345611331332 16344 0
72345612122111 15947 0
72345612331331 13999 0
72345613221221 14018 0
72345613333331 16982 0
72356141112323 17366 0
72356141232113 16486 0
72356143211123 16117 0
72361453232333 9344 0
72361542333233 17372 0
72365412222212 8711 0
72365413121312 11558 0
72365413131212 9250 0
72365413331333 10098 0
72435163333313 19113 0
72513641232323 7939 0
72513641233322 11712 0
72516342313223 8343 0
72531463321232 11831 0
72534163211123 8472 0
72541631111213 10240 0
72541631111312 11033 0
72541631112131 10680 0
72541631113121 11064 0
72541632131111 8914 0
72541633121111 11526 0
72543162311111 12922 0
72543163211111 14509 0
72543611221223 8143 0
72543611223221 8897 0
72543611331332 10365 0
72543611332331 8856 0
72543612331331 8483 0
72543613132232 14798 0
72543613133222 10105 0
72543613221221 9056 0
72543613223312 11622 0
72543613322312 11999 0
72546311323112 12562 0
72546313323212 11235 0
72561342313223 14070 0
72561432213122 12145 0
72561433221233 10417 0
72561433311233 15370 0
72561433321133 10917 0
72561433321223 10759 0
72563411111213 9806 0
72563411111312 9100 0
72563411112131 12598 0
72563411113121 10083 0
72563412131111 9071 0
72563413121111 9064 0
72643513212311 11998 0
72643513212332 13839 0
73125463133132 19197 0
73146522113231 11027 0
73246153312211 16608 0
73456123231322 12099 0
73516243323113 13230 0
73516243332131 13538 0
73541262321212 16921 0
73542163321133 20154 0
73542613132121 12066 0
73542613132322 10270 0
73564213321322 16254 0
73614251112323 8704 0
73615241112323 10733 0
73615241113322 11154 0
73615242223133 8672 0
73615243123313 12910 0
73615243213313 13361 0
73615243331312 13059 0
73615243332311 13505 0
73615421113322 15741 0
73615423213211 16289 0
73615423333331 14407 0
73624513121132 20328 0
73624513332131 20872 0
73625141112323 8655 0
73625143121213 12961 0
73625143333313 13490 0
73625412222323 12425 0
73642511111111 8422 0
73642511113232 10701 0
73642511113322 10867 0
73642513223222 16080 0
73645121113211 14751 0
73645122222311 13176 0
73645211223113 11950 0
73645211231111 16801 0
73645211321111 9430 0
73645211332112 11733 0
73645213112231 19815 0
73645213333112 14557 0
73651241113322 17442 0
73652413211312 15954 0
73652413331321 18494 0
73654122111122 11759 0
73654122221111 10318 0
73654211111132 14661 0
74123563323221 8884 0
74123652322121 10112 0
74123653132232 14721 0
74123653133132 10501 0
74123653133222 10062 0
74123653133231 10106 0
74125631313311 15106 0
74125632121121 17155 0
74125632122111 15885 0
74125632131111 8972 0
74125632321332 15358 0
74125633121111 11549 0
74125633131233 13348 0
74125633132232 13816 0
74125633133222 14453 0
74125633133312 15683 0
74125633332323 9917 0
74126352333122 11522 0
74132561321231 10499 0
74132562121121 15239 0
74132562122111 12571 0
74132563131221 15720 0
74132563132112 14630 0
74136522322121 10726 0
74152363132232 10811 0
74152363133132 10569 0
74152363133222 12146 0
74152363133231 10661 0
74156322122123 12820 0
74156322122321 12336 0
74156322313223 8182 0
74156323132331 14750 0
74156323133123 14152 0
74163251121122 16655 0
74163252112211 16103 0
74163252131111 11587 0
74163253121111 11421 0
74163253131332 13442 0
74163253133132 14065 0
74163253133213 15655 0
74163253133231 14500 0
74163253332323 8906 0
74165231121212 13935 0
74165231131313 12500 0
74165231212121 12063 0
74165231313131 12358 0
74165232111212 12867 0
74165232121112 12685 0
74165232121211 12831 0
74165233111313 12313 0
74165233131113 12369 0
74165233131311 12222 0
74165233131323 12894 0
74165233132313 12759 0
74165233231313 12727 0
74213652323132 14125 0
74251633111313 17007 0
74256311321222 21718 0
74256313111232 25226 0
74265312333233 12165 0
74312652333332 11312 0
74321563311131 12184 0
74321653233323 11499 0
74325163131323 14015 0
74325612221222 9753 0
74325613121312 11058 0
74325613131212 9751 0
74325613133333 9202 0
74361253112132 18719 0
74361253211231 15401 0
74365211121221 16947 0
74365211213111 8567 0
74365211312111 8557 0
74365211313113 15595 0
74365211333111 15524 0
74365212111311 9053 0
74365212222323 15742 0
74365212333332 15044 0
74365213111211 9193 0
74365213121333 14655 0
74512361322233 21099 0
74512362313223 16867 0
74513263121222 23953 0
74521632222212 10618 0
74521633121213 11207 0
74521633121312 10608 0
74521633133333 11174 0
74521633333313 11405 0
74523611121113 9967 0
74523611131112 10290 0
74523611213111 11729 0
74523611312111 10277 0
74523612111311 10597 0
74523613111211 9460 0
74532163123223 17579 0
74561231111222 15189 0
74561232111113 9485 0
74561232221111 16782 0
74561233111112 9677 0
74561233131233 13682 0
74561233233323 11133 0
74561233311233 14277 0
74561233321133 14217 0
74561233321313 16260 0
74563211232332 15679 0
74653213133222 18954 0
75132463233233 15900 0
75143263231313 18017 0
75146321323331 16768 0
75213642223133 11138 0
75231463211123 13553 0
75234161322233 8230 0
75234162221111 15769 0
75236143213232 12290 0
75241632222323 12417 0
75243162211322 27724 0
75243611113232 11673 0
75243613213232 12681 0
75246131333312 19213 0
75246311111111 10643 0
75246313212311 11487 0
75246313312211 8131 0
75246313332332 18219 0
75261432123233 10303 0
75264132121232 14804 0
75264132223331 9257 0
75264132321212 13401 0
75264133121333 14253 0
75264133331213 13361 0
75264311223122 16248 0
75264313231112 16808 0
75312463333133 15247 0
75314621133221 10073 0
75314621313212 18498 0
75314623113122 12277 0
75316241231231 14932 0
75321461311112 9261 0
75321463132121 13827 0
75346122133133 12631 0
75346211133122 21140 0
75346211211311 15745 0
75346211311211 15006 0
75346212323333 12821 0
75346213112132 19965 0
75346213132121 13144 0
75346213132322 12154 0
75346213332122 12585 0
75412631223332 9970 0
75416323232213 11181 0
75431263133213 18337 0
75462132123212 15047 0
75613243131332 16970 0
75613243133213 14714 0
75634123323122 11436 0
75641323232111 12090 0
75642132213311 17092 0
76123453233323 9171 0
76125343333133 16148 0
76143252131312 9537 0
76143252221222 9227 0
76143253131212 9331 0
76143253331333 8933 0
76143253333313 11055 0
76145231121113 8457 0
76145231122112 20680 0
76145231131112 9548 0
76145231221112 21007 0
76145231311331 16022 0
76145232123332 15162 0
76145232233213 15593 0
76145232331313 14063 0
76145232332213 15976 0
76145233133213 15005 0
76145233232333 9321 0
76154323333112 16709 0
76213543213133 18394 0
76213543311332 16323 0
76215341231231 12644 0
76215433333133 19366 0
76231451123111 9321 0
76245311121131 16588 0
76245311131121 9382 0
76245311213312 19356 0
76245312132131 12649 0
76245313122122 13942 0
76245313123121 13199 0
76253141123132 10820 0
76253141211332 10351 0
76253413322312 19024 0
76254133311323 21754 0
76254313211111 22722 0
76312452212111 17456 0
76312453211111 11273 0
76312453311311 13901 0
76312542321212 11915 0
76312542322121 15406 0
76312543322222 15664 0
76315241112113 16909 0
76315241113112 9727 0
76315241223113 11847 0
76315241322122 13555 0
76315241323313 14315 0
76315241332112 12006 0
76315243211231 19651 0
76315243323323 14117 0
76321452122123 8394 0
76321452122321 9057 0
76321452122333 9018 0
76321452123323 10876 0
76321452212231 9632 0
76321452213122 10113 0
76321453233131 9791 0
76321453311233 14484 0
76321453313312 11240 0
76321453321133 9676 0
76321453323311 11799 0
76321542211112 14199 0
76321543211111 11443 0
76321543311131 10958 0
76324151112233 8123 0
76324151112323 11511 0
76324153323122 11209 0
76325411111213 11410 0
76325411111312 14411 0
76325411112131 8605 0
76325411113121 9616 0
76325411122121 17753 0
76325411331311 17630 0
76325412112121 20766 0
76325412231212 14519 0
76325412333233 16058 0
76325413222223 15216 0
76341251111213 9507 0
76341251111312 12058 0
76341251112131 9973 0
76341251113121 9322 0
76341251221121 17028 0
76341251311313 15302 0
76341252232313 15039 0
76341252323333 17104 0
76341253221212 17098 0
76341253233131 14034 0
76342511111231 9323 0
76342511111321 16228 0
76342511323112 12732 0
76342512232223 11411 0
76342513213112 22409 0
76342513322111 23307 0
76342513323122 12369 0
76342513323212 12092 0
76345122211112 15045 0
76345122211121 12641 0
76345122213311 20429 0
76345122311111 13284 0
76345123211111 12433 0
76345123311113 12833 0
76345123311131 13245 0
76345123312211 20339 0
76351421112323 12361 0
76351421113322 8002 0
76351423321232 12157 0
76354121121212 14899 0
76354121122121 11389 0
76354121311313 11333 0
76354121313131 12403 0
76354122111212 13979 0
76354122112121 13206 0
76354122212222 13351 0
76354123211123 8363 0
76354123211132 9733 0
76354123313333 18593 0
76354212213323 14386 0
76354212312233 14382 0
76354212313322 15769 0
76354212333332 12604 0
76354213222223 13308 0
76354213312223 13632 0
76421351131121 9358 0
76512343213313 20641 0
76512343332311 20927 0
76514321112323 17131 0
76514321232113 16908 0
76521433232333 10589 0
76523413223231 17770 0
76524313331222 18755 0
76541232131213 11286 0
76541232221222 9733 0
76541233121213 9527 0
76541233331333 10085 0
76541233333313 11833 0
76543211111111 28805 0
76543211212112 18534 0
76543211223221 14585 0
76543211332331 15064 0
76543211333333 14135 0
76543212132323 15744 0
76543212222221 15566 0
76543212323213 16200 0
76543213113131 15704 0
