12345672121232 13739 0
12345672123212 12484 0
12345672321212 12657 0
12345673131323 11838 0
12345673132313 14647 0
12345673231313 14031 0
12345761111111 9801 0
12346571111231 9034 0
12346751113133 11919 0
12347561112212 12580 0
12347651111111 21687 0
12347651122112 17460 0
12347651133311 15995 0
12347652111221 14319 0
12347652123233 17343 0
12347652123332 20611 0
12347652223232 8898 0
12347653111133 15474 0
12347653132223 15928 0
12347653132322 15956 0
12347653332323 8328 0
12354671111111 9016 0
12354761112323 10989 0
12354762121112 12205 0
12354762121211 12278 0
12354762311123 12187 0
12354763131131 12142 0
12354763133111 11550 0
12354763211123 8995 0
12356471113133 12135 0
12356741133131 12036 0
12356741313131 10519 0
12356743113131 10724 0
12357461111222 12942 0
12357461113331 11330 0
12357462211112 9821 0
12357641113331 12047 0
12364571112212 12418 0
12364751112212 11724 0
12364751113133 14609 0
12364753311131 8823 0
12365471111111 14984 0
12365471211122 15563 0
12365471313113 14260 0
12365472223232 9274 0
12365472321233 16976 0
12365473232312 15347 0
12365473332323 9220 0
12365741113331 12250 0
12367451123333 9535 0
12367451132222 10080 0
12367451213333 10844 0
12367451312222 9616 0
12367452113333 11043 0
12367453112222 14595 0
12367541112212 13599 0
12367541113331 15925 0
12367541331131 8949 0
12374561121212 10442 0
12374561211212 10773 0
12374562111212 11483 0
12374651111222 13449 0
12375461111222 13224 0
12375641113112 11731 0
12376451111222 12615 0
12376451113133 16028 0
12376451221211 9531 0
12376541112323 8957 0
12376541232233 13040 0
12376541322233 10144 0
12376542121232 12389 0
12376542123212 11381 0
12376543133132 13127 0
12376543133231 12303 0
12456731132321 18531 0
12456731233223 11094 0
12456733223321 11553 0
12463751231231 17533 0
12467351131121 10557 0
12467351231321 9765 0
12473561132123 11676 0
12536741112323 16568 0
12537461332112 10858 0
12543671111111 21779 0
12543671211212 14421 0
12543671331113 15566 0
12543672121121 17554 0
12543672321332 20704 0
12543672322232 8997 0
12543672331232 17443 0
12543673111331 16097 0
12543673221323 15985 0
12543673231223 15945 0
12543673233323 8350 0
12546371221331 13328 0
12563472131213 9520 0
12563473131212 11778 0
12564733323122 11225 0
12567433232333 12239 0
12576343212221 16644 0
12637451132111 16836 0
12637451332112 13882 0
12643571321321 11928 0
12645371131121 11617 0
12673542331133 17289 0
12734561112323 16044 0
12734561322233 16058 0
12734562313223 15702 0
12745631111111 21757 0
12745632111122 16048 0
12745632212213 13947 0
12745632222221 14097 0
12745632232211 14134 0
12745633131131 16287 0
12745633313312 13937 0
12745633313333 16872 0
12745633323311 16255 0
12753462231323 11938 0
12763452322232 9175 0
12765432121313 9707 0
12765432222212 9319 0
12765433121213 9304 0
12765433331333 9647 0
13245671321111 9827 0
13246571111111 8101 0
13246571112233 9094 0
13246571113232 12069 0
13246572321332 12295 0
13246572331232 12229 0
13246573221233 11974 0
13246573321223 12173 0
13246752133211 17142 0
13247563212131 16487 0
13254761322233 12240 0
13254761323322 11723 0
13254762321233 15729 0
13254763323122 10361 0
13257641112233 14650 0
13265741112323 11780 0
13265742131312 15517 0
13267451122211 8795 0
13267451311133 13529 0
13267541111132 14868 0
13267541232212 12276 0
13274651112323 10179 0
13275461112233 19688 0
13275463213211 13086 0
13275641112233 9457 0
13275641112323 8837 0
13275642131333 12650 0
13275643212221 14282 0
13276451113211 14255 0
13276451233133 13760 0
13276541133122 19740 0
13276541213312 24761 0
13276541321123 20601 0
13276541322311 19124 0
13276541323112 12913 0
13276541323322 12109 0
13276542323312 12004 0
13276543323122 12692 0
13462571111111 16513 0
13462572213311 16095 0
13527461211113 10816 0
13542671231231 11795 0
13546271213213 8840 0
13546271231231 14491 0
13546271321321 11609 0
13572641122133 9212 0
13576241312213 14855 0
13576241321321 12653 0
13627451332112 14530 0
13642571221223 10605 0
13642571223221 10398 0
13642573221221 11909 0
13645271221331 12131 0
13647521111111 10791 0
13675241112323 14849 0
13675242331313 12554 0
13725642332132 14501 0
13754262123323 18535 0
13762451321321 17440 0
13764251211311 10535 0
13764252323231 13530 0
13765422121211 24581 0
14263751131121 9869 0
14267351321321 12159 0
14275633323122 13351 0
14325671111111 15100 0
14325672112121 15685 0
14325672231323 16399 0
14325672323222 9396 0
14325673123232 16687 0
14325673232333 9118 0
14325673311131 14373 0
14327652131213 11896 0
14327653121213 9428 0
14352672212111 12395 0
14356721112323 16635 0
14356721322233 16215 0
14367252322232 9556 0
14367523311113 11240 0
14523672121313 9609 0
14523673121312 11096 0
14527631121311 10228 0
14527631131211 8199 0
14527631133311 14938 0
14527631211131 11002 0
14527631311121 10963 0
14527632122213 16994 0
14527632212111 16026 0
14527632333332 17016 0
14527633132322 15703 0
14527633312133 14806 0
14536273311311 12434 0
14537622231323 16065 0
14563272323222 9658 0
14567231312213 17177 0
14567231321123 16831 0
14573261333111 11368 0
14625731111111 14942 0
14625731131121 9606 0
14625731322233 22492 0
14625732112121 12470 0
14625732113321 14231 0
14625732213323 14945 0
14625732233111 13446 0
14625733133111 12572 0
14632571111111 17508 0
14632571321132 11588 0
14652733321331 12176 0
14673251111111 9178 0
14723651111213 9005 0
14723651111312 8310 0
14723651112131 11235 0
14723651113121 14363 0
14723651211212 17466 0
14723652322121 13652 0
14723652331232 16360 0
14723653232222 16139 0
14723653313111 15146 0
14723653321313 15424 0
14725361111111 14941 0
14725361111123 13559 0
14725361322332 21103 0
14725362211121 13425 0
14725363211213 14888 0
14725363213121 13328 0
14725363223213 14651 0
14725363311113 12851 0
14726531223122 14750 0
14726531232122 14166 0
14726531233313 13853 0
14726531333312 13551 0
14726532232313 11518 0
14726533323122 12391 0
14735621221112 13041 0
14735621223113 12035 0
14735621223332 21019 0
14735621233112 13599 0
14735621323112 13096 0
14735621332112 12683 0
14735621333111 11766 0
14735621333222 21312 0
14736251111132 10245 0
14736251112332 10117 0
14736253222223 10676 0
14736521132222 12075 0
14736521133131 12755 0
14736521211212 14307 0
14736521213333 12497 0
14736521221313 13984 0
14736521321231 12312 0
14736521322233 8083 0
14736521332121 13636 0
14736523112222 12089 0
14736523113131 12070 0
14752363222121 13774 0
14752363232222 12791 0
14752363233131 12121 0
14752631111111 15608 0
14752631112311 14637 0
14752631323223 20265 0
14752632332132 12746 0
14752633213223 11977 0
14752633222223 12430 0
14752633223123 12097 0
14752633223231 21040 0
14753261221112 9759 0
14753261323112 11741 0
14753261333111 10714 0
14762351221331 12003 0
14762351321231 11974 0
14762351331221 13688 0
14763251221223 9993 0
14763251222312 9708 0
14763251332331 11970 0
14763251333123 9141 0
14763252322121 8103 0
14763253132232 8260 0
14763253133132 8048 0
14763253133222 9109 0
14763253133231 8494 0
14763253221221 9319 0
14763253222112 9815 0
14763521113211 9933 0
14763521113223 11101 0
14763523222331 16338 0
14765231111213 9380 0
14765231111312 9656 0
14765231112131 8540 0
14765231113121 11909 0
14765231133131 15294 0
14765232211211 15649 0
14765232232322 15637 0
14765232331313 16304 0
14765233113131 15414 0
14765233323332 14943 0
15236471111111 11961 0
15236473231121 11917 0
15243671331221 12462 0
15246371331332 11371 0
15246371332331 10651 0
15246372331331 10325 0
15267431223113 12078 0
15273641112323 16458 0
15324673113311 12108 0
15342671211311 8915 0
15346271321321 12295 0
15367421211113 17584 0
15367421223113 13528 0
15367423211123 13213 0
15426371111111 16544 0
15426371112233 16337 0
15463271313113 11121 0
15624732123212 15272 0
15624732133313 13593 0
15624732333332 13067 0
15627431223113 9997 0
15627431322113 14333 0
15627431332112 11266 0
15634722123332 8856 0
15634722321233 10260 0
15637423211123 10079 0
15642371111111 10521 0
15642372213311 10239 0
15642372231332 12907 0
15642372331322 11343 0
15642373212311 13065 0
15642373221323 12188 0
15642373231223 13015 0
15643271221331 15949 0
15643271331221 13622 0
15643273223111 9041 0
15647233213232 12307 0
15672341113232 10871 0
15672341323112 11932 0
15672342323312 10544 0
15672343213232 11666 0
15672433312133 18664 0
15724362212132 12921 0
15724631111111 14415 0
15724631211311 9202 0
15724631322233 20868 0
15724632123233 11952 0
15724632313223 23214 0
15724632323231 12483 0
15724632323333 12033 0
15724633132322 11352 0
15734622331223 12652 0
15746321111111 15978 0
15746321323211 10611 0
15746322313112 10184 0
15762342122213 15386 0
15763241111111 8909 0
15763242323132 12389 0
16243571132132 9841 0
16243571231231 12828 0
16243571321321 11211 0
16245371231231 13098 0
16254733312223 15056 0
16257431132111 10721 0
16257433223123 13740 0
16273541122133 16156 0
16273541321321 12451 0
16275341312213 13680 0
16275343122221 15439 0
16327453232333 8989 0
16342571331221 12018 0
16345271111111 15081 0
16345271133131 14359 0
16345271222111 15656 0
16345272322232 9369 0
16345272333212 15487 0
16345273122323 17443 0
16345273233323 9239 0
16347252131312 11074 0
16347253121312 9582 0
16357421223113 11473 0
16374521112323 16669 0
16374523211123 16456 0
16423572112121 11495 0
16427531211311 10452 0
16427531231321 7851 0
16427532333233 17169 0
16453271111111 17675 0
16453271211113 13095 0
16453272111131 13405 0
16475233132313 17545 0
16523473332323 9016 0
16523741112212 11817 0
16524731112212 15256 0
16524731112233 12057 0
16524731113133 12692 0
16527341111111 10007 0
16527431123333 11133 0
16527431222132 9783 0
16527431312222 9531 0
16527431333213 9263 0
16527432113333 11656 0
16527432211322 10347 0
16527432231122 8578 0
16527432231332 8471 0
16527432331322 8737 0
16527432333113 9340 0
16527433312133 8665 0
16532471111222 12210 0
16534271111111 10198 0
16534271111132 8226 0
16534273211111 10077 0
16534723211123 7986 0
16537421111222 12055 0
16537421113322 11326 0
16537421113331 12209 0
16537421223113 10923 0
16537421233112 14569 0
16537421332112 10469 0
16542371221331 12635 0
16542371331221 16047 0
16542372112331 9632 0
16543271221223 14469 0
16543271223221 9497 0
16543271331332 10929 0
16543271332331 10728 0
16543272331331 9417 0
16543273221221 9959 0
16543721111111 8820 0
16543721113211 8223 0
16547233332323 10708 0
16547321113331 13948 0
16572431111111 11886 0
16572433213223 13815 0
16573241123123 9391 0
16573241312312 10606 0
16574231113133 12209 0
16723451122133 15011 0
16723451322311 15295 0
16725431121311 8979 0
16725431131211 9111 0
16725431211122 15641 0
16725431211131 11206 0
16725431311121 8131 0
16725432211121 17121 0
16725432232223 14680 0
16725433113311 15033 0
16725433122212 13430 0
16725433333232 15175 0
16735242122213 13224 0
16742352232313 10773 0
16743252323222 8869 0
16745232121313 9638 0
16745232122222 8620 0
16745233121213 9153 0
16745233333313 11097 0
16753241221112 11352 0
17246351111111 15674 0
17265433111313 13510 0
17324561211323 16118 0
17324561232332 9863 0
17326452212111 12332 0
17356241212313 10844 0
17356242211331 21961 0
17362451211311 10318 0
17362451231321 10188 0
17362452213311 8349 0
17364251231231 12550 0
17423653213232 12388 0
17425631122112 12987 0
17425631223113 12365 0
17425631313113 11786 0
17425631322113 13452 0
17425631322332 21214 0
17425631323112 13175 0
17425631323223 19398 0
17425631332112 12479 0
17426531112233 10118 0
17426531121212 12650 0
17426531132312 13244 0
17426531213123 18466 0
17426531223221 13414 0
17426531232233 9633 0
17426531313131 12214 0
17426531331332 14145 0
17426532121211 11149 0
17426532331331 14533 0
17435622211133 8569 0
17435623211123 8703 0
17436521323232 11602 0
17452363213232 11827 0
17452363322132 13876 0
17452633213232 12521 0
17453262211133 10116 0
17462352213311 9235 0
17463251122112 13210 0
17463251221331 16042 0
17463251313113 10677 0
17463251321231 12211 0
17463251323112 12540 0
17463251331221 15258 0
17526431131121 10410 0
17526431231321 8376 0
17526432123233 11097 0
17543261111111 13927 0
17543261132111 13057 0
17642531111111 16211 0
17642531112233 21324 0
17642533312211 16796 0
17643251122112 11392 0
21345671111111 11715 0
21345762223322 12769 0
21345762312323 8958 0
21345762313223 9435 0
21345763332233 14264 0
21346752313322 9189 0
21347562312323 16581 0
21354671122112 11223 0
21354671131313 13106 0
21354671221112 11194 0
21354672311123 12949 0
21354672311132 10259 0
21354672313211 26567 0
21354673131113 12277 0
21354761112233 24880 0
21354761112311 12813 0
21354761113211 12225 0
21354761113322 19856 0
21354761122211 12124 0
21354761133311 12663 0
21354762213311 20579 0
21354763312211 19105 0
21357462311111 16284 0
21357463213331 12425 0
21357642221132 17417 0
21364752311111 14976 0
21364753212212 12631 0
21365742221312 12456 0
21365742312323 14970 0
21367451311331 10509 0
21367452112112 9285 0
21374653333121 16617 0
21375462312233 13657 0
21375463333211 16026 0
21376541111123 10769 0
21376541112311 11832 0
21376541122211 10526 0
21376541131133 11562 0
21457631321123 21902 0
21473563331312 18411 0
21536742222131 23868 0
21654372231323 11684 0
21654372233321 10885 0
21654373332122 10426 0
21654373332221 11951 0
21734652123131 16328 0
23147562123131 11780 0
23147651112323 10481 0
23147652312323 8089 0
23156471222132 13326 0
23156471333132 13699 0
23156473323332 15296 0
23157461231333 16246 0
23157462131123 18322 0
23164573213133 12051 0
23164752131312 13947 0
23164753333313 13141 0
23165471111111 9625 0
23165471311133 12449 0
23165471312132 13476 0
23165472111122 12354 0
23165472111332 14253 0
23165472132332 14825 0
23165472311111 14822 0
23165473233221 22369 0
23165741112323 8841 0
23165741231312 12991 0
23165742123131 7318 0
23165742131321 12856 0
23165742131333 21534 0
23165742312323 10672 0
23165743331312 21552 0
23167541233322 12874 0
23167542131222 13882 0
23174652123131 8250 0
23175463211222 14035 0
23176452132221 15869 0
23176453332233 15457 0
23416752121211 14778 0
23417563232123 10699 0
23456173212332 10149 0
23456173233122 8875 0
23456713212332 11504 0
23475162121112 12756 0
23517462131333 15035 0
23576412233321 15608 0
23576412312323 15441 0
23657142121112 19342 0
23671452122333 20551 0
23674153232321 9254 0
23751461132123 10429 0
23751463112321 10300 0
23756143222331 13024 0
23756411222312 10474 0
23756413222112 10755 0
23756413223312 10495 0
23756413322312 10982 0
24153672321233 12190 0
24157361313212 11458 0
24157362323111 11447 0
24167353132232 18876 0
24173652323231 7977 0
24315673311311 12226 0
24315761122322 17615 0
24315762213323 11904 0
24351671212211 13508 0
24351673111133 9064 0
24351673311311 15828 0
24351761111123 14843 0
24351761212232 12400 0
24367511323112 12500 0
24367513111121 8885 0
24376512222122 15370 0
24516732233111 8605 0
24531673123121 11490 0
24536713231232 13630 0
24537613231322 17228 0
24561372111131 9066 0
24563711121212 12339 0
24563712121232 12834 0
24563713121222 17826 0
24571362221213 19089 0
24571631121212 13705 0
24615371112332 12573 0
24615372213311 14947 0
24615731122313 21669 0
24615731132333 12969 0
24615732111323 21654 0
24615732213311 10651 0
24615732233321 8963 0
24615733113323 12834 0
24615733311122 6996 0
24617532233321 14391 0
24637512311132 11604 0
24651731113223 14002 0
24651731333333 12780 0
24715363311332 13255 0
24715631111111 13768 0
24715631122121 12669 0
24715631122133 14444 0
24715632313223 19692 0
24715633112111 9330 0
24715633131131 11284 0
24716532323231 14236 0
24731561111111 17476 0
24731562311231 11422 0
24736512222332 16543 0
24751362221231 16577 0
24751362321113 17835 0
24761531221223 19107 0
24763151111111 8828 0
24765313222112 21879 0
25134672233321 21422 0
25134672312323 16892 0
25134672313211 16317 0
25137461111111 11486 0
25137461211323 10143 0
25163741112323 14268 0
25314673111313 12003 0
25314673111331 10496 0
25314673131311 10698 0
25341673113311 12023 0
25341762313223 14633 0
25364172311231 17989 0
25364173223231 9811 0
25367411211122 11469 0
25413672323111 18079 0
25413763121222 18269 0
25436711311313 12303 0
25436712123122 13958 0
25436712123332 11889 0
25436712132122 15207 0
25436712323231 14332 0
25436713232321 11491 0
25436713332122 12159 0
25463713212332 13700 0
25471362323132 8714 0
25471631312213 18498 0
25631741212121 19331 0
25634713321232 13136 0
25641371213132 17389 0
25714632123131 9789 0
25714632223331 12458 0
25714632313211 24592 0
25714633121333 15899 0
25716431212223 15433 0
25716433223213 20214 0
25731642232211 18295 0
25734162221111 11492 0
25734613113323 19275 0
25736141111123 7995 0
25736141233232 13979 0
25736411133113 12815 0
25736411231321 10233 0
25736411321312 12992 0
25736411331113 12079 0
25736413123112 14950 0
25741361232113 11689 0
25741632222323 12059 0
25741632312323 11725 0
25743611233232 19232 0
25763142223133 11156 0
25763411332322 9032 0
26135742132221 16918 0
26135742213323 8601 0
26135742332312 16279 0
26153471122121 11150 0
26153473131131 9879 0
26153473132121 14432 0
26154372332213 18680 0
26175432331133 16083 0
26317451212211 11947 0
26345711223113 10791 0
26371453112111 10130 0
26415731322323 14310 0
26415732121223 12654 0
26415732233321 20776 0
26435712222122 20458 0
26435712233321 10202 0
26435712311132 6430 0
26435712322322 21660 0
26435713311122 7787 0
26435713333133 16167 0
26437512122312 14132 0
26453172211133 11069 0
26453711333333 13991 0
26513471122121 14554 0
26517343333313 20434 0
26534713333313 18349 0
26543171111111 16930 0
26543171123111 13760 0
26547313131323 17549 0
26573413331312 14702 0
26714531212133 16461 0
26714532121133 16609 0
26715433231322 18938 0
26741351232113 14043 0
26743512121232 24644 0
27134561131133 11839 0
27154632311132 16447 0
27314652313211 16545 0
27365412321212 13349 0
27415363131113 12373 0
27415632323231 20765 0
27415633321322 15096 0
27416532133232 9676 0
27416533321232 10227 0
27435612122222 13293 0
27453161123111 12461 0
27453161132111 15078 0
27456133132223 14258 0
27516341111111 9133 0
27534161111111 8007 0
27534161111123 12631 0
27534162311111 8561 0
27534612311132 8260 0
27536412332312 17015 0
27543611111123 16754 0
27543611111132 12143 0
27546312231122 18585 0
27613543333133 19227 0
27614353311332 23844 0
27615431312333 17309 0
27615432113321 8578 0
27615433313213 13746 0
27634511131133 13873 0
27634512233321 7901 0
27643513311233 18273 0
31246753312211 9630 0
31247651113232 7594 0
31247651323232 11062 0
31256471231222 13014 0
31257462222221 18033 0
31257462312311 15826 0
31257643311122 10738 0
31264572122213 13653 0
31264573132313 12889 0
31264573222223 12270 0
31264752132122 15965 0
31264752313121 17038 0
31265471111111 13651 0
31265471122112 13516 0
31265471122133 13349 0
31265471312213 14910 0
31265471313113 12955 0
31265471321111 14966 0
31265472233321 21200 0
31265472312233 14750 0
31265741233331 13353 0
31267542222233 16603 0
31267542313133 17860 0
31275461112233 8955 0
31275461322233 8718 0
31275462133211 12861 0
31275462223211 12842 0
31275462311213 14536 0
31275462312212 14396 0
31275463311122 8622 0
31276452133322 14756 0
31276452313313 16039 0
31452671323211 10417 0
31452671332232 10538 0
31452672322331 10584 0
31456722111221 10645 0
31462751111111 16834 0
31462751113322 16255 0
31475261322233 23059 0
31475262331313 18202 0
31475262333221 13607 0
31524673332122 10872 0
31527643332122 14072 0
31564272212111 12020 0
31564272213311 11992 0
31564273113311 13708 0
31572461122133 9096 0
31624751112233 15722 0
31624753312211 15557 0
31627452221333 14822 0
31654272313322 15268 0
31754621331122 22415 0
31765242322121 21904 0
32145671111111 21643 0
32145671123333 13958 0
32145671132222 13967 0
32145671221112 15935 0
32145671333333 16894 0
32145672113333 16275 0
32145672212222 14196 0
32145673112222 14158 0
32145673311113 16166 0
32146751232323 11997 0
32146752232223 10511 0
32147562313223 10551 0
32147562333233 17270 0
32147651123333 9086 0
32147651132222 8497 0
32147651213333 10154 0
32147651312222 9206 0
32147652113333 8749 0
32147652231332 8942 0
32147652233213 10258 0
32147652331322 9426 0
32147652332213 9071 0
32147653112222 8257 0
32156471111111 9223 0
32156471113211 14301 0
32156471232332 23235 0
32156472312332 12366 0
32156472332132 12053 0
32156472332321 20745 0
32156472333332 11836 0
32156473223123 11381 0
32156741112323 10816 0
32156742311123 12554 0
32156742313223 9668 0
32156742333131 16002 0
32157641232323 11605 0
32157642231323 11946 0
32164571111111 14733 0
32164571111231 15641 0
32164571232323 11858 0
32164572232223 12114 0
32164572232313 12525 0
32164572233321 20366 0
32164572312323 21061 0
32164573323212 12765 0
32165741111111 9346 0
32165741111132 13650 0
32165741233223 19718 0
32165742211112 12545 0
32165742331112 14469 0
32165743311131 11167 0
32167451111111 14837 0
32167451213333 14990 0
32167451222222 15498 0
32167451312222 14511 0
32167451333111 14054 0
32167452211121 15456 0
32167453222313 15161 0
32167453313333 13273 0
32167453321232 14901 0
32174561112323 9046 0
32174561232113 9973 0
32174561232233 11407 0
32174562231212 12594 0
32174652312332 11136 0
32174652332132 11153 0
32175461111111 15021 0
32175461113112 9297 0
32175461221112 12100 0
32175461333111 11080 0
32175462233111 13853 0
32175462312323 19267 0
32416753121222 18211 0
32417562113321 15500 0
32417652132131 13541 0
32417653132121 14094 0
32451762331121 10082 0
32456173212332 12672 0
32456711233133 24443 0
32465172112121 11908 0
32465172132131 13139 0
32465172133121 13119 0
32465172332321 20896 0
32465173123121 11866 0
32465173132121 13698 0
32465173133111 12556 0
32465173233221 21184 0
32475161232323 14260 0
32475163331222 13333 0
32476513232231 11359 0
32517463131311 13903 0
32546713323212 12443 0
32547611121113 11468 0
32547611131112 9607 0
32547611213111 10278 0
32547611312111 11944 0
32547612111311 11984 0
32547613111211 9354 0
32561471113133 17145 0
32561471121311 8191 0
32561471122211 17342 0
32561471131211 8886 0
32561471211131 14239 0
32561471311121 11114 0
32561472133313 15514 0
32561472213122 13752 0
32561473222223 16166 0
32561473323212 16374 0
32567412122222 12034 0
32567412131312 9874 0
32567412222212 9384 0
32567413131212 9330 0
32567413133333 9232 0
32576142313223 16209 0
32615473332122 13817 0
32647152133121 12130 0
32647153132121 16882 0
32647512333233 19130 0
32657143121213 18173 0
32657412111212 24613 0
32671453123313 17456 0
32674152113333 18556 0
32714652332132 12423 0
32716452123212 14920 0
32741651121311 11952 0
32741651131211 9334 0
32741651211131 11922 0
32741651311121 10253 0
32741652111113 9730 0
32741653111112 11580 0
32745611223332 14988 0
32745612313322 15126 0
32745612322331 15084 0
32751643321232 19250 0
32754163211123 15327 0
32756141233121 19369 0
32761452121313 8524 0
32761452122222 9484 0
32761452222212 8701 0
32761453121312 11420 0
32761453133333 12046 0
32765411112221 16694 0
32765411121113 10386 0
32765411131112 8144 0
32765411133113 15303 0
32765411331113 15317 0
32765412221312 17203 0
32765412323222 9147 0
32765413122212 13702 0
32765413223312 14717 0
32765413231223 14753 0
32765413322312 14766 0
34125672131213 9177 0
34125672131312 9521 0
34125672221222 8641 0
34125673133333 11191 0
34127651121113 8989 0
34127651131112 8972 0
34127651213111 9606 0
34127651312111 9605 0
34127652111311 9319 0
34127653111211 8935 0
34162752132212 24093 0
34165271112212 17046 0
34165271121311 9539 0
34165271131211 9263 0
34165271211131 11784 0
34165271311121 8416 0
34165271311133 15290 0
34165272323333 14960 0
34165273133312 16183 0
34165273222322 15031 0
34165273311131 15175 0
34167252213323 15428 0
34172562132332 16720 0
34172562313331 16600 0
34175263321232 13494 0
34216572213122 18561 0
34261572132131 9642 0
34261572133121 11764 0
34261573123121 10598 0
34265712212132 16073 0
34275161312213 13505 0
34275162112322 14616 0
34275162213221 15850 0
34516271111111 10417 0
34516272312332 13623 0
34516722313223 9162 0
34517622231323 11976 0
34521672223232 8966 0
34526713232312 8450 0
34527612211322 14457 0
34527612231122 14860 0
34527612231332 14388 0
34527612331322 14632 0
34527613312133 10133 0
34561272122123 9698 0
34561272122321 9587 0
34561272212213 9336 0
34561272213122 8759 0
34561272232211 10022 0
34561273221233 8549 0
34561273233131 9025 0
34561273311233 9282 0
34561273313321 12000 0
34561273321133 9444 0
34561273321223 8210 0
34561721111111 11619 0
34562171321111 9994 0
34562171321231 10271 0
34562172232313 10766 0
34567212223232 8794 0
34617252111212 12101 0
34617252123212 12723 0
34617252132212 12928 0
34617522221333 13595 0
34621572132131 11450 0
34625172111212 13323 0
34627512232313 9002 0
34651271123111 8791 0
34651272332132 12487 0
34675212222122 21792 0
34715262221123 16046 0
34716522223211 17020 0
34721652121313 9996 0
34721652131213 9451 0
34721652221222 9362 0
34721652222212 11939 0
34721653333313 9135 0
34725611212211 15909 0
34725612111113 8049 0
34725612121322 17181 0
34725612231212 13686 0
34725612231332 14884 0
34725612322232 9118 0
34725612331322 14844 0
34725613111112 10291 0
34725613111133 15223 0
34725613132223 14653 0
34725613311113 15211 0
34761252323222 8695 0
35126741232212 16341 0
35126742231233 16488 0
35127462331331 18342 0
35162472122231 14846 0
35162472123233 12270 0
35162473122221 14047 0
35162473323131 13645 0
35162473332122 11609 0
35162473332131 13727 0
35162742213323 14115 0
35167242132212 18987 0
35172461232323 14704 0
35174262213131 16094 0
35174262231113 17242 0
35246171111111 15926 0
35246171113322 15585 0
35246172213311 15933 0
35267141223233 10971 0
35267141321132 18245 0
35271461322233 14600 0
35416721113112 10230 0
35416723232213 10098 0
35417622223133 12495 0
35426712131132 14801 0
35426712311312 13892 0
35426713111313 11982 0
35426713131113 10909 0
35426713312211 9286 0
35461271111231 10983 0
35461271321231 9959 0
35461272222323 16357 0
35462171131313 11680 0
35462171212121 11815 0
35462171221223 11959 0
35462171332331 14196 0
35462172213311 8097 0
35462172223331 12406 0
35462172312131 14015 0
35462173123211 13656 0
35462173131311 12152 0
35462173221221 12642 0
35462712322322 17113 0
35472163222313 8813 0
35472163231322 14841 0
35476122221111 11766 0
35614722321233 11622 0
35617423131332 13894 0
35624712121232 10624 0
35624712321212 11101 0
35624712321332 10880 0
35624712331232 10596 0
35714623111322 24561 0
35721642221213 24516 0
35762142222113 16424 0
36125471111333 16693 0
36125471212112 17219 0
36125471213111 8233 0
36125471222111 15733 0
36125471312111 11304 0
36125472111311 9076 0
36125472121223 13312 0
36125473111211 9208 0
36125473232222 14780 0
36125473323233 16839 0
36125743222331 18821 0
36127451333222 14757 0
36145272122222 9195 0
36145272131213 9401 0
36145272131312 9799 0
36145273333313 9739 0
36147251121311 9362 0
36147251131211 10028 0
36147251211131 10130 0
36147251311121 9954 0
36147252111113 10198 0
36147253111112 9885 0
36152741231312 15525 0
36152742131321 20239 0
36172452133133 15222 0
36217452131333 20833 0
36217541223311 10212 0
36217543213112 13358 0
36241573212332 12037 0
36241753212311 8297 0
36415272123212 24607 0
36417522123311 15422 0
36514272212111 17313 0
36521472113321 15151 0
36521472331121 15666 0
36527411131133 15420 0
36527412111113 9130 0
36527412131222 13299 0
36527412211322 14078 0
36527412221312 13190 0
36527412231122 14154 0
36527412322232 8162 0
36527413111112 9677 0
36527413311311 14916 0
36541272323222 9270 0
36542712121322 14795 0
36547212121313 11454 0
36547212122222 8791 0
36547212131312 8619 0
36547212221222 9583 0
36547213331333 11925 0
36712542121112 10574 0
36712542121121 10597 0
36712542121211 10853 0
36712542122111 11078 0
36714252232223 8573 0
36714521232113 9409 0
36714522121322 14708 0
36714522122213 13797 0
36714523132223 11959 0
36714523132322 12062 0
36721451131331 16018 0
36721452121322 13164 0
36721452122123 14132 0
36721452122213 13283 0
36721452122321 14054 0
36721452131111 9798 0
36721452223232 8064 0
36721453113113 17464 0
36721453121111 9252 0
36725411121212 11656 0
36725411131313 11760 0
36725411212121 12732 0
36725411313131 11672 0
36725412111212 12414 0
36725412121112 11497 0
36725412121211 12542 0
36725412121232 11784 0
36725412123212 12830 0
36725412321212 12892 0
36725413111313 13829 0
36725413131113 12506 0
36725413131311 14654 0
36741252122123 14838 0
36741252122321 14431 0
36741252122333 14608 0
36741252123323 14369 0
36741253233131 10106 0
36745211211221 15049 0
36745212121223 13584 0
36745212122312 17089 0
36745212122333 14815 0
36745212123323 14870 0
36745212131111 10413 0
36745212223232 9020 0
36745213121111 8171 0
36745213131131 15328 0
36745213133111 15337 0
36745213232213 14774 0
36751243222322 8917 0
36752142122132 13014 0
36752142123221 14972 0
36752143132232 11970 0
36752143133222 12701 0
36752143211132 10331 0
36754123232222 14544 0
37246511112233 15358 0
37256142321233 11596 0
37415622333221 12757 0
37426513132313 14567 0
37452162323312 10952 0
37516422333311 14135 0
37561241311112 8710 0
37612453122233 14931 0
37612542221111 13111 0
37614252221123 13523 0
37614521111111 14450 0
37614521323232 11616 0
37614522111221 12004 0
37614522113321 13932 0
37614522313322 15329 0
37614522323312 12142 0
37614523232213 12416 0
37615421113322 10176 0
37615422211133 7521 0
37615422223133 7681 0
37615422313121 20580 0
37615422313331 21634 0
37615423121132 16284 0
37624152311213 16917 0
37624511232233 10351 0
37624512121322 14856 0
37624512231212 12898 0
37624513131323 12795 0
37624513231313 12061 0
37641252222323 17210 0
37642152213311 8240 0
37642513122221 19393 0
37645122312221 13836 0
37651242211133 12675 0
37651422312311 14255 0
37652141113232 8017 0
37652143231322 13992 0
37654212311222 16517 0
41236753232321 11141 0
41237561313131 17428 0
41263751312222 18203 0
41325671212211 13196 0
41325762313223 19666 0
41325763131233 12987 0
41352671212112 10422 0
41352671212121 10751 0
41352671222111 11465 0
41357622313112 10725 0
41367253111133 11482 0
41532672313211 15780 0
41532761233133 16125 0
41563273113311 12038 0
41576322212222 13845 0
41625372313211 13564 0
41625373121213 13079 0
41625731222231 14151 0
41635721212121 18234 0
41657321222312 18530 0
41673252212222 19067 0
41673521111111 8825 0
41723562313211 14502 0
41725361232113 6829 0
41725361321213 14379 0
41725362221213 14444 0
41725362313211 8618 0
41725362313223 8939 0
41725363121222 12764 0
41725363121231 12817 0
41725631111111 9275 0
41725631211122 12001 0
41725632322331 19244 0
41725633111133 10981 0
41725633121123 13828 0
41725633211111 14930 0
41726352313322 9069 0
41726532312233 14604 0
41735261323313 18393 0
41735262312233 13478 0
41735263123223 15394 0
41735621233232 13453 0
41735622313322 14167 0
41736521233232 14749 0
41736522332231 8938 0
41752631222123 12717 0
41752632311123 11379 0
41752632312323 10096 0
41752632313211 26482 0
41756231321213 16692 0
41756233121231 16718 0
41762532221333 17151 0
41762533123331 15995 0
41765231233232 13401 0
41765322221312 18330 0
41765322313211 22961 0
41765323122212 13582 0
42136752131312 18517 0
42137561123333 18233 0
42137653122131 12210 0
42137653132121 14440 0
42157633231322 12323 0
42163751121212 24300 0
42165373223123 10562 0
42167532131333 17559 0
42315673112111 9707 0
42351671212211 12559 0
42351763231133 16466 0
42367153111121 13826 0
42367153211123 13175 0
42516372233111 10275 0
42561733323122 14020 0
42573612323231 7688 0
42573613322231 11155 0
42613572313211 14530 0
42615371313332 12746 0
42615372213311 8940 0
42615372221213 14163 0
42615372313211 9345 0
42651372213311 16561 0
42651733311122 11913 0
42673512232133 11667 0
42751632321233 17390 0
42751632323231 10673 0
43126572133313 15153 0
43167251232212 23878 0
43176252123131 16794 0
43176252311132 21041 0
43216573132121 11822 0
43216573132223 10245 0
43216573212311 12332 0
43216573212332 15821 0
43512671313332 17237 0
43527612312323 8314 0
43561271111111 9749 0
43571262122222 18083 0
43572161111111 11019 0
43572612312323 9650 0
43576211123222 15983 0
43576212112232 17134 0
43615271333312 12972 0
43615272113321 11876 0
43617521223221 18388 0
43621752213323 14936 0
43651722323132 10817 0
43675122222122 13877 0
43675211221331 13374 0
43721653231313 13877 0
43751623123313 15615 0
43765212222122 15956 0
45167323322231 13956 0
45176231131313 10479 0
45176231133113 12041 0
45176231331113 10727 0
45176233131113 10569 0
45176321131133 12040 0
45213672221123 16365 0
45273162222122 17307 0
45276131131133 12114 0
45312671222312 12107 0
45312672223331 12165 0
45312672233321 9121 0
45312672313211 24551 0
45312673132313 19742 0
45312673222112 12181 0
45312673231313 19735 0
45312761113211 11838 0
45312761133311 10343 0
45312762221111 15841 0
45312762311111 12356 0
45321671212211 12932 0
45321671221121 9720 0
45321673113311 11304 0
45327612222323 12059 0
45362712122222 18436 0
45367122223133 10966 0
45367211111132 11644 0
45367211211122 9744 0
45367213111133 10693 0
45376121131133 11796 0
45376121331311 13777 0
45376211333123 12909 0
45376213131323 19978 0
45376213333322 13752 0
45612371133221 19839 0
45612372331121 24858 0
45612373112231 20482 0
45612373132121 12201 0
45612373132223 12564 0
45612373322111 19003 0
45612373332122 12104 0
45612373332221 12932 0
45613271331221 12371 0
45613272233111 14745 0
45621373123331 12329 0
45621373211111 16257 0
45621732212123 18298 0
45621732233333 16226 0
45623712332123 11398 0
45623713322321 10002 0
45637123132121 12580 0
45637123332122 15062 0
45671231132231 11076 0
45671233112132 11334 0
45673212212132 17741 0
45673213211222 16484 0
45713623223132 14200 0
45721363321313 15720 0
45721363322231 18155 0
45732612233321 15231 0
45736121122211 11071 0
46123571111111 10820 0
46123573232123 13758 0
46125731333123 19271 0
46127351131313 12497 0
46127352131333 12741 0
46127353131323 12942 0
46135272133313 13396 0
46153273131131 12103 0
46157233333232 8786 0
46157321331233 12472 0
46215372121223 13107 0
46215372313211 19565 0
46257132211133 10861 0
46257313312211 14620 0
46273512122312 15839 0
46273513221212 18125 0
46275311123222 12886 0
46275312112232 14564 0
46275312132212 14280 0
46275312232133 7311 0
46275312313211 8844 0
46275313121222 12725 0
46275313312211 8734 0
46321752111131 10940 0
46352171211233 10509 0
46352172113231 10438 0
46372511221331 13041 0
46375211211332 21228 0
46375212113111 13685 0
46375212132131 12972 0
46375212132221 14793 0
46375212332222 14773 0
46375213112111 14845 0
46375213123121 13540 0
46375213333121 13228 0
46512371331221 13863 0
46512372113321 14135 0
46513272332111 13551 0
46513273113221 8818 0
46523711331332 20935 0
46527133111121 11410 0
46572311223122 15364 0
46572312132122 13040 0
46721533123313 18238 0
47123562232133 11694 0
47123651233232 11729 0
47126351233232 12576 0
47126532133133 21056 0
47132562311111 7791 0
47132563222331 11635 0
47132652233321 8362 0
47135622132332 13461 0
47136252133112 15760 0
47152361233232 12001 0
47152631322131 17291 0
47156231332313 13248 0
47156233211132 9203 0
47156233223312 15146 0
47156233233113 14150 0
47156233322312 12509 0
47156321111111 9324 0
47156321133311 12710 0
47156322132311 13528 0
47156322313232 15241 0
47156322332132 11661 0
47156322332312 14423 0
47156323223123 12214 0
47162351322122 12990 0
47163522131222 18274 0
47165321232113 7304 0
47165321322131 12467 0
47165322132212 14069 0
47165322133112 12906 0
47165322232133 6880 0
47165322313211 9462 0
47216352131333 16030 0
47251363131113 17403 0
47251632131312 18128 0
47256133212311 7691 0
47256133321232 11533 0
47265312122222 13303 0
47265312131312 13757 0
47265312313211 13379 0
47321651311133 10761 0
47352612123131 15680 0
47352612311132 16029 0
47352612313211 16034 0
47512632312323 16637 0
47621532232331 10318 0
47621533231121 12378 0
47632152233321 12762 0
47632153212311 8673 0
47632153232321 8131 0
47632513212332 11615 0
47652132231323 11964 0
47653213211231 21995 0
47653213232111 10238 0
51264731113322 16773 0
51264732213311 21017 0
51267342312233 18975 0
51324671211122 9656 0
51324672212111 12519 0
51324673113311 15929 0
51324761111123 14235 0
51324763113332 13877 0
51342672212111 13423 0
51342763312223 10303 0
51367241211113 9164 0
51423671221331 14043 0
51426731111111 16458 0
51426733312211 15880 0
51472361131313 13933 0
51472633331312 14445 0
51623471321111 10104 0
51623743313321 20535 0
51624731312123 15766 0
51624733323113 15583 0
51632741323232 9243 0
51642371122313 16519 0
51642731113322 8238 0
51647231113232 8097 0
51723643131311 17568 0
51724362122222 13700 0
51724363121213 13338 0
51726433123313 15128 0
51732643121213 18455 0
51742632323231 11256 0
51742632323333 11140 0
52134761232113 16733 0
52147631121311 9094 0
52147631131211 9187 0
52147631211131 9041 0
52147631311121 9487 0
52147632111113 11438 0
52147633111112 8825 0
52163471112122 16045 0
52163471213111 11063 0
52163471312111 11099 0
52163471333123 14687 0
52163472111311 10328 0
52163472131222 17010 0
52163473111211 8296 0
52163473111331 15042 0
52163473221323 15798 0
52163473323332 17038 0
52167342121232 13724 0
52167432121313 11613 0
52167432122222 11407 0
52167432131213 11108 0
52167433133333 8855 0
52167433331333 10987 0
52174633223123 11302 0
52314673311311 11893 0
52314761322122 17262 0
52341671111111 21801 0
52341671122211 14437 0
52341671311313 16113 0
52341672211112 17571 0
52341672232313 15858 0
52341672323222 9014 0
52341672323312 20736 0
52341673133111 15588 0
52341673232213 15829 0
52341673232333 8231 0
52341673323212 17467 0
52361472121313 10982 0
52361472131312 9487 0
52367142211121 11509 0
52367412322232 8988 0
52374161112323 15795 0
52376413222223 10891 0
52463173212332 15953 0
52463713212332 12002 0
52471631223113 13650 0
52471631323112 13470 0
52614372313211 9096 0
52641733212311 8208 0
52641733232321 10382 0
52673413232123 13946 0
52713461232323 8194 0
52714361232113 9532 0
52714633213223 12114 0
52714633223123 10414 0
52731641233112 16852 0
52731641323112 12032 0
52736141322233 8145 0
52741362313211 11175 0
52741362313223 7709 0
52741632122333 9544 0
52741632123323 9061 0
52741632212213 9069 0
52741632212231 8868 0
52741632232211 8721 0
52741633221233 8971 0
52741633313312 8410 0
52741633313321 9327 0
52741633321223 10164 0
52741633323311 8565 0
52743611111213 9240 0
52743611111312 11859 0
52743611112131 10161 0
52743611113121 11825 0
52743612131111 11557 0
52743613121111 9714 0
52761431111213 9939 0
52761431111312 9275 0
52761431112131 9852 0
52761431113121 10028 0
52761432131111 9861 0
52761433121111 10175 0
52763143222331 17121 0
52763411222312 14328 0
52763411333123 10011 0
52763413222112 14741 0
52763413223312 14508 0
52763413322312 14267 0
53126471231231 12792 0
53126471231321 12151 0
53126471321321 15352 0
53146272123233 11241 0
53147262123131 14042 0
53162743312223 8636 0
53274163211222 16149 0
53421671321111 8917 0
53421671321231 8325 0
53426171112233 7871 0
53462711113322 9174 0
53467211321111 11719 0
53476121323112 14134 0
53476121323322 13524 0
53614721212121 14759 0
53621471331221 11921 0
53642171111111 16441 0
53672142221213 23746 0
53714622233111 18114 0
53721463223312 20959 0
53724612121112 14894 0
53726143333121 13055 0
53741621323112 13440 0
53741621332112 14071 0
53742612323333 12323 0
53761242121211 12083 0
53761242221213 13068 0
53761242321212 12041 0
53762143222331 13647 0
53762413322123 8554 0
54123673233323 10587 0
54126371331221 12304 0
54127632131213 10618 0
54127632222212 11674 0
54127633131212 9524 0
54127633133333 10528 0
54127633333313 9502 0
54163271133221 17663 0
54163272233111 16679 0
54167231121113 9579 0
54167231131112 9381 0
54167231221211 16267 0
54167231333213 14435 0
54167232112112 15908 0
54167232133313 16154 0
54167232333113 13995 0
54167233232333 10017 0
54167233331213 13574 0
54172633132313 13850 0
54217362233213 18179 0
54217632132212 24199 0
54231671123111 13945 0
54231673123121 13158 0
54261373123121 11465 0
54261732231233 23856 0
54276132233312 15560 0
54312671131331 8722 0
54312672212111 11706 0
54312673311311 14591 0
54317261113112 9848 0
54317621111222 17515 0
54321672212213 10061 0
54321672212231 9594 0
54321672232211 14574 0
54321673313312 9521 0
54321673313321 10827 0
54321673323311 11023 0
54321761211221 8699 0
54321763113113 13430 0
54326171111231 10297 0
54326171112233 10168 0
54326171321231 8330 0
54326711112212 17410 0
54327612223232 9297 0
54361272223232 9677 0
54362171113133 12530 0
54362711111231 10511 0
54362711323112 13639 0
54367121112212 15162 0
54367121113211 12107 0
54367121113331 15947 0
54367122211121 13187 0
54367122311111 12440 0
54367123311113 10651 0
54367211132222 9220 0
54367211213333 11880 0
54367211222132 8761 0
54367211333213 9064 0
54367212211322 9689 0
54367212231122 9790 0
54367212233213 8966 0
54367212332213 9085 0
54367212333113 8914 0
54367213112222 9895 0
54367213312133 9124 0
54371261113331 12137 0
54371621113112 10536 0
54371621113322 9748 0
54376121322233 9226 0
54376211111132 11875 0
54376211111222 11908 0
54376211113133 13596 0
54612371112311 14948 0
54612372222131 12536 0
54612732112223 15701 0
54612733322213 15471 0
54621371133311 10626 0
54621372211121 9412 0
54637211132111 8804 0
54671232221213 18773 0
54712361323313 17155 0
54712362223322 15868 0
54716232222113 24216 0
54716321112323 16956 0
54716322313223 16375 0
54721631111111 14958 0
54721631122121 15575 0
54721631311133 14167 0
54721632133232 15967 0
54721632212222 15477 0
54721632212231 14486 0
54721633231322 15201 0
54721633313321 14963 0
54721633333331 13173 0
54723612131312 11324 0
54723612221222 8818 0
54723612222212 9600 0
54723613121312 8643 0
54723613333313 12025 0
54761233322321 15579 0
54763212322232 8811 0
56123471222312 9230 0
56123471223221 9553 0
56123471331332 11681 0
56123471333123 8853 0
56123472322121 9883 0
56123472331331 11159 0
56123473133132 9442 0
56123473133231 9365 0
56123473222112 8307 0
56123473223312 8136 0
56123473322312 8533 0
56124371111231 11983 0
56124371232323 13828 0
56127433332323 9984 0
56132472333332 11117 0
56132473211111 8475 0
56132473213211 10502 0
56143273332323 12122 0
56147231222132 10034 0
56147231333213 10011 0
56147232233213 14650 0
56147232332213 10002 0
56147232333113 10408 0
56147322333233 11734 0
56173421113112 11218 0
56174232323333 8816 0
56174321232113 8126 0
56213471111111 10910 0
56213743313333 15057 0
56243173133111 10875 0
56243713121333 13783 0
56247132333233 11707 0
56271433111313 13366 0
56271433123313 13288 0
56271433132313 14042 0
56274132331133 12477 0
56274312313211 8970 0
56321473233323 8894 0
56321742211112 14434 0
56324171221331 12313 0
56327411211332 15304 0
56327413213112 14967 0
56341273121213 11880 0
56341273131212 9545 0
56347122333233 12512 0
56347211213111 11216 0
56347211222132 13776 0
56347211312111 14339 0
56347211331131 15067 0
56347212111221 17442 0
56347212111311 8288 0
56347212123233 16261 0
56347212232223 16044 0
56347213111211 8983 0
56347213131332 15541 0
56423171231231 12160 0
56423171231321 11425 0
56423171321321 12301 0
56423172112121 10807 0
56423173132121 14664 0
56423173133111 10349 0
56432713122122 14630 0
56712341232113 15538 0
56712343211123 15700 0
56721343123331 14808 0
56721432312233 16787 0
56723411113313 15297 0
56723411121113 9779 0
56723411131112 9225 0
56723411222312 13954 0
56723412122312 13066 0
56723412323222 8191 0
56723413221212 13181 0
56723413222112 14035 0
56723413331111 14848 0
56732143122113 17035 0
56741231121311 9441 0
56741231131211 9059 0
56741231211131 9729 0
56741231311121 9727 0
56741232111113 8950 0
56741233111112 8970 0
56743212122222 9265 0
56743212221222 12058 0
56743213121213 9430 0
56743213121312 9969 0
56743213331333 9254 0
57123461111111 11511 0
57164322131312 13471 0
57214361323232 11122 0
57214632212213 18642 0
57236141113232 12732 0
57236141322233 8658 0
57236141323232 8115 0
57241631322113 14425 0
57241631323112 12109 0
57246131112233 8339 0
57264132111323 15652 0
57321641311112 16956 0
57321642311132 13869 0
57364212213311 10151 0
57364212313211 10096 0
57364213332122 10790 0
57642311113322 16302 0
61234572231323 11707 0
61234573232213 13900 0
61235741313131 14389 0
61257343232123 8808 0
61274351313131 13959 0
61274532231323 12019 0
61352472233321 16433 0
61352472313211 16643 0
61452731311313 12143 0
61453721111111 14664 0
61453721311112 14431 0
61453723111121 15591 0
61472532123332 11575 0
61472533112111 10092 0
61527431111111 11116 0
61534272311132 9121 0
61534721112311 14245 0
61534721113211 13422 0
61543271111111 10437 0
61543271112311 9652 0
61572432312323 8107 0
61734523222331 11752 0
62134572321323 12541 0
62135471122121 12364 0
62135472132131 11884 0
62135473122131 13200 0
62135473123121 13090 0
62135473131131 12243 0
62135473132121 13549 0
62135473232231 19490 0
62135473322321 21313 0
62135743222331 15195 0
62135743312223 20642 0
62147353123121 13569 0
62147353132121 13665 0
62154733321121 10757 0
62157342132212 18595 0
62173543232132 11189 0
62174351122133 14328 0
62174533311212 17072 0
62317453112111 8943 0
62317453312211 8349 0
62351743112123 18796 0
62371453311311 14068 0
62374511322311 11660 0
62374513112321 11756 0
62374513312112 10358 0
62435172211133 8362 0
62435172311132 8226 0
62435711222222 12779 0
62453713311122 13590 0
62471532232133 9853 0
62475131322323 15922 0
62531472321233 12487 0
62543711211113 13974 0
62543711311112 13556 0
62571432321233 11714 0
62735143223213 16549 0
63125741112323 20655 0
63125743131233 12745 0
63125743133312 14329 0
63142571111111 10996 0
63142571132321 23967 0
63142573112123 23848 0
63172452312323 15980 0
63172452313211 16562 0
63174522332132 12247 0
63247511123132 11398 0
63251743133231 18369 0
63452711311313 10118 0
63452712333221 10330 0
63471522123131 15686 0
63471522323132 14687 0
63471522332132 14526 0
63472512123332 10532 0
63512743313333 14662 0
63541271212211 17417 0
63542713121333 18239 0
63574212123131 16348 0
63574212313211 16933 0
63712542221111 11606 0
63714252123131 9062 0
63714521112323 10350 0
63714522332132 10001 0
63721541233322 14011 0
63724153121213 15963 0
63725141112323 10075 0
63725141233121 16269 0
63725142123131 8858 0
63725142223133 8105 0
63725143122113 20554 0
63725143123313 21538 0
63741252222323 11883 0
63741522123131 9878 0
63742511232221 24545 0
63745123122212 12657 0
63751242221321 13713 0
63751423122311 15397 0
63752141111111 11590 0
63752141122211 12038 0
63752141123213 15301 0
63752142332132 12401 0
63752143123223 13832 0
63752143212323 14429 0
63752143223123 11988 0
63752411223212 14835 0
63752411333213 19322 0
63752412312323 9385 0
63752412322112 13921 0
63752412333113 19391 0
63754213122122 17136 0
64125371131313 17564 0
64157321133212 16486 0
64231572311132 9963 0
64257131113223 18251 0
64271533221212 13858 0
64275131212223 14196 0
64275131312123 12885 0
64275132211133 8827 0
64275132232133 7929 0
64275133231112 12438 0
64275133312211 9573 0
64275311112332 18302 0
64275311222222 13488 0
64275313312211 23079 0
64321572111131 17699 0
64321572132131 13196 0
64321572311132 13507 0
64325713121222 24482 0
64351272132131 11221 0
64357212313211 11082 0
64357213231322 16239 0
64357213312211 9839 0
64531271212211 15282 0
64531272132131 10558 0
64531273122131 12565 0
64531273123121 13092 0
64531273311311 16064 0
64531273312211 12226 0
64572131122223 15238 0
64713253112111 11747 0
65123471112311 7947 0
65123471233232 17266 0
65123472312311 10551 0
65132471212112 14412 0
65132471222111 14029 0
65132471231321 9652 0
65132471323121 13265 0
65132472131231 18486 0
65132472212231 19931 0
65132472233321 10211 0
65132473111331 13295 0
65132473313312 11102 0
65132473323311 11336 0
65132741223323 9776 0
65132743222331 10238 0
65134721233232 12033 0
65147321232113 12760 0
65172431132333 15731 0
65174232123131 8069 0
65174232133313 12872 0
65174232323312 12816 0
65174233323212 13086 0
65174233331213 13355 0
65174322313211 10197 0
65174323223123 11594 0
65213741111111 10790 0
65241371111111 12499 0
65243712121322 15591 0
65271341332331 18506 0
65271432231233 12377 0
65274131111111 15216 0
65274131311313 11637 0
65274131312213 14540 0
65274132123332 12194 0
65274133132223 12839 0
65274133232321 9307 0
65274133312223 13503 0
65314272311132 16188 0
65314272313211 16612 0
65321472111122 11380 0
65417321232113 14549 0
65417323223123 15709 0
65417323232123 14573 0
65423713321322 15299 0
65432173232321 11486 0
65471231132213 16463 0
65714323223123 10636 0
65723143321313 14226 0
65732411333123 14449 0
65742311212313 11832 0
67132541133311 14143 0
67145323133312 15801 0
67154233323332 10650 0
67215343333133 12617 0
67231541323112 14965 0
67231543323122 12559 0
67234513332122 11052 0
67245131313323 14581 0
67245311112311 14285 0
67245311133233 13437 0
67254311131133 14864 0
67254313311113 8907 0
67312452233321 7969 0
67312541121221 8752 0
67312542221111 10241 0
67321451111123 14694 0
67321451112311 11445 0
67321451212211 12171 0
67321451311133 10453 0
67321452111122 10903 0
67321453113311 12321 0
67321542232133 10097 0
67341252222323 16047 0
67342512222113 12550 0
67345122223133 8662 0
67345122232133 8156 0
67345211111123 13718 0
67345211111132 12999 0
67345211112233 21281 0
67345211113322 20990 0
67345211211122 13159 0
67345211311133 12658 0
67345212111122 12012 0
67345213111133 11886 0
67354121111111 11582 0
67354211212121 14295 0
67354211313113 19171 0
67354211333111 19062 0
67354212111221 13041 0
67354212212222 13893 0
67354212311132 7980 0
67354213111313 12737 0
67354213131311 12049 0
67354213211132 12433 0
67354213313333 13539 0
67412353132121 13535 0
67412353332221 14226 0
67412531131133 12012 0
67435121332112 11422 0
67435123123121 11566 0
67452313321232 11645 0
71234563231322 12090 0
71263541333222 22301 0
71263542323123 23840 0
71264533131323 12023 0
71264533221323 10558 0
71264533231223 10458 0
71264533231313 10706 0
71326451211311 12009 0
71326453132121 13714 0
71326543333313 18563 0
71345262132131 14434 0
71362453113311 12329 0
71365423331312 17452 0
71423563213232 12501 0
71423653213232 11618 0
71426353312211 8006 0
71426533333223 15854 0
71432561232323 15117 0
71432561323232 9213 0
71432562111221 12090 0
71432563232213 11541 0
71432563323113 13407 0
71432563323122 12812 0
71432563332113 14519 0
71435261322233 9557 0
71435262222122 12342 0
71435263211123 7494 0
71435263311122 8071 0
71435263333133 12788 0
71435263333223 14169 0
71435623333331 15908 0
71436253333112 18649 0
71452363213232 11925 0
71452632222131 16977 0
71453262222221 13983 0
71453623311122 13560 0
71456321322323 10214 0
71456322111221 11476 0
71462531113322 8179 0
71462532111212 11280 0
71462532121112 12467 0
71462533111223 12993 0
71462533221113 13479 0
71463523331222 16368 0
71523463131311 13244 0
71523463231313 14099 0
71523463331312 13214 0
71532463221332 12596 0
71534262122222 15380 0
71542633132322 11200 0
71543622111131 13589 0
71543623111121 13546 0
71546233331213 13751 0
71546322231212 14424 0
71562433123232 8721 0
71563243221221 18895 0
71625433213133 16067 0
71643252231212 13607 0
71643523331213 18623 0
72134562312212 17173 0
72136541322233 16328 0
72143563222331 12347 0
72143651121113 8849 0
72143651131112 11470 0
72143651213111 9373 0
72143651312111 8927 0
72143652111311 8975 0
72143653111211 9066 0
72145631233223 15021 0
72145633232231 15150 0
72145633312223 18715 0
72146352232223 11323 0
72163452122222 11769 0
72163453121213 9407 0
72163453131212 10491 0
72163453133333 9594 0
72163453331333 10399 0
72164353131113 13873 0
72165431113331 15242 0
72165432111113 8956 0
72165432111122 20466 0
72165432211112 17307 0
72165432323312 15108 0
72165433111112 8156 0
72165433121333 15589 0
72165433221233 14331 0
72165433233323 9242 0
72165433321223 13765 0
72165433331213 13255 0
72345611111111 21735 0
72345611133113 16266 0
72345611221223 14034 0
72345611222222 14210 0
72345611331332 16161 0
72345612122111 16034 0
72345612331331 13832 0
72345613221221 13853 0
72345613333331 16780 0
72356141112323 16335 0
72356141232113 16915 0
72356143211123 21440 0
72361453232333 10689 0
72361542333233 12290 0
72365412222212 8520 0
72365413121312 9613 0
72365413131212 9058 0
72365413331333 11211 0
72435163333313 18920 0
72513641232323 8188 0
72513641233322 10505 0
72516342313223 8136 0
72531463321232 11614 0
72534163211123 8246 0
72541631111213 9168 0
72541631111312 9072 0
72541631112131 9467 0
72541631113121 9021 0
72541632131111 8725 0
72541633121111 11345 0
72543162311111 12225 0
72543163211111 14321 0
72543611221223 7955 0
72543611223221 8691 0
72543611331332 10155 0
72543611332331 8652 0
72543612331331 8283 0
72543613132232 10278 0
72543613133222 9095 0
72543613221221 8868 0
72543613223312 9530 0
72543613322312 9039 0
72546311323112 11230 0
72546313323212 11032 0
72561342313223 8076 0
72561432213122 10012 0
72561433221233 9988 0
72561433311233 9989 0
72561433321133 10382 0
72561433321223 14631 0
72563411111213 9035 0
72563411111312 9414 0
72563411112131 9708 0
72563411113121 9705 0
72563412131111 8868 0
72563413121111 8853 0
72643513212311 11699 0
72643513212332 12042 0
73125463133132 19287 0
73146522113231 10832 0
73246153312211 16764 0
73456123231322 11914 0
73516243323113 13044 0
73516243332131 13368 0
73541262321212 24321 0
73542163321133 18615 0
73542613132121 12093 0
73542613132322 10528 0
73564213321322 24189 0
73614251112323 8514 0
73615241112323 10548 0
73615241113322 8937 0
73615242223133 8488 0
73615243123313 12736 0
73615243213313 21630 0
73615243331312 12871 0
73615243332311 21650 0
73615421113322 20753 0
73615423213211 12772 0
73615423333331 14213 0
73624513121132 20118 0
73624513332131 15555 0
73625141112323 8480 0
73625143121213 12810 0
73625143333313 13293 0
73625412222323 18918 0
73642511111111 8223 0
73642511113232 12581 0
73642511113322 9759 0
73642513223222 16019 0
73645121113211 20742 0
73645122222311 15223 0
73645211223113 11271 0
73645211231111 13739 0
73645211321111 9229 0
73645211332112 12641 0
73645213112231 19595 0
73645213333112 14352 0
73651241113322 14371 0
73652413211312 16581 0
73652413331321 16437 0
73654122111122 9798 0
73654122221111 10121 0
73654211111132 14210 0
74123563323221 8883 0
74123652322121 9915 0
74123653132232 14529 0
74123653133132 10279 0
74123653133222 9884 0
74123653133231 9892 0
74125631313311 14907 0
74125632121121 17434 0
74125632122111 20590 0
74125632131111 8278 0
74125632321332 15094 0
74125633121111 9072 0
74125633131233 13155 0
74125633132232 13668 0
74125633133222 14244 0
74125633133312 15486 0
74125633332323 9217 0
74126352333122 8836 0
74132561321231 9215 0
74132562121121 15031 0
74132562122111 12394 0
74132563131221 14171 0
74132563132112 13264 0
74136522322121 10526 0
74152363132232 10615 0
74152363133132 10359 0
74152363133222 11927 0
74152363133231 10455 0
74156322122123 12647 0
74156322122321 12107 0
74156322313223 8164 0
74156323132331 13456 0
74156323133123 12975 0
74163251121122 16455 0
74163252112211 15926 0
74163252131111 9604 0
74163253121111 9405 0
74163253131332 16175 0
74163253133132 13878 0
74163253133213 13596 0
74163253133231 14316 0
74163253332323 10114 0
74165231121212 13737 0
74165231131313 12328 0
74165231212121 11895 0
74165231313131 12166 0
74165232111212 12669 0
74165232121112 12550 0
74165232121211 12633 0
74165233111313 12141 0
74165233131113 12120 0
74165233131311 12050 0
74165233131323 12672 0
74165233132313 12537 0
74165233231313 12505 0
74213652323132 13924 0
74251633111313 17684 0
74256311321222 16115 0
74256313111232 17275 0
74265312333233 13515 0
74312652333332 11131 0
74321563311131 11988 0
74321653233323 12214 0
74325163131323 13494 0
74325612221222 9295 0
74325613121312 9821 0
74325613131212 9423 0
74325613133333 9761 0
74361253112132 18541 0
74361253211231 15190 0
74365211121221 16762 0
74365211213111 8516 0
74365211312111 11877 0
74365211313113 15272 0
74365211333111 15390 0
74365212111311 9631 0
74365212222323 15548 0
74365212333332 14849 0
74365213111211 9355 0
74365213121333 16283 0
74512361322233 20927 0
74512362313223 16678 0
74513263121222 23758 0
74521632222212 11532 0
74521633121213 11008 0
74521633121312 11734 0
74521633133333 10958 0
74521633333313 8834 0
74523611121113 9761 0
74523611131112 10086 0
74523611213111 9973 0
74523611312111 10149 0
74523612111311 9390 0
74523613111211 10051 0
74532163123223 15777 0
74561231111222 15012 0
74561232111113 9281 0
74561232221111 16582 0
74561233111112 9487 0
74561233131233 13482 0
74561233233323 10136 0
74561233311233 14413 0
74561233321133 13970 0
74561233321313 16054 0
74563211232332 15467 0
74653213133222 19085 0
75132463233233 21151 0
75143263231313 17656 0
75146321323331 17104 0
75213642223133 10920 0
75231463211123 13359 0
75234161322233 7815 0
75234162221111 11649 0
75236143213232 11943 0
75241632222323 12228 0
75243162211322 18252 0
75243611113232 10650 0
75243613213232 17370 0
75246131333312 17264 0
75246311111111 10444 0
75246313212311 11288 0
75246313312211 10074 0
75246313332332 12698 0
75261432123233 8904 0
75264132121232 15124 0
75264132223331 9101 0
75264132321212 12487 0
75264133121333 14052 0
75264133331213 13148 0
75264311223122 16702 0
75264313231112 16596 0
75312463333133 15180 0
75314621133221 9871 0
75314621313212 18312 0
75314623113122 12073 0
75316241231231 12155 0
75321461311112 10847 0
75321463132121 13641 0
75346122133133 12422 0
75346211133122 20941 0
75346211211311 15519 0
75346211311211 14757 0
75346212323333 12644 0
75346213112132 20384 0
75346213132121 11959 0
75346213132322 11993 0
75346213332122 12550 0
75412631223332 9775 0
75416323232213 12265 0
75431263133213 18149 0
75462132123212 10624 0
75613243131332 12891 0
75613243133213 13978 0
75634123323122 14239 0
75641323232111 11891 0
75642132213311 16421 0
76123453233323 10081 0
76125343333133 15968 0
76143252131312 11713 0
76143252221222 11500 0
76143253131212 11132 0
76143253331333 8734 0
76143253333313 10860 0
76145231121113 8251 0
76145231122112 17405 0
76145231131112 9055 0
76145231221112 20566 0
76145231311331 15823 0
76145232123332 14995 0
76145232233213 13787 0
76145232331313 15612 0
76145232332213 14359 0
76145233133213 13276 0
76145233232333 9125 0
76154323333112 15834 0
76213543213133 18203 0
76213543311332 16128 0
76215341231231 14129 0
76215433333133 19172 0
76231451123111 11533 0
76245311121131 15048 0
76245311131121 9174 0
76245311213312 19142 0
76245312132131 12123 0
76245313122122 13738 0
76245313123121 11100 0
76253141123132 10620 0
76253141211332 10128 0
76253413322312 18361 0
76254133311323 21169 0
76254313211111 14721 0
76312452212111 15376 0
76312453211111 12174 0
76312453311311 12811 0
76312542321212 11670 0
76312542322121 15182 0
76312543322222 13718 0
76315241112113 14916 0
76315241113112 9510 0
76315241223113 12449 0
76315241322122 13353 0
76315241323313 14134 0
76315241332112 12549 0
76315243211231 22463 0
76315243323323 14928 0
76321452122123 8197 0
76321452122321 8832 0
76321452122333 8826 0
76321452123323 10656 0
76321452212231 9434 0
76321452213122 9907 0
76321453233131 9547 0
76321453311233 9384 0
76321453313312 11030 0
76321453321133 9461 0
76321453323311 11564 0
76321542211112 11246 0
76321543211111 14452 0
76321543311131 9978 0
76324151112233 8498 0
76324151112323 10532 0
76324153323122 11001 0
76325411111213 9230 0
76325411111312 9098 0
76325411112131 8252 0
76325411113121 11333 0
76325411122121 17248 0
76325411331311 17438 0
76325412112121 15758 0
76325412231212 13414 0
76325412333233 15863 0
76325413222223 14801 0
76341251111213 8318 0
76341251111312 10352 0
76341251112131 11087 0
76341251113121 11121 0
76341251221121 16825 0
76341251311313 15056 0
76341252232313 15822 0
76341252323333 16919 0
76341253221212 16892 0
76341253233131 14784 0
76342511111231 9103 0
76342511111321 14399 0
76342511323112 12462 0
76342512232223 11256 0
76342513213112 20839 0
76342513322111 23115 0
76342513323122 11933 0
76342513323212 11930 0
76345122211112 12457 0
76345122211121 13107 0
76345122213311 21336 0
76345122311111 13075 0
76345123211111 13574 0
76345123311113 11909 0
76345123311131 12342 0
76345123312211 19521 0
76351421112323 10573 0
76351421113322 7968 0
76351423321232 17284 0
76354121121212 14510 0
76354121122121 11171 0
76354121311313 11143 0
76354121313131 13403 0
76354122111212 14124 0
76354122112121 12971 0
76354122212222 13149 0
76354123211123 10231 0
76354123211132 9532 0
76354123313333 18369 0
76354212213323 14140 0
76354212312233 13668 0
76354212313322 14867 0
76354212333332 12366 0
76354213222223 11633 0
76354213312223 13825 0
76421351131121 11241 0
76512343213313 15882 0
76512343332311 15553 0
76514321112323 16585 0
76514321232113 15993 0
76521433232333 10103 0
76523413223231 17576 0
76524313331222 15247 0
76541232131213 9499 0
76541232221222 11793 0
76541233121213 10587 0
76541233331333 9619 0
76541233333313 10500 0
76543211111111 14937 0
76543211212112 15551 0
76543211223221 14394 0
76543211332331 14868 0
76543211333333 13294 0
76543212132323 15555 0
76543212222221 15377 0
76543212323213 16027 0
76543213113131 14153 0
