12346571111231 2834759 0
12345761111111 3820138 0
12345673131323 5537810 0
12345672123212 5463913 0
12345672321212 5734894 0
12345672121232 5697337 0
12345673231313 6368756 0
12345673132313 6555161 0
12347561112212 3612009 0
12346751113133 3943222 0
12347652111221 3041694 0
12347651133311 3374374 0
12347652123233 3596825 0
12347651122112 3703149 0
12347652123332 4433963 0
12347651111111 5976671 0
12347652223232 3355712 0
12347653111133 3580648 0
12347653132322 2994851 0
12347653132223 3064283 0
12347653332323 3374586 0
12354671111111 4219153 0
12354761112323 5587688 0
12354762311123 3252182 0
12354762121112 3978859 0
12354762121211 4324699 0
12354763133111 3291140 0
12356471113133 3483415 0
12354763131131 3622454 0
12354763211123 3854648 0
12356741133131 4738741 0
12357461111222 3817818 0
12356741313131 4930642 0
12356743113131 4961797 0
12357641113331 3562279 0
12357461113331 3673180 0
12357462211112 3783771 0
12364571112212 3972732 0
12364751112212 3405003 0
12364751113133 3581164 0
12364753311131 3436951 0
12365471111111 4209254 0
12365471313113 2958463 0
12365472223232 3309530 0
12365471211122 3570546 0
12365472321233 3822614 0
12365473332323 3019671 0
12365473232312 3009647 0
12365741113331 3602344 0
12367451123333 5328649 0
12367451132222 4860909 0
12367451213333 5172946 0
12367452113333 5715793 0
12367451312222 6320868 0
12367541331131 3269404 0
12367541112212 4456539 0
12367453112222 5156310 0
12367541113331 5106184 0
12374651111222 3993699 0
12374561121212 4941048 0
12374561211212 4867923 0
12374562111212 5775939 0
12375641113112 3647210 0
12376451113133 3876034 0
12375461111222 3854544 0
12376451111222 4059534 0
12376451221211 3344994 0
12376541112323 4038503 0
12376541232233 4788021 0
12376541322233 3319329 0
12376543133231 2962896 0
12376543133132 2980359 0
12376542123212 3404888 0
12376542121232 3691913 0
12456731233223 3205571 0
12456733223321 3226373 0
12463751231231 3416699 0
12456731132321 5400880 0
12467351231321 2953789 0
12473561132123 3247162 0
12467351131121 3410517 0
12536741112323 3487204 0
12543671331113 3100798 0
12537461332112 3263342 0
12543671211212 3380577 0
12543671111111 4326734 0
12543672121121 3165879 0
12543672331232 3006167 0
12543672322232 3170534 0
12543672321332 3272444 0
12543673231223 3100301 0
12543673111331 3090166 0
12543673221323 3238808 0
12543673233323 3937293 0
12564733323122 3100725 0
12546371221331 3238075 0
12563473131212 3770611 0
12563472131213 4022128 0
12637451332112 2855833 0
12567433232333 3212119 0
12576343212221 3969590 0
12637451132111 3803820 0
12643571321321 3147484 0
12734561112323 3468031 0
12645371131121 3526025 0
12673542331133 4356714 0
12734561322233 3063863 0
12734562313223 2937332 0
12745632111122 3375375 0
12745632222221 3237421 0
12745633131131 3609868 0
12745632232211 3849559 0
12745632212213 3983185 0
12745631111111 10255211 0
12745633313312 3160115 0
12745633323311 3200888 0
12745633313333 3364749 0
12763452322232 3256644 0
12753462231323 3613645 0
12765432121313 3668861 0
12765432222212 5552375 0
13245671321111 3677270 0
12765433331333 3801955 0
12765433121213 4162016 0
13246571111111 4630596 0
13246571112233 3127754 0
13246572321332 3672378 0
13246571113232 4846211 0
13246572331232 3317517 0
13246573221233 3431832 0
13246573321223 3497898 0
13247563212131 3806525 0
13246752133211 4270772 0
13254761323322 3109965 0
13254761322233 3618114 0
13254762321233 4295358 0
13254763323122 3680508 0
13257641112233 3162458 0
13267451122211 3876231 0
13265742131312 4460723 0
13265741112323 5211785 0
13267451311133 3251197 0
13267541232212 3785279 0
13267541111132 4147945 0
13274651112323 4599167 0
13275463213211 3440450 0
13275461112233 3479438 0
13275641112233 4208591 0
13275641112323 5219828 0
13275642131333 3968901 0
13275643212221 4249658 0
13276451233133 4549806 0
13276451113211 4572544 0
13276541133122 3370297 0
13276541321123 3381304 0
13276541213312 4529791 0
13276541322311 4354378 0
13276541323112 2845390 0
13276541323322 2968643 0
13276542323312 3386291 0
13276543323122 3275477 0
13462572213311 3037861 0
13462571111111 3642725 0
13527461211113 3625569 0
13542671231231 2905096 0
13546271213213 3247066 0
13546271321321 3599542 0
13546271231231 4189459 0
13572641122133 4612652 0
13627451332112 3225254 0
13576241321321 3622568 0
13576241312213 4503350 0
13642571221223 4298663 0
13645271221331 3011299 0
13647521111111 3512348 0
13642571223221 4290359 0
13642573221221 4863509 0
13675242331313 3471462 0
13725642332132 3568525 0
13675241112323 3852341 0
13764251211311 2765955 0
13754262123323 6896808 0
13762451321321 3017924 0
13764252323231 3201047 0
13765422121211 4293122 0
14267351321321 3276917 0
14263751131121 3230067 0
14275633323122 3484246 0
14325672112121 3162594 0
14325672323222 3193367 0
14325672231323 3271838 0
14325673123232 3264983 0
14325673232333 3064464 0
14327652131213 3561940 0
14325673311131 3714112 0
14352672212111 3409686 0
14356721112323 3537061 0
14325671111111 11908313 0
14327653121213 3790045 0
14356721322233 4143380 0
14367252322232 3278127 0
14523672121313 3664009 0
14367523311113 5768267 0
14527631133311 3155452 0
14527631131211 3267459 0
14527631121311 3391788 0
14527631211131 3570840 0
14523673121312 4420330 0
14527631311121 3521166 0
14527632122213 3553633 0
14527632212111 3612390 0
14527633312133 3398903 0
14527633132322 3299462 0
14537622231323 3358762 0
14536273311311 3806624 0
14527632333332 4253637 0
14563272323222 3095076 0
14567231321123 3853451 0
14567231312213 4503209 0
14625731322233 3285311 0
14625732112121 3449697 0
14625731131121 3643770 0
14573261333111 3671453 0
14625731111111 4574933 0
14625732213323 3244715 0
14625732233111 3570214 0
14625732113321 3845656 0
14625733133111 3217015 0
14632571321132 3315829 0
14652733321331 3590389 0
14673251111111 4463738 0
14632571111111 5607035 0
14723651111213 3238677 0
14723651112131 3264624 0
14723651111312 4118379 0
14723652322121 2781430 0
14723651211212 2981094 0
14723651113121 3128718 0
14723652331232 3427076 0
14723653232222 3113657 0
14723653313111 3226912 0
14725361111111 3702674 0
14723653321313 3952598 0
14725363211213 3138376 0
14725361111123 3233424 0
14725361322332 3472757 0
14725362211121 4018962 0
14725363213121 3041341 0
14725363223213 3200633 0
14726531223122 3564394 0
14725363311113 4092550 0
14726531333312 2959310 0
14726531233313 3178760 0
14726531232122 3568795 0
14726532232313 3672641 0
14726533323122 3110987 0
14735621223113 2963896 0
14735621221112 3209454 0
14735621223332 4690310 0
14735621333111 3102835 0
14735621332112 2911075 0
14735621323112 3756910 0
14735621233112 3947662 0
14735621333222 2909849 0
14736253222223 3240528 0
14736251112332 3199835 0
14736251111132 3475300 0
14736521213333 3401394 0
14736521211212 3319165 0
14736521132222 3512726 0
14736521133131 3462107 0
14736521322233 3173376 0
14736521221313 3516710 0
14736521332121 3996812 0
14736521321231 4756772 0
14752363222121 3059942 0
14736523113131 3327284 0
14736523112222 3531506 0
14752363232222 3936414 0
14752631323223 3197783 0
14752363233131 3506040 0
14752631112311 3606372 0
14752631111111 4338902 0
14752633213223 3149069 0
14752632332132 3091865 0
14752633223123 3250736 0
14752633222223 3354812 0
14753261333111 3188656 0
14753261221112 3181089 0
14752633223231 3528098 0
14753261323112 3951676 0
14762351331221 3002728 0
14762351221331 3661150 0
14762351321231 3923440 0
14763251221223 5643266 0
14763252322121 4536089 0
14763251333123 4675761 0
14763251332331 4948698 0
14763251222312 5241440 0
14763253132232 4455081 0
14763253133132 4450401 0
14763253133222 4822659 0
14763253133231 4668267 0
14763521113223 3229757 0
14763521113211 3533968 0
14763253221221 4491674 0
14763253222112 5146835 0
14763523222331 2728080 0
14765231111213 3490062 0
14765231112131 3399864 0
14765231111312 3639729 0
14765232211211 3204963 0
14765231133131 3143413 0
14765231113121 3110043 0
14765232232322 3179672 0
14765232331313 3187886 0
14765233113131 3006340 0
14765233323332 3208368 0
15236471111111 4115084 0
15236473231121 2876245 0
15243671331221 3234826 0
15246371332331 4325154 0
15246371331332 4470687 0
15267431223113 3248177 0
15246372331331 4272876 0
15273641112323 4024511 0
15324673113311 5533465 0
15342671211311 2767991 0
15346271321321 2969842 0
15367421223113 2932666 0
15367421211113 3931182 0
15426371112233 3219910 0
15367423211123 3396652 0
15426371111111 3644612 0
15463271313113 3586664 0
15627431223113 2935282 0
15624732133313 3643227 0
15624732333332 3422062 0
15624732123212 4369160 0
15627431332112 2992000 0
15634722321233 3371895 0
15627431322113 4022431 0
15634722123332 4647378 0
15642372213311 3322523 0
15642372231332 3423012 0
15637423211123 3791409 0
15642372331322 3186894 0
15642373212311 3254273 0
15642371111111 7729344 0
15642373221323 3452367 0
15642373231223 3905430 0
15643271221331 3149041 0
15643273223111 2959012 0
15643271331221 3340915 0
15647233213232 2959662 0
15672343213232 2958819 0
15672341323112 3027281 0
15672342323312 3479940 0
15672341113232 3813806 0
15724631111111 3770354 0
15724362212132 4037184 0
15672433312133 4182858 0
15724631211311 3079830 0
15724632313223 3220646 0
15724631322233 3480230 0
15724632323231 3572417 0
15724632123233 4349996 0
15724633132322 2982320 0
15734622331223 3576561 0
15724632323333 3545706 0
15746322313112 2676295 0
15746321323211 2850058 0
15763241111111 4219904 0
15746321111111 4754678 0
15762342122213 4966472 0
15763242323132 3029321 0
16243571132132 3020425 0
16243571231231 3261946 0
16243571321321 3125344 0
16245371231231 3383686 0
16257433223123 2913230 0
16257431132111 3435867 0
16254733312223 5836437 0
16275341312213 4107155 0
16273541321321 4373717 0
16273541122133 4938764 0
16327453232333 3157123 0
16275343122221 3368396 0
16342571331221 3344767 0
16345271133131 3249895 0
16345271111111 7203734 0
16345272333212 3118502 0
16345271222111 3546954 0
16345272322232 3427280 0
16345273122323 3803621 0
16345273233323 4083339 0
16347252131312 4612369 0
16347253121312 4364461 0
16357421223113 3374237 0
16374523211123 3169261 0
16374521112323 3554986 0
16423572112121 3782362 0
16427531211311 3036034 0
16427531231321 3347729 0
16427532333233 5516515 0
16453271211113 3058503 0
16453272111131 3092220 0
16523473332323 3132643 0
16475233132313 4566028 0
16453271111111 4568129 0
16523741112212 3675415 0
16524731112212 4242777 0
16524731112233 3648028 0
16524731113133 3606646 0
16527341111111 3578105 0
16527431123333 5335507 0
16527431222132 5548845 0
16527431312222 6017010 0
16527431333213 4769053 0
16527432113333 4834027 0
16527432211322 5579334 0
16527432231332 4789132 0
16527432231122 5016480 0
16527433312133 4886254 0
16527432333113 4981498 0
16527432331322 5116486 0
16534271111132 3000699 0
16534271111111 4015811 0
16532471111222 4073938 0
16537421111222 3324924 0
16537421113322 3359008 0
16537421113331 3531652 0
16534273211111 3769926 0
16534723211123 4930572 0
16537421223113 2935519 0
16537421332112 2974111 0
16537421233112 4127242 0
16542371221331 2799409 0
16542371331221 3101677 0
16542372112331 4314694 0
16543271223221 4414271 0
16543271221223 5923412 0
16543272331331 4472451 0
16543271331332 4786077 0
16543271332331 4830552 0
16543721113211 3009255 0
16543721111111 3664982 0
16547233332323 3459667 0
16543273221221 4771514 0
16547321113331 4339436 0
16572433213223 2991605 0
16573241123123 3499027 0
16572431111111 4147934 0
16573241312312 3149269 0
16723451122133 3704708 0
16574231113133 3694109 0
16723451322311 3289664 0
16725431121311 3131370 0
16725431211122 3261159 0
16725431131211 3232950 0
16725431211131 4011114 0
16725431311121 3031221 0
16725432232223 3149153 0
16725433113311 3228985 0
16725432211121 3587685 0
16725433122212 3050290 0
16725433333232 2903613 0
16742352232313 3891925 0
16735242122213 4377066 0
16743252323222 3180990 0
16745233121213 3427586 0
16745232122222 3469499 0
16745232121313 3730784 0
16745233333313 4964326 0
17246351111111 3560795 0
16753241221112 3780871 0
17265433111313 5443758 0
17356241212313 2784613 0
17324561232332 2738024 0
17324561211323 3760261 0
17356242211331 4414369 0
17326452212111 5773624 0
17362451211311 2733627 0
17362451231321 3071521 0
17362452213311 4725193 0
17423653213232 3115254 0
17425631223113 2997445 0
17364251231231 3676265 0
17425631122112 3339309 0
17425631313113 3247588 0
17425631322113 3824329 0
17425631322332 4493570 0
17425631323223 3147149 0
17425631323112 3868249 0
17425631332112 3072898 0
17426531112233 3336614 0
17426531121212 3756907 0
17426531223221 2954177 0
17426531132312 3679589 0
17426531213123 4010675 0
17426531331332 3100179 0
17426532121211 3427891 0
17426532331331 3401259 0
17426531313131 3770150 0
17426531232233 4687923 0
17436521323232 2960457 0
17435622211133 4511474 0
17435623211123 4856006 0
17452363213232 2990589 0
17452363322132 3007890 0
17453262211133 3425691 0
17462352213311 3563952 0
17452633213232 3868560 0
17463251221331 2785339 0
17463251122112 3297594 0
17463251313113 3201970 0
17463251331221 2957956 0
17526431131121 3320164 0
17463251321231 3457780 0
17526431231321 3495119 0
17463251323112 3948787 0
17543261132111 3002454 0
17526432123233 4624176 0
17543261111111 4705814 0
17642533312211 3040285 0
17643251122112 3605851 0
17642531111111 3550346 0
17642531112233 4272286 0
21345671111111 4430785 0
21345762313223 3779271 0
21345762312323 4203225 0
21345762223322 5317773 0
21354671122112 3293458 0
21345763332233 4051999 0
21354671131313 4056017 0
21346752313322 4512477 0
21347562312323 5652471 0
21354671221112 3349543 0
21354672311123 3712565 0
21354672311132 4067810 0
21354761112311 3216072 0
21354761112233 3446506 0
21354761113211 3567657 0
21354673131113 4035416 0
21354761113322 3267100 0
21354761133311 3591466 0
21354761122211 4280673 0
21354763312211 3214678 0
21354762213311 3009007 0
21354672313211 11498831 0
21357463213331 4128468 0
21357462311111 4460518 0
21364753212212 3637799 0
21364752311111 3858775 0
21357642221132 4294325 0
21365742221312 3146876 0
21367452112112 3204495 0
21367451311331 3262468 0
21374653333121 3576225 0
21365742312323 3809946 0
21376541111123 3423355 0
21375462312233 3496629 0
21375463333211 3795840 0
21376541112311 3305524 0
21376541131133 3498101 0
21473563331312 4178635 0
21376541122211 4495378 0
21457631321123 4667332 0
21654372233321 3301890 0
21654372231323 3613119 0
21536742222131 4119696 0
21734652123131 3165457 0
21654373332221 3228060 0
21654373332122 3251910 0
23147651112323 3777776 0
23147562123131 4586235 0
23156471333132 3007467 0
23147652312323 3300144 0
23156471222132 3547577 0
23156473323332 3335770 0
23157461231333 3767632 0
23164573213133 3769918 0
23164752131312 3591092 0
23157462131123 4699245 0
23164753333313 3494962 0
23165471311133 3430033 0
23165471111111 3788285 0
23165472111332 3064390 0
23165471312132 3191767 0
23165472311111 3281604 0
23165472132332 3525623 0
23165472111122 3580191 0
23165473233221 3886457 0
23165741231312 4338925 0
23165741112323 4755187 0
23165742123131 4298506 0
23165742312323 4295515 0
23165742131321 5304454 0
23165742131333 6202268 0
23165743331312 6220016 0
23167542131222 3567362 0
23167541233322 3605238 0
23174652123131 3727281 0
23417563232123 3185867 0
23176452132221 3595092 0
23176453332233 3821504 0
23175463211222 3904619 0
23416752121211 4829219 0
23456173212332 2779278 0
23456713212332 2890323 0
23456173233122 3543732 0
23576412312323 3086369 0
23576412233321 3215435 0
23475162121112 4525971 0
23657142121112 4902371 0
23517462131333 4872532 0
23751461132123 2786809 0
23674153232321 2916275 0
23671452122333 6757282 0
23751463112321 2817211 0
23756143222331 3523071 0
23756411222312 4369346 0
23756413223312 4380633 0
23756413222112 4567517 0
24153672321233 3572743 0
23756413322312 4587009 0
24157362323111 3213919 0
24157361313212 3260533 0
24167353132232 4733100 0
24173652323231 2971616 0
24315761122322 3920231 0
24315673311311 5630473 0
24315762213323 3576063 0
24351671212211 4488708 0
24351673111133 4567639 0
24351673311311 5287720 0
24351761212232 3829514 0
24351761111123 5423251 0
24367511323112 3997279 0
24367513111121 2987895 0
24516732233111 3648365 0
24376512222122 4911056 0
24531673123121 4092755 0
24536713231232 3648238 0
24537613231322 4729194 0
24561372111131 3565656 0
24563711121212 4540374 0
24563712121232 4575538 0
24571362221213 4230261 0
24563713121222 5866591 0
24615371112332 3385022 0
24571631121212 4216920 0
24615372213311 6419861 0
24615731122313 4455351 0
24615732111323 5387922 0
24615731132333 6101320 0
24615732213311 3679431 0
24615733311122 3834492 0
24615732233321 4372714 0
24615733113323 6274729 0
24637512311132 4561461 0
24617532233321 4872171 0
24651731333333 3210676 0
24651731113223 3564413 0
24715363311332 3850932 0
24715631122121 4026834 0
24715631111111 4041554 0
24715631122133 3238810 0
24715632313223 2940728 0
24715633112111 2892654 0
24715633131131 3924829 0
24731562311231 3299023 0
24716532323231 4566063 0
24736512222332 4744006 0
24731561111111 5654846 0
24751362221231 5874960 0
24761531221223 4603145 0
25134672233321 3188882 0
24751362321113 7077453 0
24763151111111 3771563 0
24765313222112 3880922 0
25134672312323 3063461 0
25134672313211 4096330 0
25137461211323 2843599 0
25137461111111 4118744 0
25163741112323 3756647 0
25341673113311 6328723 0
25364173223231 2763404 0
25314673111331 7348438 0
25314673131311 7592440 0
25314673111313 7686760 0
25341762313223 5360034 0
25364172311231 5842015 0
25367411211122 3908323 0
25436712123122 3212382 0
25436711311313 3455052 0
25436712123332 3556111 0
25436712132122 3521373 0
25413763121222 4094919 0
25413672323111 5882509 0
25436712323231 3210148 0
25436713232321 3453739 0
25436713332122 3274966 0
25471362323132 3421763 0
25463713212332 3639039 0
25471631312213 5156115 0
25631741212121 6325703 0
25634713321232 3979669 0
25641371213132 3845852 0
25714632123131 4095500 0
25714632223331 3636084 0
25714633121333 3971190 0
25716431212223 3831303 0
25734162221111 3606190 0
25716433223213 3619606 0
25734613113323 4887844 0
25731642232211 6366087 0
25714632313211 10142453 0
25736141233232 4115129 0
25736141111123 4337124 0
25736411133113 3916157 0
25736411321312 3016526 0
25736411231321 3534293 0
25736411331113 3741227 0
25736413123112 3143447 0
25741361232113 4341072 0
25741632312323 3307605 0
25743611233232 3434445 0
25741632222323 3663336 0
25763411332322 3163674 0
25763142223133 4169398 0
26135742132221 3954626 0
26135742213323 3641355 0
26135742332312 3769884 0
26153473132121 3288877 0
26153473131131 3367777 0
26153471122121 3711339 0
26345711223113 2728287 0
26175432331133 4039258 0
26317451212211 5844946 0
26371453112111 3211452 0
26154372332213 7317234 0
26415732121223 3151421 0
26415731322323 3164958 0
26415732233321 3907494 0
26435712233321 4274008 0
26435712222122 5779858 0
26435712311132 4072585 0
26437512122312 3589622 0
26453172211133 3971100 0
26435713311122 4024473 0
26435713333133 4897041 0
26435712322322 5378264 0
26453711333333 3577009 0
26513471122121 3786547 0
26517343333313 4615877 0
26543171123111 3037437 0
26543171111111 3733877 0
26573413331312 4086700 0
26534713333313 4947547 0
26547313131323 4943474 0
26715433231322 3639671 0
26714531212133 3952857 0
26714532121133 4272492 0
26741351232113 3152557 0
27154632311132 3285694 0
27134561131133 3659900 0
27314652313211 3990553 0
26743512121232 4938213 0
27415632323231 3951712 0
27415363131113 4619929 0
27365412321212 4771044 0
27416532133232 3280379 0
27453161123111 2923215 0
27435612122222 3539876 0
27416533321232 3982988 0
27415633321322 4873597 0
27453161132111 3431052 0
27516341111111 3591518 0
27456133132223 3727014 0
27534162311111 3316095 0
27534161111111 3572951 0
27534612311132 3879483 0
27536412332312 3598861 0
27534161111123 4759677 0
27543611111132 2991969 0
27543611111123 4212525 0
27546312231122 6332919 0
27615433313213 3215829 0
27614353311332 4021825 0
27615431312333 4372095 0
27615432113321 4620074 0
27613543333133 4630589 0
27634511131133 3604078 0
27634512233321 3375698 0
27643513311233 5244004 0
31246753312211 4464282 0
31247651113232 3209555 0
31256471231222 3601524 0
31247651323232 3790770 0
31257462222221 4281167 0
31257462312311 3544331 0
31257643311122 3725745 0
31264572122213 3665534 0
31264573132313 3523248 0
31264573222223 3621912 0
31264752313121 3887892 0
31264752132122 3654705 0
31265471111111 4600061 0
31265471122112 3241473 0
31265471122133 3706912 0
31265471313113 3060607 0
31265471321111 2884854 0
31265472312233 3293435 0
31265471312213 3293899 0
31265472233321 4628204 0
31265741233331 4568934 0
31267542222233 4266361 0
31267542313133 4625752 0
31275462133211 3965898 0
31275462223211 3984066 0
31275461322233 4755646 0
31275462311213 4178982 0
31275461112233 4709403 0
31276452133322 3267525 0
31275462312212 4219080 0
31275463311122 4540161 0
31452671323211 2717218 0
31452672322331 2894486 0
31452671332232 2880515 0
31456722111221 3638293 0
31276452313313 3843246 0
31462751111111 3881915 0
31462751113322 3343990 0
31475261322233 3500643 0
31527643332122 2914157 0
31475262333221 3482877 0
31475262331313 4188636 0
31524673332122 4946118 0
31564272212111 5576679 0
31564272213311 3238129 0
31572461122133 3602411 0
31564273113311 3533470 0
31624751112233 3064441 0
31624753312211 3005119 0
31627452221333 4653841 0
31754621331122 4475158 0
31654272313322 5091597 0
32145671123333 3527360 0
31765242322121 4384379 0
32145671111111 6110687 0
32145671132222 3309928 0
32145671221112 3548727 0
32145671333333 3521082 0
32145672113333 3316322 0
32145672212222 3359827 0
32145673112222 3002107 0
32145673311113 3425890 0
32147562313223 3009039 0
32146751232323 3410913 0
32146752232223 4192608 0
32147562333233 5388400 0
32147651132222 4813038 0
32147651312222 5005581 0
32147651123333 5271043 0
32147651213333 5440780 0
32147652231332 4727632 0
32147652113333 4873690 0
32147652233213 6224506 0
32147652331322 5128327 0
32156471113211 3120018 0
32156471111111 3914471 0
32147653112222 4909398 0
32147652332213 6024151 0
32156471232332 2875940 0
32156472332132 2989043 0
32156472312332 3035759 0
32156472332321 3284567 0
32156473223123 2789549 0
32156472333332 3395682 0
32156741112323 5689907 0
32156742311123 3069803 0
32156742333131 3082176 0
32157641232323 3431997 0
32156742313223 3640353 0
32157642231323 3455628 0
32164571111231 2973738 0
32164571111111 4259180 0
32164571232323 3060368 0
32164573323212 3240845 0
32164572312323 3426869 0
32164572232313 3635153 0
32164572232223 3642356 0
32164572233321 3551570 0
32165741111132 3305034 0
32165741111111 5119709 0
32165742331112 3059839 0
32165741233223 3178628 0
32165743311131 3238936 0
32167451213333 3416681 0
32165742211112 4159467 0
32167451111111 4277804 0
32167451312222 3258601 0
32167451222222 3279529 0
32167453222313 2909138 0
32167451333111 3152041 0
32167453313333 3361725 0
32167452211121 3368556 0
32167453321232 3315422 0
32174561112323 4155401 0
32174561232233 3835203 0
32174561232113 4337261 0
32174652312332 2983002 0
32174652332132 3043152 0
32175461113112 3049041 0
32175461221112 3151137 0
32174562231212 3476000 0
32175461111111 4389275 0
32175461333111 3252841 0
32175462233111 3430744 0
32417653132121 2761336 0
32451762331121 2816368 0
32417652132131 3179842 0
32175462312323 4566080 0
32417562113321 5157489 0
32416753121222 5390350 0
32456173212332 3624108 0
32465172132131 2861638 0
32465172133121 2995582 0
32456711233133 6843880 0
32465172112121 3488106 0
32465172332321 3349598 0
32465173123121 3141436 0
32465173132121 3232021 0
32465173133111 3496432 0
32465173233221 3741512 0
32476513232231 3320504 0
32475163331222 3928618 0
32475161232323 3825325 0
32517463131311 5397634 0
32546713323212 3633276 0
32547611121113 3368470 0
32547611131112 3126694 0
32547612111311 3254521 0
32547611213111 3196900 0
32547611312111 3347593 0
32547613111211 3195508 0
32561471121311 3295848 0
32561471113133 3675442 0
32561471122211 3562548 0
32561471131211 3327096 0
32561472213122 3184993 0
32561472133313 3196592 0
32561471311121 3372468 0
32561471211131 4216473 0
32561473323212 3059615 0
32561473222223 3017579 0
32567412122222 3519860 0
32567412131312 4357397 0
32576142313223 3448823 0
32567413131212 3456692 0
32567413133333 4237396 0
32567412222212 5353691 0
32647153132121 2782279 0
32615473332122 3557560 0
32647152133121 4055377 0
32647512333233 5640391 0
32657143121213 4253569 0
32657412111212 4179254 0
32671453123313 4378520 0
32674152113333 5057017 0
32714652332132 3224322 0
32741651121311 4407322 0
32716452123212 4822158 0
32741651131211 3484462 0
32741651211131 3243286 0
32741652111113 3554767 0
32741651311121 3371485 0
32741653111112 3549319 0
32745611223332 3111297 0
32745612322331 3032868 0
32745612313322 3615267 0
32751643321232 3738591 0
32754163211123 3213289 0
32761452121313 3552689 0
32761452122222 3776795 0
32756141233121 3832029 0
32761452222212 3538766 0
32765411112221 3504093 0
32761453133333 3618070 0
32761453121312 4951607 0
32765411131112 3033057 0
32765411133113 3316624 0
32765411331113 3313984 0
32765411121113 3178221 0
32765412221312 3152977 0
32765413122212 3010660 0
32765412323222 3275255 0
32765413223312 2991767 0
32765413322312 2956718 0
34125672131213 3399554 0
34125672221222 3543290 0
32765413231223 3554090 0
34125672131312 3781274 0
34127651131112 3128899 0
34127651121113 3168469 0
34125673133333 3886117 0
34127651213111 3216154 0
34127652111311 3157519 0
34127653111211 3181945 0
34127651312111 3360211 0
34162752132212 6488861 0
34165271131211 3351108 0
34165271121311 3578586 0
34165271112212 3868515 0
34165272323333 3224811 0
34165271311121 3144933 0
34165271311133 3460231 0
34165271211131 4117734 0
34165273222322 2897846 0
34165273311131 3179269 0
34167252213323 3698694 0
34165273133312 4047188 0
34172562132332 3665083 0
34175263321232 3754424 0
34172562313331 3918856 0
34216572213122 5063522 0
34261573123121 3049315 0
34261572132131 2843476 0
34261572133121 2983516 0
34265712212132 4750674 0
34275162112322 3419741 0
34275161312213 3548771 0
34275162213221 3758387 0
34516271111111 3665420 0
34521672223232 3483972 0
34517622231323 3764016 0
34516272312332 4019816 0
34516722313223 4511239 0
34526713232312 3215211 0
34527612231122 5174763 0
34527612211322 5314995 0
34527612231332 5678398 0
34561272122123 4925943 0
34561272122321 5145282 0
34527612331322 5176717 0
34527613312133 5266795 0
34561272212213 6240651 0
34561273221233 4882168 0
34561272213122 5108667 0
34561272232211 6033681 0
34561273233131 4837675 0
34561273311233 5065051 0
34561273321133 5267560 0
34561273313321 5773603 0
34562171321111 3212434 0
34562171321231 3134417 0
34561721111111 3973694 0
34561273321223 4952758 0
34567212223232 4059627 0
34562172232313 4140363 0
34617252111212 4464504 0
34617252123212 4422679 0
34621572132131 3329633 0
34617522221333 4209625 0
34617252132212 4727917 0
34625172111212 4776455 0
34651272332132 3130823 0
34627512232313 3355974 0
34651271123111 3278826 0
34675212222122 4884171 0
34716522223211 4267380 0
34721652131213 4140959 0
34715262221123 4804917 0
34721652121313 4575848 0
34725611212211 3618597 0
34721653333313 4089694 0
34721652222212 4350158 0
34721652221222 4632941 0
34725612111113 3117567 0
34725612231332 3169994 0
34725612121322 3603853 0
34725612231212 3611749 0
34725613111133 3323212 0
34725612331322 3345401 0
34725613111112 3426168 0
34725612322232 3384989 0
34761252323222 3155874 0
34725613132223 3345785 0
34725613311113 3334495 0
35126741232212 4010535 0
35162472122231 3187882 0
35126742231233 3996340 0
35162472123233 4074110 0
35127462331331 4220688 0
35162473332131 3162779 0
35162473323131 3191402 0
35162473122221 3136705 0
35162473332122 3547796 0
35162742213323 4115085 0
35172461232323 3822621 0
35167242132212 4025147 0
35174262213131 4787544 0
35246171113322 3089980 0
35246172213311 3442612 0
35246171111111 3547772 0
35174262231113 4215639 0
35267141223233 2916734 0
35416721113112 3158166 0
35271461322233 3164046 0
35267141321132 6092080 0
35426712311312 3130865 0
35426712131132 3535934 0
35416723232213 4261703 0
35417622223133 4625485 0
35426713131113 3396311 0
35426713312211 3585740 0
35426713111313 3747809 0
35461271321231 3130841 0
35461271111231 3677140 0
35461272222323 3249573 0
35462171131313 3475913 0
35462171212121 3641164 0
35462171221223 2999789 0
35462171332331 3361350 0
35462172213311 3588137 0
35462172312131 3173987 0
35462172223331 3271875 0
35462173123211 3331217 0
35462173131311 3717614 0
35462173221221 3583841 0
35472163222313 3260168 0
35472163231322 3610994 0
35462712322322 3999103 0
35617423131332 3520908 0
35476122221111 3703885 0
35614722321233 3859501 0
35624712121232 5012694 0
35624712321212 5835348 0
35714623111322 4262724 0
35624712331232 4948390 0
35624712321332 4908526 0
36125471111333 3379306 0
35762142222113 3946653 0
36125471212112 4788420 0
36125471213111 3089667 0
35721642221213 6563280 0
36125472111311 3077388 0
36125471312111 3249075 0
36125471222111 4873263 0
36125472121223 2952862 0
36125473111211 3308520 0
36125473232222 3620720 0
36125473323233 3499773 0
36127451333222 3046809 0
36125743222331 5640887 0
36145272122222 4127393 0
36145272131213 5367392 0
36147251131211 3645985 0
36147251121311 3480094 0
36145272131312 3670730 0
36145273333313 4227364 0
36147251311121 3175123 0
36147251211131 3793507 0
36147252111113 4057300 0
36147253111112 3405040 0
36152742131321 3979479 0
36152741231312 4512894 0
36217452131333 4631404 0
36172452133133 4775088 0
36217541223311 2722477 0
36217543213112 2868229 0
36241573212332 3006384 0
36241753212311 3478552 0
36417522123311 3855672 0
36521472113321 3763844 0
36415272123212 4294356 0
36521472331121 3176552 0
36514272212111 5343793 0
36527411131133 3190249 0
36527412111113 3143256 0
36527412131222 3691540 0
36527412322232 3322175 0
36527412231122 3269665 0
36527412221312 3235357 0
36527413111112 3316485 0
36527412211322 3725740 0
36541272323222 3121665 0
36527413311311 3107065 0
36542712121322 4845288 0
36547213331333 3718645 0
36547212121313 4085591 0
36547212122222 4329050 0
36547212221222 4126622 0
36547212131312 4348910 0
36712542121121 4735925 0
36712542121112 5050223 0
36712542121211 5567771 0
36714252232223 3246552 0
36714522122213 3610901 0
36714521232113 4481957 0
36714522121322 4455974 0
36712542122111 4992059 0
36721451131331 3167167 0
36714523132223 3672129 0
36714523132322 3602676 0
36721452122123 3020326 0
36721452121322 3620605 0
36721452122321 3383854 0
36721452131111 3346824 0
36721452122213 3617890 0
36721452223232 3238367 0
36721453113113 3520882 0
36721453121111 4275930 0
36725411121212 5365106 0
36725411131313 5381607 0
36725411212121 5396978 0
36725411313131 5420370 0
36725412111212 5811716 0
36725412121232 5398074 0
36725412121112 5370422 0
36725412121211 5532122 0
36725412123212 5720157 0
36725413131113 5566956 0
36725412321212 5624562 0
36725413111313 6194739 0
36725413131311 6505497 0
36741252122333 4907107 0
36741252122321 5086374 0
36741252122123 5444751 0
36745211211221 2950512 0
36745212121223 3076084 0
36745212122312 3844051 0
36741253233131 5182792 0
36741252123323 5252008 0
36745212131111 3087120 0
36745212122333 3265103 0
36745212123323 3670952 0
36745212223232 3242561 0
36745213131131 3027886 0
36745213121111 3981633 0
36745213232213 3169118 0
36745213133111 3322879 0
36751243222322 3324903 0
36752142123221 3322796 0
36752142122132 3547241 0
36752143132232 2957265 0
36752143211132 3358403 0
36752143133222 3602118 0
37246511112233 4066819 0
36754123232222 5786668 0
37256142321233 3827601 0
37415622333221 4308834 0
37426513132313 4954414 0
37516422333311 3378003 0
37452162323312 3556545 0
37561241311112 3278790 0
37612453122233 3326997 0
37612542221111 3901544 0
37614252221123 4256769 0
37614521323232 2913433 0
37614521111111 4458307 0
37614522111221 3301832 0
37614522323312 3278581 0
37614522113321 3750060 0
37614522313322 3908212 0
37614523232213 3692017 0
37615422211133 4106334 0
37615421113322 4133835 0
37615422223133 4160899 0
37615422313121 3869346 0
37615422313331 4153489 0
37624152311213 4256415 0
37615423121132 4389912 0
37624512231212 3427895 0
37624511232233 3843165 0
37624513131323 3651813 0
37624512121322 4435754 0
37624513231313 3560649 0
37641252222323 3776595 0
37642513122221 3826284 0
37642152213311 4444128 0
37652141113232 3119293 0
37645122312221 3224537 0
37651422312311 4328402 0
37651242211133 4604961 0
41236753232321 3438302 0
37652143231322 3521162 0
37654212311222 4062996 0
41237561313131 4845636 0
41325763131233 3125064 0
41325762313223 3269793 0
41325671212211 3512289 0
41263751312222 5240208 0
41357622313112 2802664 0
41352671212112 4884069 0
41352671212121 5033976 0
41352671222111 5066412 0
41532761233133 4121971 0
41367253111133 4600958 0
41563273113311 3686936 0
41532672313211 6169948 0
41576322212222 4543290 0
41625373121213 3446888 0
41625731222231 4017785 0
41657321222312 3700832 0
41673521111111 3895448 0
41673252212222 4794342 0
41625372313211 9781727 0
41635721212121 5892039 0
41723562313211 3727997 0
41725361232113 4217968 0
41725361321213 5092009 0
41725362221213 4359202 0
41725362313211 4704760 0
41725362313223 4736461 0
41725363121231 3889009 0
41725363121222 4061785 0
41725631211122 3617877 0
41725631111111 4646768 0
41725632322331 3167987 0
41725633121123 3300943 0
41725633111133 3420526 0
41725633211111 3777165 0
41726352313322 3592218 0
41735263123223 3376863 0
41726532312233 4464486 0
41735262312233 4191885 0
41735261323313 4472424 0
41735621233232 3511284 0
41735622313322 4100284 0
41736521233232 4208996 0
41752632312323 3104532 0
41752631222123 3083687 0
41736522332231 3261068 0
41752632311123 3376364 0
41756233121231 3806262 0
41762532221333 4250299 0
41756231321213 4875747 0
41752632313211 11620472 0
41765322221312 3153377 0
41765231233232 3470015 0
41762533123331 3904612 0
41765322313211 6787256 0
41765323122212 3323567 0
42136752131312 4525965 0
42137561123333 4278217 0
42137653132121 2722975 0
42137653122131 3229990 0
42157633231322 4297746 0
42163751121212 4973721 0
42165373223123 2700937 0
42315673112111 2899493 0
42351671212211 4190067 0
42167532131333 4648843 0
42367153111121 2971245 0
42367153211123 3257848 0
42516372233111 4063172 0
42351763231133 6149934 0
42561733323122 2874125 0
42573612323231 3573024 0
42573613322231 3310983 0
42613572313211 3722750 0
42615372221213 4358534 0
42615372213311 4775174 0
42615371313332 5987751 0
42651372213311 3161711 0
42651733311122 3974688 0
42751632321233 4233489 0
42673512232133 4363957 0
42615372313211 4854023 0
42751632323231 3385125 0
43167251232212 3861222 0
43126572133313 4568574 0
43176252123131 3206827 0
43216573132121 2849801 0
43216573212311 3128921 0
43216573132223 3189885 0
43176252311132 3410833 0
43527612312323 3035513 0
43512671313332 3608940 0
43216573212332 4508004 0
43561271111111 3418181 0
43572612312323 3596215 0
43576211123222 3822339 0
43572161111111 4084460 0
43571262122222 4382544 0
43615271333312 3251538 0
43615272113321 3604172 0
43576212112232 4799697 0
43651722323132 3455120 0
43675211221331 3641069 0
43621752213323 4754941 0
43617521223221 4746899 0
43675122222122 5422516 0
43721653231313 4173779 0
43751623123313 4221736 0
43765212222122 5294970 0
45167323322231 3475803 0
45176231331113 7277169 0
45176231133113 7492239 0
45176231131313 7507356 0
45176233131113 7707360 0
45213672221123 4049402 0
45273162222122 4697463 0
45176321131133 6352068 0
45276131131133 5544474 0
45312671222312 3047210 0
45312672223331 3394263 0
45312673222112 3030980 0
45312672233321 3177141 0
45312761113211 3491482 0
45312673231313 5376861 0
45312673132313 5447826 0
45312672313211 9958838 0
45312761133311 3331445 0
45312762311111 3347224 0
45321671221121 3651819 0
45321671212211 3649545 0
45312762221111 4085218 0
45327612222323 3903115 0
45321673113311 6054781 0
45367122223133 3968119 0
45362712122222 4639358 0
45367211111132 3521181 0
45367211211122 3726588 0
45367213111133 3782392 0
45376121331311 4293914 0
45376211333123 3477630 0
45376121131133 5862146 0
45376213333322 3218779 0
45376213131323 5504010 0
45612373132121 3023722 0
45612373112231 3166807 0
45612372331121 3087511 0
45612373132223 3330086 0
45612373322111 2924266 0
45612371133221 3658051 0
45612373332122 3118253 0
45612373332221 3143612 0
45613271331221 3576038 0
45621732233333 3918503 0
45621732212123 4087101 0
45621373123331 3932841 0
45613272233111 4491512 0
45621373211111 4908655 0
45623713322321 2753459 0
45623712332123 2873192 0
45637123332122 2774483 0
45671231132231 2817427 0
45671233112132 3028933 0
45637123132121 3166663 0
45673213211222 3727791 0
45673212212132 3648963 0
45721363321313 3489009 0
45713623223132 2997872 0
45732612233321 3027215 0
45721363322231 3366012 0
46125731333123 3637821 0
46123571111111 3672821 0
46123573232123 4509548 0
45736121122211 4923229 0
46127351131313 4558645 0
46127352131333 5135378 0
46157233333232 3170386 0
46215372121223 3357125 0
46157321331233 3799810 0
46135272133313 4302214 0
46153273131131 5203631 0
46127353131323 5512448 0
46257132211133 4132149 0
46215372313211 5804849 0
46273512122312 3364451 0
46273513221212 3201707 0
46275311123222 3931063 0
46275312132212 4355071 0
46275312112232 4937545 0
46257313312211 6470231 0
46275312232133 3837211 0
46275312313211 4673128 0
46352171211233 2903236 0
46352172113231 2690518 0
46321752111131 3556386 0
46275313121222 4039261 0
46275313312211 4668021 0
46375211211332 2918992 0
46372511221331 3944780 0
46375212113111 3202704 0
46375212132131 2911534 0
46375212332222 3136172 0
46375212132221 3211954 0
46375213123121 3630292 0
46375213112111 3975537 0
46375213333121 2953331 0
46512371331221 3836036 0
46512372113321 4163915 0
46527133111121 2974101 0
46513272332111 3076783 0
46513273113221 3064000 0
46523711331332 3672477 0
46572311223122 3906890 0
46572312132122 3187763 0
46721533123313 4070046 0
47123562232133 4441699 0
47123651233232 3293403 0
47132562311111 3595080 0
47126532133133 3762931 0
47126351233232 4493388 0
47132563222331 4810718 0
47132652233321 3586555 0
47135622132332 3362205 0
47136252133112 4749024 0
47156233223312 3160158 0
47152361233232 2970978 0
47156233211132 3656849 0
47152631322131 3819600 0
47156231332313 3824124 0
47156233322312 3034164 0
47156233233113 3727068 0
47156321111111 3845170 0
47156322332132 2853313 0
47156322332312 2982145 0
47156322313232 3053161 0
47156322132311 3306540 0
47156321133311 3896181 0
47156323223123 3287812 0
47163522131222 3199487 0
47162351322122 3343907 0
47165322232133 3741343 0
47165321232113 4337104 0
47165322132212 4351615 0
47165322133112 4964062 0
47165321322131 6316102 0
47165322313211 4875121 0
47216352131333 5223040 0
47251363131113 5065239 0
47256133212311 3297898 0
47256133321232 3253970 0
47265312122222 3502289 0
47251632131312 4324468 0
47265312131312 3649613 0
47352612123131 3139342 0
47321651311133 3660401 0
47621532232331 2851889 0
47512632312323 3105974 0
47352612311132 3233503 0
47621533231121 2976916 0
47265312313211 9771464 0
47352612313211 6099844 0
47632152233321 3025283 0
47632153212311 3717469 0
47632153232321 3423125 0
47652132231323 3716241 0
47632513212332 4804362 0
47653213232111 2719276 0
51264731113322 3146299 0
51264732213311 2965930 0
47653213211231 4646902 0
51267342312233 5244340 0
51324671211122 3413832 0
51324672212111 4412109 0
51324673113311 5198770 0
51324761111123 3852463 0
51324763113332 3714903 0
51342672212111 4207371 0
51367241211113 3020715 0
51423671221331 3205433 0
51342763312223 7458048 0
51426731111111 3742976 0
51426733312211 3406579 0
51623471321111 2734473 0
51472633331312 4313708 0
51472361131313 4544508 0
51632741323232 3035207 0
51624731312123 3903168 0
51623743313321 4030837 0
51624733323113 4260469 0
51642371122313 4093688 0
51647231113232 2920492 0
51723643131311 4292344 0
51642731113322 4464111 0
51724362122222 3709502 0
51724363121213 3642740 0
51726433123313 4334322 0
51732643121213 4527912 0
51742632323231 3572607 0
51742632323333 3878290 0
52134761232113 3424936 0
52147631121311 3466378 0
52147631211131 3114418 0
52147631311121 3179521 0
52147632111113 3441565 0
52147631131211 3619510 0
52147633111112 4435060 0
52163471312111 3049767 0
52163471213111 3092106 0
52163471112122 3598623 0
52163471333123 2826590 0
52163472131222 3030073 0
52163472111311 3080316 0
52163473111331 3229165 0
52163473111211 3264576 0
52163473221323 3026462 0
52167342121232 4289005 0
52163473323332 5196930 0
52167432121313 3853238 0
52167433331333 3904495 0
52167432131213 4098404 0
52167432122222 4704683 0
52167433133333 4547152 0
52174633223123 4059957 0
52314761322122 3656456 0
52314673311311 6412741 0
52341671311313 3026893 0
52341672232313 3494015 0
52341672211112 3760659 0
52341671122211 3725892 0
52341672323222 3809255 0
52341672323312 5008973 0
52341673133111 3211573 0
52341671111111 10184315 0
52341673232333 3053340 0
52341673232213 3424904 0
52361472131312 3860494 0
52361472121313 4670065 0
52341673323212 4920494 0
52367412322232 3303117 0
52367142211121 3940999 0
52374161112323 3407863 0
52376413222223 3701239 0
52471631223113 3331006 0
52471631323112 3414820 0
52463173212332 4436676 0
52463713212332 4453647 0
52641733212311 3234899 0
52641733232321 3294534 0
52614372313211 5516876 0
52713461232323 3031484 0
52673413232123 3071879 0
52714633213223 3292656 0
52714633223123 3297426 0
52714361232113 5009403 0
52731641233112 2898994 0
52731641323112 2794804 0
52736141322233 3296272 0
52741362313211 3790679 0
52741362313223 4328406 0
52741632122333 4885837 0
52741632123323 6035317 0
52741632212213 5111505 0
52741633221233 4880974 0
52741632232211 4950801 0
52741632212231 5319033 0
52741633313312 4812787 0
52741633313321 5182834 0
52741633321223 5739073 0
52741633323311 5016562 0
52743611112131 3303586 0
52743611111213 3306160 0
52743611111312 4085068 0
52743611113121 4154149 0
52743612131111 3149653 0
52761431111213 3281788 0
52743613121111 3813907 0
52761431111312 3303595 0
52761433121111 3213436 0
52761431113121 3483685 0
52761432131111 3346975 0
52761431112131 3436855 0
52763411333123 4613103 0
52763143222331 5094432 0
52763411222312 6776195 0
53126471231321 3283441 0
52763413222112 7006787 0
53126471231231 4116976 0
52763413223312 6988398 0
52763413322312 6782361 0
53126471321321 3522118 0
53146272123233 4641871 0
53147262123131 3226444 0
53274163211222 4220613 0
53421671321111 4322925 0
53421671321231 2879032 0
53426171112233 3335658 0
53162743312223 7557696 0
53467211321111 2748072 0
53462711113322 4347681 0
53476121323112 3588439 0
53476121323322 3695039 0
53614721212121 4587992 0
53621471331221 3016859 0
53642171111111 3692570 0
53721463223312 3812469 0
53714622233111 5103238 0
53672142221213 6208959 0
53724612121112 4515011 0
53726143333121 3244836 0
53741621323112 3328894 0
53741621332112 3433831 0
53742612323333 3939679 0
53761242121211 4479246 0
53761242221213 4749991 0
53762143222331 3797754 0
53761242321212 4446382 0
53762413322123 4148211 0
54123673233323 3608902 0
54126371331221 3068099 0
54127632131213 4400849 0
54127632222212 4174628 0
54127633131212 4401806 0
54167231121113 3068334 0
54163271133221 3400250 0
54127633333313 4287943 0
54127633133333 4612501 0
54163272233111 4414478 0
54167231131112 3112674 0
54167231221211 3323115 0
54167231333213 3076346 0
54167232333113 3058574 0
54167232112112 3303129 0
54167233331213 3476648 0
54167232133313 3497264 0
54167233232333 3943998 0
54172633132313 4312975 0
54217362233213 7119874 0
54231673123121 2889856 0
54261373123121 3142610 0
54231671123111 3297852 0
54276132233312 3775164 0
54261732231233 3886981 0
54217632132212 6366220 0
54312671131331 3242131 0
54317261113112 2902170 0
54312672212111 3543162 0
54317621111222 3802522 0
54321672212231 4841475 0
54321672212213 5165805 0
54312673311311 6025264 0
54321672232211 5053794 0
54321673313312 7325860 0
54321761211221 3147591 0
54326171112233 3034387 0
54321763113113 4258831 0
54326171111231 4282239 0
54321673323311 7504825 0
54326171321231 3084214 0
54321673313321 7525027 0
54327612223232 3437280 0
54326711112212 3936193 0
54361272223232 3504741 0
54362711111231 2924373 0
54362171113133 3655805 0
54362711323112 3571480 0
54367121113211 3580944 0
54367121112212 4341468 0
54367122211121 3969642 0
54367121113331 4947133 0
54367122311111 3586716 0
54367123311113 3569926 0
54367211132222 4874184 0
54367211213333 6086908 0
54367211222132 4968210 0
54367211333213 5293771 0
54367212211322 6044304 0
54367212231122 5148402 0
54367212332213 5086789 0
54367212233213 4949500 0
54367212333113 5336446 0
54371261113331 3739016 0
54367213112222 5740992 0
54367213312133 5619364 0
54371621113322 3005047 0
54376121322233 3515656 0
54376211111132 3605226 0
54371621113112 4384968 0
54376211111222 3323592 0
54376211113133 3759037 0
54612372222131 3943715 0
54612371112311 5346499 0
54621371133311 3467440 0
54612732112223 3721028 0
54612733322213 3770427 0
54621372211121 3794976 0
54637211132111 2932605 0
54712361323313 3803338 0
54671232221213 4007820 0
54712362223322 3985414 0
54716322313223 3142532 0
54716321112323 3797449 0
54716232222113 3948284 0
54721632133232 3290138 0
54721631311133 3370381 0
54721631122121 3556371 0
54721632212222 3505501 0
54721632212231 3060652 0
54721633231322 3263576 0
54721633313321 3508262 0
54721631111111 12113768 0
54721633333331 3082128 0
54723612221222 3891539 0
54723612222212 3985181 0
54723612131312 4755176 0
54763212322232 3225561 0
54761233322321 3408180 0
54723613333313 4418551 0
54723613121312 4373876 0
56123471222312 4750121 0
56123471223221 4508891 0
56123471333123 4958499 0
56123471331332 5772696 0
56123472331331 4475322 0
56123472322121 4766435 0
56123473133231 4433661 0
56123473133132 5265888 0
56124371111231 2851653 0
56123473223312 4572588 0
56123473222112 4582928 0
56123473322312 4739637 0
56132473211111 3450478 0
56127433332323 3491344 0
56132472333332 3555208 0
56124371232323 3917552 0
56132473213211 3451418 0
56143273332323 4310875 0
56147231333213 4775776 0
56147231222132 7679799 0
56147322333233 4426561 0
56147232333113 4980304 0
56147232233213 4969891 0
56147232332213 5136253 0
56173421113112 2894577 0
56174232323333 3905083 0
56174321232113 4799604 0
56247132333233 3567526 0
56213471111111 3950414 0
56243173133111 4243679 0
56243713121333 4344980 0
56213743313333 4658423 0
56271433111313 4776130 0
56271433132313 4896005 0
56271433123313 4660733 0
56324171221331 3109127 0
56327411211332 3133793 0
56321473233323 3160366 0
56274132331133 3799600 0
56321742211112 4719133 0
56274312313211 5539811 0
56327413213112 3097178 0
56341273121213 4525684 0
56347211312111 3025308 0
56347211222132 3265951 0
56347211213111 3194355 0
56347122333233 4057433 0
56341273131212 4060585 0
56347211331131 2943187 0
56347212111311 4018170 0
56347212111221 5322105 0
56423171231231 2848909 0
56347213131332 3375614 0
56347212232223 3545942 0
56347212123233 3689402 0
56347213111211 3848523 0
56423171231321 3470287 0
56423171321321 3134782 0
56423172112121 3567633 0
56423173132121 3226900 0
56712341232113 3232891 0
56432713122122 3708026 0
56423173133111 3534922 0
56712343211123 3547885 0
56721343123331 3833542 0
56723411113313 3283498 0
56721432312233 4450599 0
56723412122312 2944357 0
56723411121113 3337356 0
56723411131112 3063840 0
56723411222312 3005365 0
56723413221212 3104449 0
56723412323222 3218315 0
56723413222112 3058825 0
56723413331111 3106543 0
56741231311121 3117598 0
56741231121311 3233497 0
56741232111113 3569314 0
56741231211131 4074406 0
56741231131211 4195573 0
56732143122113 4303113 0
56741233111112 3526501 0
56743212122222 3906230 0
57164322131312 3509384 0
57123461111111 3749879 0
56743213121312 4196372 0
56743213331333 4563562 0
56743212221222 4634759 0
56743213121213 4830857 0
57214361323232 2913605 0
57214632212213 6323622 0
57236141322233 3087308 0
57241631323112 2721040 0
57236141113232 3177121 0
57241631322113 2807653 0
57246131112233 3523566 0
57236141323232 4515401 0
57264132111323 3927717 0
57321641311112 3257712 0
57364213332122 2931582 0
57642311113322 3263584 0
57321642311132 3266077 0
57364212313211 3726557 0
57364212213311 4424276 0
61234572231323 3592182 0
61234573232213 3237882 0
61352472233321 3020978 0
61257343232123 3224957 0
61274532231323 3537781 0
61274351313131 4315461 0
61452731311313 4429178 0
61235741313131 5693425 0
61352472313211 5966350 0
61453721111111 3863663 0
61472533112111 2927055 0
61453721311112 3122796 0
61453723111121 3082953 0
61472532123332 3451754 0
61527431111111 4038737 0
61534272311132 4026480 0
61534721112311 3480246 0
61534721113211 3281193 0
61572432312323 3293218 0
62135471122121 3520530 0
61543271112311 3593559 0
61543271111111 4239353 0
62134572321323 4299084 0
61734523222331 4487613 0
62135472132131 3036838 0
62135473122131 2935018 0
62135473232231 3241442 0
62135473322321 3455177 0
62135743222331 3589083 0
62135473131131 3517411 0
62135473132121 3442993 0
62135473123121 3836704 0
62147353123121 3298441 0
62135743312223 5981362 0
62147353132121 2788273 0
62154733321121 2944579 0
62173543232132 3247757 0
62174533311212 4094061 0
62157342132212 4192509 0
62174351122133 4532626 0
62317453112111 2865621 0
62317453312211 4614871 0
62374513312112 2678494 0
62374511322311 2802826 0
62374513112321 3299494 0
62371453311311 3972620 0
62435172211133 4829291 0
62351743112123 5300776 0
62435711222222 3244205 0
62435172311132 5180384 0
62475131322323 3264450 0
62471532232133 3383746 0
62531472321233 3596290 0
62453713311122 4090761 0
62543711311112 2975139 0
62543711211113 3523569 0
62571432321233 4409799 0
62735143223213 3955551 0
63125743131233 3178284 0
63125743133312 3366456 0
63142571111111 3660491 0
63142571132321 5108749 0
63125741112323 5974484 0
63142573112123 4964401 0
63172452312323 2957144 0
63172452313211 6070087 0
63247511123132 3031699 0
63174522332132 3236136 0
63251743133231 4586541 0
63452712333221 3314423 0
63452711311313 3513958 0
63471522123131 3727801 0
63471522323132 4091408 0
63471522332132 3342101 0
63472512123332 3675330 0
63512743313333 4758155 0
63541271212211 5606323 0
63574212123131 3201445 0
63712542221111 3453071 0
63542713121333 5218610 0
63574212313211 5177308 0
63714522332132 2957063 0
63714521112323 3898045 0
63714252123131 4022946 0
63721541233322 3365196 0
63724153121213 4654214 0
63725141233121 3900229 0
63725141112323 5739496 0
63725142123131 5264326 0
63725143122113 4380676 0
63725142223133 4768198 0
63725143123313 6158639 0
63741252222323 3645462 0
63745123122212 3189899 0
63741522123131 3762132 0
63742511232221 3731694 0
63751242221321 4466931 0
63752141123213 3147423 0
63751423122311 3932610 0
63752141122211 4018916 0
63752141111111 4769743 0
63752143212323 2982535 0
63752143123223 3047614 0
63752142332132 2907667 0
63752411223212 3059474 0
63752412322112 3202250 0
63752143223123 3504499 0
63752412312323 3988302 0
63752411333213 5150724 0
63754213122122 3356229 0
64125371131313 5270391 0
63752412333113 5138904 0
64257131113223 3411770 0
64231572311132 3841086 0
64271533221212 3626075 0
64275131212223 4095015 0
64157321133212 6989271 0
64275131312123 3956484 0
64275132211133 4892997 0
64275132232133 4736458 0
64275311222222 3129881 0
64275311112332 3611720 0
64275133312211 3772545 0
64275133231112 4481046 0
64275313312211 3339827 0
64321572111131 4009956 0
64321572132131 3332059 0
64321572311132 3730708 0
64351272132131 3349823 0
64357212313211 3830345 0
64357213231322 4641057 0
64325713121222 6666321 0
64531273122131 2994094 0
64531272132131 3056716 0
64357213312211 4243622 0
64531271212211 5420745 0
64531273312211 3052462 0
64531273311311 3279070 0
64531273123121 3928528 0
64713253112111 2855313 0
65123471233232 2800278 0
65123471112311 3225505 0
64572131122223 3325574 0
65123472312311 3352448 0
65132471222111 3367654 0
65132471212112 3483475 0
65132471231321 3875408 0
65132472131231 3036902 0
65132471323121 3734900 0
65132472233321 3978774 0
65132473111331 3875591 0
65132472212231 5028368 0
65132473313312 3154095 0
65132741223323 3143756 0
65132473323311 3226452 0
65174232123131 3339197 0
65134721233232 3557904 0
65132743222331 3943028 0
65172431132333 3844645 0
65147321232113 4540119 0
65174232133313 3315630 0
65174233323212 3659367 0
65174232323312 3681381 0
65174323223123 3510017 0
65174233331213 3483702 0
65174322313211 3572515 0
65241371111111 3741692 0
65213741111111 3901490 0
65271341332331 3666015 0
65271432231233 3740797 0
65243712121322 4963692 0
65274131311313 3062718 0
65274132123332 3326335 0
65274133132223 3310561 0
65274131312213 3450900 0
65274131111111 4405774 0
65274133232321 2984296 0
65314272311132 3075346 0
65274133312223 3243868 0
65417323223123 2950946 0
65417323232123 3201545 0
65417321232113 3201793 0
65321472111122 3936682 0
65314272313211 5111656 0
65423713321322 3575317 0
65432173232321 3489318 0
65471231132213 4186755 0
65742311212313 3136765 0
65723143321313 3198069 0
65714323223123 3429489 0
67132541133311 5568686 0
65732411333123 6846216 0
67145323133312 3508812 0
67215343333133 4336512 0
67154233323332 5189456 0
67234513332122 3204030 0
67231543323122 4091162 0
67231541323112 4076140 0
67245131313323 3332544 0
67245311133233 3994054 0
67254313311113 3312961 0
67245311112311 4941527 0
67254311131133 5350141 0
67312452233321 3408688 0
67312541121221 3311968 0
67312542221111 4226086 0
67321451111123 3197997 0
67321451112311 3435897 0
67321452111122 3325362 0
67321451311133 3575434 0
67321451212211 5570175 0
67321542232133 3531157 0
67321453113311 3728068 0
67341252222323 3752068 0
67342512222113 3790778 0
67345211111123 3191430 0
67345211111132 3443088 0
67345122232133 4773408 0
67345122223133 4947303 0
67345211113322 3217240 0
67345211112233 3317803 0
67345211211122 3566841 0
67345212111122 3223905 0
67345211311133 3515197 0
67345213111133 3793951 0
67354121111111 3682929 0
67354211212121 3622675 0
67354212111221 3668281 0
67354211333111 5272244 0
67354211313113 5292941 0
67354212212222 3441389 0
67354213211132 3436808 0
67354212311132 3479828 0
67354213131311 4041500 0
67354213111313 4235417 0
67412353332221 3110627 0
67354213313333 3460264 0
67412353132121 3995071 0
67435123123121 2896947 0
67435121332112 2883138 0
71234563231322 3843757 0
67412531131133 3806696 0
67452313321232 4093962 0
71263541333222 4869893 0
71264533131323 4951552 0
71263542323123 4917953 0
71326453132121 3124063 0
71326451211311 3195714 0
71264533221323 4887727 0
71264533231313 5213017 0
71264533231223 5720596 0
71345262132131 3604914 0
71362453113311 3795503 0
71326543333313 4627621 0
71423563213232 3608379 0
71423653213232 3379032 0
71426353312211 3600438 0
71365423331312 4383499 0
71426533333223 4071446 0
71432561323232 2833744 0
71432561232323 3630364 0
71432562111221 3385385 0
71432563323113 3052741 0
71432563332113 3074623 0
71432563323122 3274624 0
71432563232213 3602002 0
71435261322233 4217227 0
71435262222122 3823615 0
71435263311122 4180986 0
71435263211123 4472353 0
71452363213232 3298095 0
71435623333331 4193530 0
71435263333223 4299924 0
71435263333133 4259586 0
71436253333112 4607277 0
71453262222221 3526031 0
71452632222131 4404099 0
71453623311122 4801656 0
71456321322323 3335636 0
71456322111221 3492528 0
71462532121112 3722605 0
71462532111212 3604792 0
71462531113322 4185698 0
71462533221113 3667397 0
71463523331222 3751054 0
71462533111223 4479701 0
71532463221332 3636850 0
71523463131311 4771864 0
71534262122222 4599104 0
71523463331312 4707050 0
71523463231313 4937759 0
71543622111131 2994873 0
71543623111121 3330573 0
71542633132322 3542304 0
71562433123232 3416154 0
71563243221221 3845489 0
71546233331213 4571944 0
71546322231212 4740823 0
71625433213133 6140398 0
72134562312212 4337448 0
71643252231212 4665235 0
71643523331213 4794085 0
72136541322233 3212708 0
72143563222331 3258030 0
72143651121113 3263872 0
72143651131112 3474274 0
72143651213111 3159679 0
72143652111311 3165904 0
72143651312111 3107521 0
72143653111211 3150550 0
72145631233223 3108414 0
72145633232231 3119841 0
72146352232223 3720573 0
72145633312223 5029929 0
72163453133333 3758266 0
72163453121213 3887792 0
72163452122222 4619972 0
72163453131212 4394189 0
72165432111113 3338310 0
72165431113331 3209956 0
72164353131113 4516911 0
72163453331333 4627273 0
72165433111112 3137403 0
72165432323312 3228194 0
72165432211112 3647562 0
72165432111122 4439190 0
72165433221233 3302672 0
72165433121333 3465164 0
72165433321223 3069932 0
72165433233323 3568704 0
72345611221223 2734003 0
72345611133113 3003655 0
72165433331213 3382241 0
72345611111111 4359545 0
72345611222222 2964748 0
72345612331331 2709632 0
72345611331332 3202532 0
72345612122111 3421044 0
72345613221221 2888185 0
72356141232113 3237214 0
72356141112323 3502534 0
72345613333331 3647868 0
72356143211123 3099877 0
72361453232333 3112537 0
72365412222212 3407375 0
72361542333233 5567903 0
72365413131212 3542045 0
72365413331333 3611917 0
72365413121312 4846484 0
72435163333313 5115718 0
72513641232323 3234213 0
72516342313223 3515689 0
72513641233322 3770562 0
72531463321232 3861735 0
72541631111213 3303694 0
72541631112131 3438550 0
72541631111312 3673030 0
72534163211123 4025778 0
72541632131111 3156349 0
72541631113121 3572362 0
72541633121111 3914497 0
72543162311111 3012270 0
72543163211111 3347211 0
72543611221223 4440221 0
72543611223221 4650962 0
72543611331332 5250267 0
72543612331331 4463529 0
72543613133222 4593198 0
72543611332331 4715826 0
72543613132232 5685435 0
72546311323112 3120527 0
72543613221221 4799930 0
72543613322312 5477469 0
72543613223312 5298144 0
72546313323212 3485376 0
72561342313223 4686383 0
72561433221233 4935211 0
72561432213122 5562936 0
72563411111213 3253189 0
72561433321223 5225353 0
72561433321133 5292529 0
72561433311233 6347359 0
72563411111312 3194401 0
72563412131111 3165634 0
72563411112131 4389787 0
72563411113121 3487942 0
72563413121111 3121312 0
72643513212332 3053937 0
72643513212311 3284321 0
73125463133132 3663024 0
73146522113231 2967082 0
73516243323113 3139878 0
73246153312211 3167431 0
73456123231322 3617232 0
73516243332131 3348678 0
73542613132121 3067496 0
73542613132322 3129345 0
73542163321133 4214173 0
73541262321212 4192297 0
73564213321322 4058958 0
73614251112323 4159904 0
73615241112323 5526844 0
73615241113322 4529544 0
73615421113322 3255353 0
73615243123313 4164908 0
73615243331312 4193939 0
73615243213313 4305764 0
73615242223133 4407241 0
73615243332311 4343858 0
73615423213211 4323116 0
73615423333331 3427768 0
73625412222323 3551255 0
73625143121213 3461996 0
73625143333313 3615172 0
73625141112323 4070579 0
73624513332131 4986748 0
73642511111111 4673646 0
73624513121132 5549796 0
73642511113232 4025708 0
73645211223113 2882296 0
73645211321111 2882304 0
73645122222311 3793566 0
73645211231111 3682800 0
73645121113211 3967757 0
73642511113322 4012553 0
73642513223222 4385676 0
73645211332112 2998711 0
73645213112231 3112228 0
73654122221111 3222516 0
73645213333112 3303170 0
73651241113322 3481643 0
73652413211312 3724953 0
73652413331321 4183750 0
73654122111122 4630725 0
73654211111132 3810166 0
74123563323221 2982684 0
74125631313311 3151297 0
74123653133231 4415418 0
74123653133222 4793463 0
74123652322121 4648895 0
74123653133132 4839363 0
74123653132232 5948550 0
74125632121121 3295131 0
74125632122111 3052023 0
74125632131111 3148413 0
74125633132232 2730158 0
74125633131233 3000179 0
74125632321332 3059297 0
74125633133222 2887505 0
74125633121111 3851835 0
74125633133312 3841262 0
74125633332323 3605211 0
74126352333122 4263699 0
74132562122111 3484879 0
74132563132112 3504233 0
74132562121121 3722488 0
74132561321231 4007432 0
74136522322121 4348289 0
74132563131221 4296287 0
74152363133132 4304706 0
74152363132232 4276482 0
74156323132331 3155136 0
74156322122123 3256172 0
74156322122321 3336053 0
74156322313223 3343917 0
74152363133231 4296009 0
74152363133222 4862748 0
74156323133123 3256854 0
74163251121122 3615774 0
74163253133132 2968988 0
74163253131332 3013106 0
74163253133213 3215930 0
74163252112211 3350301 0
74163253121111 3585207 0
74163252131111 3611127 0
74163253133231 3064145 0
74163253332323 3284823 0
74165231212121 5410337 0
74165232121112 5369336 0
74165231131313 5344572 0
74165231313131 5579709 0
74165232111212 5644451 0
74165231121212 5681807 0
74165232121211 5436671 0
74165233111313 5874174 0
74213652323132 3115604 0
74165233131113 5389083 0
74165233131323 5417104 0
74165233132313 5832154 0
74165233231313 5836144 0
74165233131311 5718513 0
74251633111313 4266897 0
74256311321222 5937699 0
74256313111232 6903660 0
74312652333332 3578414 0
74265312333233 3582831 0
74321563311131 3836237 0
74321653233323 3903823 0
74325163131323 4169518 0
74325612221222 3397124 0
74325613121312 4328822 0
74365211213111 3086559 0
74361253211231 3005627 0
74365211121221 3275475 0
74325613131212 3401540 0
74325613133333 3649363 0
74361253112132 4114631 0
74365211312111 3045537 0
74365211313113 3371803 0
74365212333332 3043656 0
74365212111311 3109134 0
74365212222323 3198500 0
74365213121333 3172958 0
74365211333111 3358456 0
74365213111211 3256365 0
74512362313223 3094511 0
74512361322233 4141412 0
74521632222212 4157870 0
74521633121312 4294799 0
74521633121213 4667669 0
74521633333313 4245232 0
74521633133333 4745293 0
74513263121222 6317130 0
74523611121113 3259048 0
74523611131112 3374293 0
74523611312111 3161410 0
74523613111211 3152233 0
74523611213111 3328045 0
74561231111222 3319986 0
74523612111311 3288883 0
74532163123223 3781687 0
74561232111113 3370419 0
74561232221111 3736518 0
74561233321133 3233156 0
74561233311233 3279779 0
74561233131233 3273125 0
74561233111112 3642264 0
74561233233323 3855636 0
74561233321313 3942794 0
74563211232332 3248796 0
74653213133222 3819531 0
75234161322233 3245855 0
75213642223133 3621274 0
75132463233233 3789440 0
75146321323331 4179064 0
75143263231313 4598104 0
75231463211123 5253180 0
75236143213232 3032715 0
75234162221111 4289325 0
75243613213232 2922996 0
75243611113232 3349400 0
75241632222323 3717186 0
75246131333312 4110829 0
75243162211322 6343188 0
75246313212311 3457109 0
75246313312211 3359303 0
75246311111111 7762167 0
75264132223331 3115011 0
75246313332332 3361039 0
75261432123233 3828471 0
75264132121232 3977945 0
75264133331213 3410451 0
75264133121333 3364110 0
75264311223122 3642033 0
75264132321212 4182740 0
75314621133221 2723605 0
75264313231112 4179687 0
75312463333133 4298251 0
75314621313212 5939449 0
75321463132121 3016579 0
75314623113122 3062011 0
75321461311112 3330966 0
75316241231231 4295816 0
75346122133133 3833940 0
75346211133122 3195034 0
75346211311211 3011847 0
75346211211311 4057932 0
75346213132121 3013285 0
75346213112132 2885281 0
75346213132322 3039449 0
75346212323333 3848235 0
75412631223332 2782646 0
75346213332122 3227909 0
75416323232213 3726834 0
75431263133213 4258569 0
75634123323122 3357669 0
75613243133213 3502362 0
75613243131332 4306173 0
75462132123212 5632626 0
75642132213311 3069028 0
75641323232111 3174598 0
76123453233323 3278731 0
76125343333133 4354229 0
76143252131312 3617681 0
76143252221222 3678566 0
76143253131212 3724766 0
76143253331333 3449509 0
76145231131112 3308544 0
76145231121113 3061272 0
76143253333313 4837723 0
76145231122112 5304936 0
76145231311331 2983585 0
76145232123332 3198152 0
76145232233213 3954803 0
76145231221112 5295435 0
76145232331313 3077021 0
76145233232333 3106251 0
76145232332213 4091495 0
76145233133213 3268958 0
76213543311332 3684283 0
76154323333112 3807547 0
76213543213133 3927781 0
76215341231231 3542630 0
76245311131121 2931399 0
76245311121131 3253233 0
76231451123111 3352080 0
76215433333133 4192934 0
76245313123121 3102859 0
76245311213312 3100210 0
76245313122122 3080839 0
76245312132131 3165388 0
76253141123132 2871115 0
76253141211332 2816221 0
76253413322312 3880443 0
76254133311323 6201151 0
76312453211111 3350082 0
76312453311311 3682642 0
76254313211111 5519530 0
76312452212111 5726952 0
76312542322121 3375446 0
76312542321212 3595256 0
76312543322222 4468866 0
76315241112113 3526764 0
76315241223113 2945785 0
76315241113112 3023136 0
76315241323313 3286370 0
76315241322122 3118678 0
76315243211231 2860183 0
76315241332112 3009232 0
76315243323323 3438156 0
76321452122123 4919580 0
76321452122333 4915198 0
76321452122321 5020779 0
76321452212231 4763202 0
76321452213122 5000586 0
76321453233131 5229994 0
76321452123323 5703016 0
76321453311233 5970670 0
76321453321133 4983271 0
76321453323311 5724472 0
76321453313312 5613586 0
76321543211111 3189534 0
76324151112233 3272816 0
76321543311131 3523363 0
76324151112323 3951155 0
76321542211112 4747773 0
76324153323122 3237771 0
76325411111213 3383313 0
76325411111312 4175445 0
76325411112131 3090039 0
76325411122121 3347964 0
76325411113121 3389214 0
76325411331311 3608251 0
76325412112121 4204566 0
76325413222223 3326861 0
76325412231212 3611560 0
76325412333233 3591546 0
76341251111213 3300249 0
76341251113121 3331653 0
76341251221121 3493506 0
76341251112131 3633600 0
76341251111312 4115613 0
76341252232313 3265586 0
76341251311313 3346312 0
76341252323333 3581121 0
76342511111231 2798520 0
76342511323112 2958196 0
76341253233131 2967296 0
76342511111321 3597702 0
76341253221212 3686134 0
76342512232223 3543317 0
76342513213112 4307404 0
76342513322111 4483534 0
76342513323122 3130946 0
76345122213311 3086071 0
76342513323212 3372359 0
76345122211121 3692757 0
76345122211112 4606980 0
76345123211111 3143754 0
76345123311113 3631813 0
76345122311111 3726378 0
76351421113322 3174869 0
76345123312211 2957971 0
76345123311131 3466093 0
76351423321232 3352137 0
76351421112323 4262492 0
76354121311313 3357890 0
76354121122121 3293065 0
76354121121212 3921694 0
76354122212222 3414524 0
76354122112121 3578455 0
76354123211123 3657707 0
76354121313131 3697763 0
76354122111212 4299358 0
76354212213323 3394460 0
76354123211132 3179975 0
76354123313333 3732532 0
76354213222223 3354404 0
76354213312223 3146114 0
76354212312233 3490487 0
76354212333332 3419784 0
76354212313322 3718385 0
76421351131121 2717763 0
76512343332311 5441161 0
76512343213313 5455147 0
76521433232333 3243661 0
76523413223231 3424353 0
76514321232113 3351922 0
76514321112323 3631312 0
76524313331222 4234887 0
76541232221222 3433088 0
76541233121213 3541082 0
76541232131213 5584925 0
76543211223221 3050464 0
76543211212112 3753876 0
76541233331333 3813139 0
76541233333313 4314280 0
76543211111111 7299794 0
76543211332331 3045920 0
76543212132323 3352376 0
76543211333333 3364830 0
76543213113131 3329761 0
76543212323213 3306764 0
76543212222221 3219964 0
