12345672121232 7773 0
12345672123212 6265 0
12345672321212 6293 0
12345673131323 6160 0
12345673132313 7339 0
12345673231313 7294 0
12345761111111 3592 0
12346571111231 3477 0
12346751113133 6767 0
12347561112212 7587 0
12347651111111 3068 0
12347651122112 5752 0
12347651133311 6263 0
12347652111221 5282 0
12347652123233 6098 0
12347652123332 6098 0
12347652223232 4200 0
12347653111133 6389 0
12347653132223 5769 0
12347653132322 5616 0
12347653332323 4268 0
12354671111111 3459 0
12354761112323 3027 0
12354762121112 6561 0
12354762121211 6802 0
12354762311123 5510 0
12354763131131 5074 0
12354763133111 5245 0
12354763211123 3530 0
12356471113133 6912 0
12356741133131 4100 0
12356741313131 5355 0
12356743113131 5596 0
12357461111222 5942 0
12357461113331 5243 0
12357462211112 5303 0
12357641113331 6415 0
12364571112212 6525 0
12364751112212 6242 0
12364751113133 5525 0
12364753311131 4934 0
12365471111111 5354 0
12365471211122 6693 0
12365471313113 4985 0
12365472223232 4477 0
12365472321233 6375 0
12365473232312 6728 0
12365473332323 4627 0
12365741113331 6982 0
12367451123333 3527 0
12367451132222 3555 0
12367451213333 4400 0
12367451312222 3640 0
12367452113333 3904 0
12367453112222 3636 0
12367541112212 6172 0
12367541113331 5207 0
12367541331131 5061 0
12374561121212 5940 0
12374561211212 6137 0
12374562111212 3981 0
12374651111222 6813 0
12375461111222 6525 0
12375641113112 3847 0
12376451111222 6081 0
12376451113133 5166 0
12376451221211 4920 0
12376541112323 4377 0
12376541232233 4418 0
12376541322233 3677 0
12376542121232 5194 0
12376542123212 5088 0
12376543133132 6354 0
12376543133231 5904 0
12456731132321 7618 0
12456731233223 6301 0
12456733223321 5831 0
12463751231231 6406 0
12467351131121 3506 0
12467351231321 5053 0
12473561132123 6566 0
12536741112323 4911 0
12537461332112 6113 0
12543671111111 2945 0
12543671211212 5523 0
12543671331113 5231 0
12543672121121 5397 0
12543672321332 6194 0
12543672322232 4262 0
12543672331232 6194 0
12543673111331 5127 0
12543673221323 5710 0
12543673231223 5868 0
12543673233323 4291 0
12546371221331 6667 0
12563472131213 3980 0
12563473131212 4148 0
12564733323122 6293 0
12567433232333 4613 0
12576343212221 6891 0
12637451132111 10747 0
12637451332112 9964 0
12643571321321 6303 0
12645371131121 3734 0
12673542331133 10431 0
12734561112323 4942 0
12734561322233 8269 0
12734562313223 11763 0
12745631111111 3189 0
12745632111122 5394 0
12745632212213 7943 0
12745632222221 7160 0
12745632232211 7692 0
12745633131131 6164 0
12745633313312 7539 0
12745633313333 6463 0
12745633323311 7887 0
12753462231323 6405 0
12763452322232 4429 0
12765432121313 4062 0
12765432222212 4132 0
12765433121213 4121 0
12765433331333 4687 0
13245671321111 3618 0
13246571111111 2908 0
13246571112233 3629 0
13246571113232 5385 0
13246572321332 6899 0
13246572331232 6653 0
13246573221233 5179 0
13246573321223 5342 0
13246752133211 6781 0
13247563212131 11058 0
13254761322233 5869 0
13254761323322 7253 0
13254762321233 5531 0
13254763323122 6551 0
13257641112233 9638 0
13265741112323 4642 0
13265742131312 7155 0
13267451122211 5263 0
13267451311133 4632 0
13267541111132 9611 0
13267541232212 6124 0
13274651112323 4719 0
13275461112233 10969 0
13275463213211 6721 0
13275641112233 4754 0
13275641112323 4328 0
13275642131333 9459 0
13275643212221 8391 0
13276451113211 8262 0
13276451233133 6550 0
13276541133122 11927 0
13276541213312 10240 0
13276541321123 11853 0
13276541322311 10090 0
13276541323112 6723 0
13276541323322 7580 0
13276542323312 6628 0
13276543323122 6560 0
13462571111111 5558 0
13462572213311 12400 0
13527461211113 6211 0
13542671231231 6346 0
13546271213213 4954 0
13546271231231 5547 0
13546271321321 6265 0
13572641122133 4950 0
13576241312213 9292 0
13576241321321 6047 0
13627451332112 7691 0
13642571221223 5620 0
13642571223221 5232 0
13642573221221 4117 0
13645271221331 6494 0
13647521111111 10395 0
13675241112323 8015 0
13675242331313 5519 0
13725642332132 5709 0
13754262123323 10472 0
13762451321321 6352 0
13764251211311 4235 0
13764252323231 4948 0
13765422121211 7407 0
14263751131121 4693 0
14267351321321 6164 0
14275633323122 5654 0
14325671111111 5326 0
14325672112121 5375 0
14325672231323 6632 0
14325672323222 4594 0
14325673123232 6356 0
14325673232333 4525 0
14325673311131 6321 0
14327652131213 4271 0
14327653121213 3888 0
14352672212111 6708 0
14356721112323 5532 0
14356721322233 12307 0
14367252322232 5025 0
14367523311113 6268 0
14523672121313 4322 0
14523673121312 4198 0
14527631121311 4278 0
14527631131211 4095 0
14527631133311 5968 0
14527631211131 4657 0
14527631311121 4911 0
14527632122213 7435 0
14527632212111 7577 0
14527632333332 6109 0
14527633132322 5032 0
14527633312133 7805 0
14536273311311 6335 0
14537622231323 7275 0
14563272323222 5043 0
14567231312213 11721 0
14567231321123 10115 0
14573261333111 6368 0
14625731111111 10329 0
14625731131121 3987 0
14625731322233 10487 0
14625732112121 6264 0
14625732113321 6828 0
14625732213323 6397 0
14625732233111 6262 0
14625733133111 6973 0
14632571111111 8061 0
14632571321132 7286 0
14652733321331 5851 0
14673251111111 6313 0
14723651111213 4347 0
14723651111312 4442 0
14723651112131 4479 0
14723651113121 4755 0
14723651211212 6189 0
14723652322121 8230 0
14723652331232 5252 0
14723653232222 6104 0
14723653313111 7144 0
14723653321313 7788 0
14725361111111 3872 0
14725361111123 10370 0
14725361322332 11101 0
14725362211121 6529 0
14725363211213 7251 0
14725363213121 6299 0
14725363223213 6089 0
14725363311113 6311 0
14726531223122 7387 0
14726531232122 6249 0
14726531233313 7234 0
14726531333312 6299 0
14726532232313 6880 0
14726533323122 6357 0
14735621221112 6599 0
14735621223113 6253 0
14735621223332 11044 0
14735621233112 7493 0
14735621323112 6838 0
14735621332112 6701 0
14735621333111 6075 0
14735621333222 10546 0
14736251111132 5940 0
14736251112332 7415 0
14736253222223 5859 0
14736521132222 5521 0
14736521133131 6208 0
14736521211212 6648 0
14736521213333 5724 0
14736521221313 7070 0
14736521321231 3878 0
14736521322233 3310 0
14736521332121 5602 0
14736523112222 5601 0
14736523113131 6595 0
14752363222121 6199 0
14752363232222 6044 0
14752363233131 5097 0
14752631111111 3933 0
14752631112311 10308 0
14752631323223 11769 0
14752632332132 6344 0
14752633213223 6083 0
14752633222223 6633 0
14752633223123 6495 0
14752633223231 11203 0
14753261221112 6382 0
14753261323112 6636 0
14753261333111 5529 0
14762351221331 5894 0
14762351321231 5722 0
14762351331221 5313 0
14763251221223 3963 0
14763251222312 5211 0
14763251332331 5596 0
14763251333123 3740 0
14763252322121 3676 0
14763253132232 3717 0
14763253133132 4313 0
14763253133222 4184 0
14763253133231 3754 0
14763253221221 4002 0
14763253222112 3878 0
14763521113211 6441 0
14763521113223 7682 0
14763523222331 5113 0
14765231111213 4531 0
14765231111312 5092 0
14765231112131 4383 0
14765231113121 4179 0
14765231133131 5926 0
14765232211211 7074 0
14765232232322 6530 0
14765232331313 8013 0
14765233113131 6006 0
14765233323332 5230 0
15236471111111 8770 0
15236473231121 5805 0
15243671331221 6664 0
15246371331332 3873 0
15246371332331 6158 0
15246372331331 5824 0
15267431223113 6061 0
15273641112323 10645 0
15324673113311 6322 0
15342671211311 3359 0
15346271321321 6586 0
15367421211113 10797 0
15367421223113 10374 0
15367423211123 9201 0
15426371111111 5152 0
15426371112233 11839 0
15463271313113 6349 0
15624732123212 6453 0
15624732133313 5514 0
15624732333332 5096 0
15627431223113 5349 0
15627431322113 6175 0
15627431332112 6794 0
15634722123332 4726 0
15634722321233 5839 0
15637423211123 4135 0
15642371111111 4257 0
15642372213311 3705 0
15642372231332 5220 0
15642372331322 5113 0
15642373212311 4293 0
15642373221323 6002 0
15642373231223 6447 0
15643271221331 5093 0
15643271331221 6058 0
15643273223111 5163 0
15647233213232 6317 0
15672341113232 4837 0
15672341323112 6647 0
15672342323312 7128 0
15672343213232 5316 0
15672433312133 12519 0
15724362212132 6539 0
15724631111111 10408 0
15724631211311 3765 0
15724631322233 9892 0
15724632123233 6499 0
15724632313223 11651 0
15724632323231 5806 0
15724632323333 6486 0
15724633132322 6997 0
15734622331223 5529 0
15746321111111 9187 0
15746321323211 7699 0
15746322313112 8073 0
15762342122213 8387 0
15763241111111 7895 0
15763242323132 7221 0
16243571132132 5324 0
16243571231231 5967 0
16243571321321 5267 0
16245371231231 6487 0
16254733312223 8318 0
16257431132111 7372 0
16257433223123 6732 0
16273541122133 6644 0
16273541321321 6262 0
16275341312213 4527 0
16275343122221 7681 0
16327453232333 4870 0
16342571331221 6494 0
16345271111111 5231 0
16345271133131 5018 0
16345271222111 5423 0
16345272322232 4576 0
16345272333212 6260 0
16345273122323 6747 0
16345273233323 4647 0
16347252131312 4314 0
16347253121312 4294 0
16357421223113 6509 0
16374521112323 5062 0
16374523211123 11820 0
16423572112121 7942 0
16427531211311 7412 0
16427531231321 6219 0
16427532333233 5822 0
16453271111111 10887 0
16453271211113 9216 0
16453272111131 10258 0
16475233132313 8377 0
16523473332323 4967 0
16523741112212 6522 0
16524731112212 5648 0
16524731112233 5563 0
16524731113133 5293 0
16527341111111 4226 0
16527431123333 3758 0
16527431222132 4394 0
16527431312222 5384 0
16527431333213 3468 0
16527432113333 3555 0
16527432211322 4564 0
16527432231122 3974 0
16527432231332 4431 0
16527432331322 3797 0
16527432333113 3628 0
16527433312133 4395 0
16532471111222 6431 0
16534271111111 3404 0
16534271111132 4618 0
16534273211111 5023 0
16534723211123 5235 0
16537421111222 5835 0
16537421113322 6061 0
16537421113331 5098 0
16537421223113 6939 0
16537421233112 7166 0
16537421332112 5628 0
16542371221331 5969 0
16542371331221 5051 0
16542372112331 5021 0
16543271221223 3655 0
16543271223221 3525 0
16543271331332 3794 0
16543271332331 4419 0
16543272331331 3413 0
16543273221221 3569 0
16543721111111 3455 0
16543721113211 4643 0
16547233332323 4301 0
16547321113331 6489 0
16572431111111 4706 0
16572433213223 5216 0
16573241123123 4973 0
16573241312312 5141 0
16574231113133 6272 0
16723451122133 9757 0
16723451322311 9610 0
16725431121311 4373 0
16725431131211 4441 0
16725431211122 5831 0
16725431211131 4250 0
16725431311121 4076 0
16725432211121 5426 0
16725432232223 5383 0
16725433113311 7201 0
16725433122212 6438 0
16725433333232 6373 0
16735242122213 10687 0
16742352232313 6547 0
16743252323222 4559 0
16745232121313 4057 0
16745232122222 5198 0
16745233121213 5126 0
16745233333313 4045 0
16753241221112 8364 0
17246351111111 5276 0
17265433111313 10546 0
17324561211323 8673 0
17324561232332 5791 0
17326452212111 6341 0
17356241212313 7964 0
17356242211331 7403 0
17362451211311 3311 0
17362451231321 5137 0
17362452213311 4741 0
17364251231231 6668 0
17423653213232 6560 0
17425631122112 6585 0
17425631223113 6635 0
17425631313113 6077 0
17425631322113 6601 0
17425631322332 11108 0
17425631323112 6625 0
17425631323223 10632 0
17425631332112 6300 0
17426531112233 3646 0
17426531121212 5453 0
17426531132312 5691 0
17426531213123 5874 0
17426531223221 5744 0
17426531232233 5720 0
17426531313131 5153 0
17426531331332 6097 0
17426532121211 5280 0
17426532331331 6607 0
17435622211133 4346 0
17435623211123 4623 0
17436521323232 3786 0
17452363213232 5239 0
17452363322132 5017 0
17452633213232 6602 0
17453262211133 5386 0
17462352213311 5362 0
17463251122112 6362 0
17463251221331 5199 0
17463251313113 5574 0
17463251321231 5392 0
17463251323112 6549 0
17463251331221 5573 0
17526431131121 8051 0
17526431231321 6687 0
17526432123233 5939 0
17543261111111 9708 0
17543261132111 7026 0
17642531111111 5214 0
17642531112233 9007 0
17642533312211 8974 0
17643251122112 6564 0
21345671111111 3831 0
21345762223322 9583 0
21345762312323 4452 0
21345762313223 4732 0
21345763332233 8297 0
21346752313322 4921 0
21347562312323 10548 0
21354671122112 4987 0
21354671131313 6468 0
21354671221112 5101 0
21354672311123 4389 0
21354672311132 3578 0
21354672313211 4353 0
21354673131113 6020 0
21354761112233 10151 0
21354761112311 5827 0
21354761113211 5821 0
21354761113322 11827 0
21354761122211 6535 0
21354761133311 6674 0
21354762213311 11759 0
21354763312211 9998 0
21357462311111 6547 0
21357463213331 6151 0
21357642221132 11049 0
21364752311111 9192 0
21364753212212 5665 0
21365742221312 5502 0
21365742312323 7921 0
21367451311331 5041 0
21367452112112 4867 0
21374653333121 6789 0
21375462312233 4503 0
21375463333211 7801 0
21376541111123 4738 0
21376541112311 7500 0
21376541122211 7105 0
21376541131133 5434 0
21457631321123 6070 0
21473563331312 7451 0
21536742222131 8062 0
21654372231323 5417 0
21654372233321 4856 0
21654373332122 7013 0
21654373332221 7398 0
21734652123131 11891 0
23147562123131 4517 0
23147651112323 7831 0
23147652312323 5832 0
23156471222132 5191 0
23156471333132 5573 0
23156473323332 6549 0
23157461231333 10782 0
23157462131123 10498 0
23164573213133 6113 0
23164752131312 6354 0
23164753333313 7042 0
23165471111111 4009 0
23165471311133 7064 0
23165471312132 6283 0
23165472111122 6352 0
23165472111332 6846 0
23165472132332 6415 0
23165472311111 10352 0
23165473233221 10588 0
23165741112323 4524 0
23165741231312 10898 0
23165742123131 3471 0
23165742131321 9130 0
23165742131333 8791 0
23165742312323 4559 0
23165743331312 10327 0
23167541233322 6160 0
23167542131222 6124 0
23174652123131 4134 0
23175463211222 6843 0
23176452132221 7110 0
23176453332233 7233 0
23416752121211 10535 0
23417563232123 7680 0
23456173212332 5862 0
23456173233122 4743 0
23456713212332 6531 0
23475162121112 8024 0
23517462131333 8360 0
23576412233321 8474 0
23576412312323 8477 0
23657142121112 7037 0
23671452122333 9914 0
23674153232321 4727 0
23751461132123 6651 0
23751463112321 5834 0
23756143222331 6721 0
23756411222312 4078 0
23756413222112 6016 0
23756413223312 5730 0
23756413322312 3859 0
24153672321233 6606 0
24157361313212 6340 0
24157362323111 6362 0
24167353132232 7434 0
24173652323231 4618 0
24315673311311 6547 0
24315761122322 7066 0
24315762213323 4766 0
24351671212211 6154 0
24351673111133 5181 0
24351673311311 5194 0
24351761111123 9726 0
24351761212232 5704 0
24367511323112 6413 0
24367513111121 7866 0
24376512222122 8372 0
24516732233111 4517 0
24531673123121 6204 0
24536713231232 6100 0
24537613231322 5218 0
24561372111131 6198 0
24563711121212 8054 0
24563712121232 7984 0
24563713121222 8678 0
24571362221213 8438 0
24571631121212 11719 0
24615371112332 5404 0
24615372213311 8035 0
24615731122313 10442 0
24615731132333 10805 0
24615732111323 8901 0
24615732213311 4528 0
24615732233321 4649 0
24615733113323 9033 0
24615733311122 3591 0
24617532233321 8192 0
24637512311132 4281 0
24651731113223 6033 0
24651731333333 6276 0
24715363311332 6206 0
24715631111111 11458 0
24715631122121 6184 0
24715631122133 6790 0
24715632313223 10938 0
24715633112111 3815 0
24715633131131 6168 0
24716532323231 6653 0
24731561111111 10829 0
24731562311231 6512 0
24736512222332 10876 0
24751362221231 11319 0
24751362321113 11219 0
24761531221223 7420 0
24763151111111 6392 0
24765313222112 8937 0
25134672233321 8890 0
25134672312323 8854 0
25134672313211 5243 0
25137461111111 6123 0
25137461211323 5505 0
25163741112323 8289 0
25314673111313 4003 0
25314673111331 5325 0
25314673131311 5498 0
25341673113311 7119 0
25341762313223 9755 0
25364172311231 8086 0
25364173223231 7381 0
25367411211122 6407 0
25413672323111 10420 0
25413763121222 7216 0
25436711311313 6397 0
25436712123122 6394 0
25436712123332 6265 0
25436712132122 7178 0
25436712323231 10357 0
25436713232321 3875 0
25436713332122 6176 0
25463713212332 6527 0
25471362323132 6116 0
25471631312213 8969 0
25631741212121 7335 0
25634713321232 6672 0
25641371213132 10121 0
25714632123131 3541 0
25714632223331 4395 0
25714632313211 3095 0
25714633121333 7273 0
25716431212223 7806 0
25716433223213 8047 0
25731642232211 10033 0
25734162221111 6228 0
25734613113323 7472 0
25736141111123 5949 0
25736141233232 5503 0
25736411133113 6344 0
25736411231321 4090 0
25736411321312 5616 0
25736411331113 6477 0
25736413123112 5964 0
25741361232113 4236 0
25741632222323 5385 0
25741632312323 4858 0
25743611233232 6555 0
25763142223133 4371 0
25763411332322 6455 0
26135742132221 6904 0
26135742213323 4764 0
26135742332312 6972 0
26153471122121 6899 0
26153473131131 5450 0
26153473132121 6669 0
26154372332213 12395 0
26175432331133 8017 0
26317451212211 6082 0
26345711223113 5948 0
26371453112111 4135 0
26415731322323 5389 0
26415732121223 5504 0
26415732233321 8026 0
26435712222122 8754 0
26435712233321 6078 0
26435712311132 3300 0
26435712322322 9139 0
26435713311122 4406 0
26435713333133 9397 0
26437512122312 6119 0
26453172211133 4231 0
26453711333333 5794 0
26513471122121 6596 0
26517343333313 10007 0
26534713333313 6638 0
26543171111111 10840 0
26543171123111 9843 0
26547313131323 7126 0
26573413331312 10146 0
26714531212133 11464 0
26714532121133 11015 0
26715433231322 6513 0
26741351232113 7293 0
26743512121232 7039 0
27134561131133 6187 0
27154632311132 11740 0
27314652313211 5035 0
27365412321212 10497 0
27415363131113 8141 0
27415632323231 6837 0
27415633321322 5942 0
27416532133232 4988 0
27416533321232 5999 0
27435612122222 6444 0
27453161123111 7311 0
27453161132111 7314 0
27456133132223 6365 0
27516341111111 4747 0
27534161111111 3580 0
27534161111123 6440 0
27534162311111 4745 0
27534612311132 4318 0
27536412332312 8243 0
27543611111123 4678 0
27543611111132 4547 0
27546312231122 10011 0
27613543333133 8511 0
27614353311332 8203 0
27615431312333 7091 0
27615432113321 4738 0
27615433313213 7022 0
27634511131133 5478 0
27634512233321 5855 0
27643513311233 10150 0
31246753312211 5477 0
31247651113232 6231 0
31247651323232 8068 0
31256471231222 6373 0
31257462222221 5789 0
31257462312311 5906 0
31257643311122 4334 0
31264572122213 5759 0
31264573132313 6059 0
31264573222223 4972 0
31264752132122 6734 0
31264752313121 7174 0
31265471111111 10468 0
31265471122112 6547 0
31265471122133 6392 0
31265471312213 7349 0
31265471313113 6332 0
31265471321111 3897 0
31265472233321 10983 0
31265472312233 6187 0
31265741233331 5576 0
31267542222233 10211 0
31267542313133 11572 0
31275461112233 4575 0
31275461322233 4482 0
31275462133211 8486 0
31275462223211 8010 0
31275462311213 10091 0
31275462312212 9320 0
31275463311122 3370 0
31276452133322 6626 0
31276452313313 6547 0
31452671323211 9215 0
31452671332232 7956 0
31452672322331 7796 0
31456722111221 8060 0
31462751111111 5037 0
31462751113322 8813 0
31475261322233 12451 0
31475262331313 6842 0
31475262333221 5881 0
31524673332122 6066 0
31527643332122 7321 0
31564272212111 5990 0
31564272213311 5740 0
31564273113311 5415 0
31572461122133 4805 0
31624751112233 8379 0
31624753312211 8382 0
31627452221333 8827 0
31654272313322 8273 0
31754621331122 7858 0
31765242322121 8829 0
32145671111111 3212 0
32145671123333 7555 0
32145671132222 8036 0
32145671221112 5401 0
32145671333333 6481 0
32145672113333 7901 0
32145672212222 7181 0
32145673112222 7793 0
32145673311113 5533 0
32146751232323 7498 0
32146752232223 5570 0
32147562313223 5825 0
32147562333233 5616 0
32147651123333 3808 0
32147651132222 4251 0
32147651213333 4557 0
32147651312222 4220 0
32147652113333 4448 0
32147652231332 3630 0
32147652233213 4371 0
32147652331322 3655 0
32147652332213 4243 0
32147653112222 3789 0
32156471111111 3789 0
32156471113211 10436 0
32156471232332 11742 0
32156472312332 6050 0
32156472332132 6368 0
32156472332321 9990 0
32156472333332 6591 0
32156473223123 6887 0
32156741112323 3123 0
32156742311123 4414 0
32156742313223 3642 0
32156742333131 5971 0
32157641232323 4745 0
32157642231323 5394 0
32164571111111 10406 0
32164571111231 3955 0
32164571232323 7688 0
32164572232223 6380 0
32164572232313 6652 0
32164572233321 11651 0
32164572312323 11079 0
32164573323212 6231 0
32165741111111 3834 0
32165741111132 11484 0
32165741233223 11032 0
32165742211112 6282 0
32165742331112 6808 0
32165743311131 6261 0
32167451111111 5220 0
32167451213333 8296 0
32167451222222 7997 0
32167451312222 7738 0
32167451333111 4989 0
32167452211121 5447 0
32167453222313 7338 0
32167453313333 7591 0
32167453321232 6934 0
32174561112323 4419 0
32174561232113 4265 0
32174561232233 5554 0
32174562231212 5723 0
32174652312332 6249 0
32174652332132 6301 0
32175461111111 9986 0
32175461113112 3857 0
32175461221112 6444 0
32175461333111 6961 0
32175462233111 7361 0
32175462312323 11768 0
32416753121222 8407 0
32417562113321 8576 0
32417652132131 6633 0
32417653132121 6581 0
32451762331121 8198 0
32456173212332 6007 0
32456711233133 9751 0
32465172112121 6350 0
32465172132131 6622 0
32465172133121 6358 0
32465172332321 11061 0
32465173123121 6099 0
32465173132121 5992 0
32465173133111 6786 0
32465173233221 10563 0
32475161232323 8530 0
32475163331222 6528 0
32476513232231 7953 0
32517463131311 10533 0
32546713323212 6511 0
32547611121113 4235 0
32547611131112 4687 0
32547611213111 5243 0
32547611312111 5029 0
32547612111311 4678 0
32547613111211 4403 0
32561471113133 7027 0
32561471121311 4080 0
32561471122211 6208 0
32561471131211 4364 0
32561471211131 4637 0
32561471311121 4359 0
32561472133313 7878 0
32561472213122 8105 0
32561473222223 6130 0
32561473323212 5435 0
32567412122222 5048 0
32567412131312 4420 0
32567412222212 4263 0
32567413131212 4977 0
32567413133333 4071 0
32576142313223 11927 0
32615473332122 5864 0
32647152133121 5181 0
32647153132121 5050 0
32647512333233 6624 0
32657143121213 10131 0
32657412111212 7339 0
32671453123313 9362 0
32674152113333 10121 0
32714652332132 7699 0
32716452123212 11108 0
32741651121311 4583 0
32741651131211 4301 0
32741651211131 4937 0
32741651311121 5148 0
32741652111113 4596 0
32741653111112 4133 0
32745611223332 9821 0
32745612313322 9802 0
32745612322331 9706 0
32751643321232 6125 0
32754163211123 12517 0
32756141233121 7568 0
32761452121313 5070 0
32761452122222 3963 0
32761452222212 4199 0
32761453121312 4008 0
32761453133333 3965 0
32765411112221 6183 0
32765411121113 4181 0
32765411131112 4326 0
32765411133113 5657 0
32765411331113 6029 0
32765412221312 6376 0
32765412323222 4556 0
32765413122212 7426 0
32765413223312 7711 0
32765413231223 6514 0
32765413322312 8152 0
34125672131213 5154 0
34125672131312 3937 0
34125672221222 5075 0
34125673133333 4139 0
34127651121113 4838 0
34127651131112 4949 0
34127651213111 4469 0
34127651312111 4305 0
34127652111311 4919 0
34127653111211 5003 0
34162752132212 8228 0
34165271112212 6951 0
34165271121311 4972 0
34165271131211 4409 0
34165271211131 4372 0
34165271311121 4121 0
34165271311133 6030 0
34165272323333 5958 0
34165273133312 8103 0
34165273222322 6627 0
34165273311131 5947 0
34167252213323 9587 0
34172562132332 7285 0
34172562313331 6936 0
34175263321232 6595 0
34216572213122 10354 0
34261572132131 6264 0
34261572133121 6125 0
34261573123121 5409 0
34265712212132 9006 0
34275161312213 4801 0
34275162112322 6300 0
34275162213221 6344 0
34516271111111 4269 0
34516272312332 5103 0
34516722313223 5419 0
34517622231323 5296 0
34521672223232 4434 0
34526713232312 4638 0
34527612211322 4349 0
34527612231122 4454 0
34527612231332 3899 0
34527612331322 3650 0
34527613312133 3637 0
34561272122123 3898 0
34561272122321 5232 0
34561272212213 4016 0
34561272213122 3774 0
34561272232211 3989 0
34561273221233 4278 0
34561273233131 3748 0
34561273311233 3846 0
34561273313321 5623 0
34561273321133 4408 0
34561273321223 3817 0
34561721111111 4026 0
34562171321111 7548 0
34562171321231 5964 0
34562172232313 5880 0
34567212223232 5106 0
34617252111212 8100 0
34617252123212 8591 0
34617252132212 8029 0
34617522221333 6230 0
34621572132131 7630 0
34625172111212 11033 0
34627512232313 6425 0
34651271123111 7774 0
34651272332132 7052 0
34675212222122 8922 0
34715262221123 8791 0
34716522223211 7306 0
34721652121313 4543 0
34721652131213 4880 0
34721652221222 4240 0
34721652222212 4953 0
34721653333313 3971 0
34725611212211 6303 0
34725612111113 4233 0
34725612121322 6498 0
34725612231212 7549 0
34725612231332 8136 0
34725612322232 4526 0
34725612331322 7695 0
34725613111112 4328 0
34725613111133 5932 0
34725613132223 4992 0
34725613311113 5566 0
34761252323222 5231 0
35126741232212 9712 0
35126742231233 10507 0
35127462331331 8812 0
35162472122231 7273 0
35162472123233 6452 0
35162473122221 6136 0
35162473323131 6191 0
35162473332122 6908 0
35162473332131 7124 0
35162742213323 6742 0
35167242132212 7510 0
35172461232323 11096 0
35174262213131 11171 0
35174262231113 10650 0
35246171111111 4960 0
35246171113322 11856 0
35246172213311 8366 0
35267141223233 6398 0
35267141321132 10855 0
35271461322233 9907 0
35416721113112 7460 0
35416723232213 5485 0
35417622223133 4735 0
35426712131132 5917 0
35426712311312 5877 0
35426713111313 5612 0
35426713131113 5612 0
35426713312211 5691 0
35461271111231 7206 0
35461271321231 6473 0
35461272222323 4996 0
35462171131313 5625 0
35462171212121 5747 0
35462171221223 6614 0
35462171332331 6677 0
35462172213311 3325 0
35462172223331 3971 0
35462172312131 5551 0
35462173123211 5977 0
35462173131311 5542 0
35462173221221 6232 0
35462712322322 7398 0
35472163222313 5046 0
35472163231322 5355 0
35476122221111 6308 0
35614722321233 6805 0
35617423131332 5770 0
35624712121232 5845 0
35624712321212 3974 0
35624712321332 5999 0
35624712331232 4060 0
35714623111322 11461 0
35721642221213 8374 0
35762142222113 10381 0
36125471111333 7088 0
36125471212112 5525 0
36125471213111 4152 0
36125471222111 5922 0
36125471312111 4399 0
36125472111311 4470 0
36125472121223 6318 0
36125473111211 4538 0
36125473232222 6517 0
36125473323233 6397 0
36125743222331 6351 0
36127451333222 10379 0
36145272122222 4007 0
36145272131213 4218 0
36145272131312 4085 0
36145273333313 4779 0
36147251121311 4875 0
36147251131211 5157 0
36147251211131 4478 0
36147251311121 4267 0
36147252111113 5280 0
36147253111112 4817 0
36152741231312 7899 0
36152742131321 8144 0
36172452133133 8760 0
36217452131333 9011 0
36217541223311 5723 0
36217543213112 6746 0
36241573212332 6315 0
36241753212311 5093 0
36415272123212 7340 0
36417522123311 11225 0
36514272212111 6477 0
36521472113321 9703 0
36521472331121 9776 0
36527411131133 7308 0
36527412111113 4421 0
36527412131222 6583 0
36527412211322 7806 0
36527412221312 7294 0
36527412231122 8060 0
36527412322232 4151 0
36527413111112 4569 0
36527413311311 6621 0
36541272323222 4447 0
36542712121322 12324 0
36547212121313 4031 0
36547212122222 4222 0
36547212131312 5165 0
36547212221222 4058 0
36547213331333 4057 0
36712542121112 3961 0
36712542121121 5825 0
36712542121211 5892 0
36712542122111 3954 0
36714252232223 4757 0
36714521232113 5600 0
36714522121322 5649 0
36714522122213 5911 0
36714523132223 5518 0
36714523132322 5518 0
36721451131331 6602 0
36721452121322 7271 0
36721452122123 8041 0
36721452122213 6557 0
36721452122321 7780 0
36721452131111 4691 0
36721452223232 4210 0
36721453113113 7281 0
36721453121111 4544 0
36725411121212 6051 0
36725411131313 6051 0
36725411212121 6926 0
36725411313131 5935 0
36725412111212 6372 0
36725412121112 6044 0
36725412121211 6450 0
36725412121232 5872 0
36725412123212 6438 0
36725412321212 6453 0
36725413111313 7157 0
36725413131113 6122 0
36725413131311 7384 0
36741252122123 4435 0
36741252122321 4326 0
36741252122333 3552 0
36741252123323 3798 0
36741253233131 3613 0
36745211211221 6282 0
36745212121223 7521 0
36745212122312 6478 0
36745212122333 7594 0
36745212123323 8035 0
36745212131111 4236 0
36745212223232 4428 0
36745213121111 4826 0
36745213131131 5679 0
36745213133111 6055 0
36745213232213 5396 0
36751243222322 6337 0
36752142122132 6183 0
36752142123221 5868 0
36752143132232 6496 0
36752143133222 6368 0
36752143211132 4186 0
36754123232222 4885 0
37246511112233 12397 0
37256142321233 6406 0
37415622333221 6002 0
37426513132313 4902 0
37452162323312 8293 0
37516422333311 7286 0
37561241311112 6274 0
37612453122233 6543 0
37612542221111 6580 0
37614252221123 6222 0
37614521111111 10337 0
37614521323232 3990 0
37614522111221 6167 0
37614522113321 6366 0
37614522313322 7158 0
37614522323312 6297 0
37614523232213 6301 0
37615421113322 6052 0
37615422211133 3416 0
37615422223133 4377 0
37615422313121 8874 0
37615422313331 9041 0
37615423121132 9512 0
37624152311213 8352 0
37624511232233 4215 0
37624512121322 5965 0
37624512231212 6009 0
37624513131323 6252 0
37624513231313 6383 0
37641252222323 5125 0
37642152213311 4430 0
37642513122221 7591 0
37645122312221 6354 0
37651242211133 4393 0
37651422312311 6028 0
37652141113232 5972 0
37652143231322 5380 0
37654212311222 11093 0
41236753232321 4614 0
41237561313131 7059 0
41263751312222 11571 0
41325671212211 7526 0
41325762313223 11087 0
41325763131233 6839 0
41352671212112 5918 0
41352671212121 6043 0
41352671222111 3966 0
41357622313112 6684 0
41367253111133 6581 0
41532672313211 5165 0
41532761233133 8725 0
41563273113311 6381 0
41576322212222 10558 0
41625372313211 4410 0
41625373121213 7777 0
41625731222231 6081 0
41635721212121 8142 0
41657321222312 7357 0
41673252212222 8423 0
41673521111111 6224 0
41723562313211 9882 0
41725361232113 3272 0
41725361321213 9291 0
41725362221213 10204 0
41725362313211 4382 0
41725362313223 4556 0
41725363121222 8597 0
41725363121231 7982 0
41725631111111 3835 0
41725631211122 6428 0
41725632322331 11887 0
41725633111133 6936 0
41725633121123 7265 0
41725633211111 9893 0
41726352313322 4787 0
41726532312233 11071 0
41735261323313 6415 0
41735262312233 4780 0
41735263123223 6460 0
41735621233232 6278 0
41735622313322 8508 0
41736521233232 5473 0
41736522332231 5161 0
41752631222123 5642 0
41752632311123 5522 0
41752632312323 4389 0
41752632313211 4391 0
41756231321213 7260 0
41756233121231 6914 0
41762532221333 10458 0
41762533123331 9772 0
41765231233232 6395 0
41765322221312 6820 0
41765322313211 12423 0
41765323122212 6001 0
42136752131312 13036 0
42137561123333 10632 0
42137653122131 5131 0
42137653132121 4826 0
42157633231322 6174 0
42163751121212 7599 0
42165373223123 5867 0
42167532131333 9671 0
42315673112111 3499 0
42351671212211 6409 0
42351763231133 10504 0
42367153111121 9608 0
42367153211123 7006 0
42516372233111 4815 0
42561733323122 9708 0
42573612323231 6257 0
42573613322231 7589 0
42613572313211 9735 0
42615371313332 9562 0
42615372213311 4431 0
42615372221213 8413 0
42615372313211 4642 0
42651372213311 10667 0
42651733311122 4633 0
42673512232133 4358 0
42751632321233 5519 0
42751632323231 5939 0
43126572133313 8417 0
43167251232212 8163 0
43176252123131 8853 0
43176252311132 8896 0
43216573132121 6714 0
43216573132223 6646 0
43216573212311 5957 0
43216573212332 5557 0
43512671313332 6878 0
43527612312323 5119 0
43561271111111 4717 0
43571262122222 11662 0
43572161111111 4708 0
43572612312323 5507 0
43576211123222 6836 0
43576212112232 7269 0
43615271333312 7187 0
43615272113321 4745 0
43617521223221 7122 0
43621752213323 8261 0
43651722323132 7798 0
43675122222122 8133 0
43675211221331 5892 0
43721653231313 10273 0
43751623123313 8702 0
43765212222122 9354 0
45167323322231 6055 0
45176231131313 5136 0
45176231133113 4362 0
45176231331113 5181 0
45176233131113 4162 0
45176321131133 7012 0
45213672221123 10504 0
45273162222122 9759 0
45276131131133 6576 0
45312671222312 6679 0
45312672223331 5479 0
45312672233321 3657 0
45312672313211 3011 0
45312673132313 5367 0
45312673222112 6922 0
45312673231313 5203 0
45312761113211 6237 0
45312761133311 6675 0
45312762221111 5432 0
45312762311111 5979 0
45321671212211 5849 0
45321671221121 5207 0
45321673113311 5147 0
45327612222323 6232 0
45362712122222 10452 0
45367122223133 5361 0
45367211111132 7565 0
45367211211122 6368 0
45367213111133 5504 0
45376121131133 5358 0
45376121331311 4921 0
45376211333123 5948 0
45376213131323 5068 0
45376213333322 5935 0
45612371133221 11952 0
45612372331121 10264 0
45612373112231 11874 0
45612373132121 6944 0
45612373132223 6651 0
45612373322111 10116 0
45612373332122 6650 0
45612373332221 6081 0
45613271331221 6108 0
45613272233111 9701 0
45621373123331 6357 0
45621373211111 6661 0
45621732212123 11195 0
45621732233333 11297 0
45623712332123 6771 0
45623713322321 5822 0
45637123132121 6516 0
45637123332122 6628 0
45671231132231 6450 0
45671233112132 6342 0
45673212212132 10058 0
45673213211222 10097 0
45713623223132 8106 0
45721363321313 6022 0
45721363322231 5694 0
45732612233321 12488 0
45736121122211 6620 0
46123571111111 7461 0
46123573232123 7221 0
46125731333123 7491 0
46127351131313 7608 0
46127352131333 8126 0
46127353131323 8123 0
46135272133313 10473 0
46153273131131 6311 0
46157233333232 6936 0
46157321331233 5934 0
46215372121223 6817 0
46215372313211 11059 0
46257132211133 5256 0
46257313312211 9787 0
46273512122312 5997 0
46273513221212 5814 0
46275311123222 8574 0
46275312112232 10184 0
46275312132212 9202 0
46275312232133 3394 0
46275312313211 4461 0
46275313121222 7885 0
46275313312211 4498 0
46321752111131 6332 0
46352171211233 5689 0
46352172113231 8795 0
46372511221331 6413 0
46375211211332 11081 0
46375212113111 10491 0
46375212132131 6217 0
46375212132221 7368 0
46375212332222 6206 0
46375213112111 3781 0
46375213123121 6433 0
46375213333121 6417 0
46512371331221 6519 0
46512372113321 8359 0
46513272332111 4651 0
46513273113221 5281 0
46523711331332 9032 0
46527133111121 6384 0
46572311223122 6511 0
46572312132122 6427 0
46721533123313 8792 0
47123562232133 5288 0
47123651233232 5938 0
47126351233232 6176 0
47126532133133 9666 0
47132562311111 6176 0
47132563222331 5999 0
47132652233321 4386 0
47135622132332 6595 0
47136252133112 7062 0
47152361233232 6486 0
47152631322131 7365 0
47156231332313 7281 0
47156233211132 5623 0
47156233223312 6606 0
47156233233113 7169 0
47156233322312 6060 0
47156321111111 3874 0
47156321133311 6847 0
47156322132311 7326 0
47156322313232 10540 0
47156322332132 6056 0
47156322332312 6346 0
47156323223123 6459 0
47162351322122 7127 0
47163522131222 5920 0
47165321232113 3397 0
47165321322131 8424 0
47165322132212 9027 0
47165322133112 10202 0
47165322232133 4266 0
47165322313211 4557 0
47216352131333 9312 0
47251363131113 8366 0
47251632131312 10607 0
47256133212311 6153 0
47256133321232 6120 0
47265312122222 6437 0
47265312131312 6393 0
47265312313211 4682 0
47321651311133 6315 0
47352612123131 11885 0
47352612311132 8385 0
47352612313211 4847 0
47512632312323 12330 0
47621532232331 5629 0
47621533231121 6024 0
47632152233321 6571 0
47632153212311 4860 0
47632153232321 3485 0
47632513212332 6743 0
47652132231323 6379 0
47653213211231 6492 0
47653213232111 10740 0
51264731113322 8752 0
51264732213311 8800 0
51267342312233 8324 0
51324671211122 5046 0
51324672212111 6060 0
51324673113311 5145 0
51324761111123 8376 0
51324763113332 6149 0
51342672212111 6494 0
51342763312223 4844 0
51367241211113 6294 0
51423671221331 6476 0
51426731111111 5166 0
51426733312211 11932 0
51472361131313 10285 0
51472633331312 7680 0
51623471321111 4254 0
51623743313321 10033 0
51624731312123 7231 0
51624733323113 7347 0
51632741323232 4633 0
51642371122313 6911 0
51642731113322 4261 0
51647231113232 4741 0
51723643131311 7095 0
51724362122222 6611 0
51724363121213 6523 0
51726433123313 9342 0
51732643121213 10101 0
51742632323231 7499 0
51742632323333 6423 0
52134761232113 12351 0
52147631121311 4215 0
52147631131211 4133 0
52147631211131 4965 0
52147631311121 4804 0
52147632111113 4276 0
52147633111112 4167 0
52163471112122 7456 0
52163471213111 5011 0
52163471312111 4754 0
52163471333123 7682 0
52163472111311 4184 0
52163472131222 7315 0
52163473111211 4814 0
52163473111331 6065 0
52163473221323 5385 0
52163473323332 6206 0
52167342121232 10448 0
52167432121313 4191 0
52167432122222 4101 0
52167432131213 4442 0
52167433133333 4069 0
52167433331333 4095 0
52174633223123 6050 0
52314673311311 6759 0
52314761322122 6902 0
52341671111111 3040 0
52341671122211 6702 0
52341671311313 5420 0
52341672211112 6831 0
52341672232313 5734 0
52341672323222 5032 0
52341672323312 6213 0
52341673133111 5264 0
52341673232213 5889 0
52341673232333 4134 0
52341673323212 6213 0
52361472121313 4285 0
52361472131312 4199 0
52367142211121 8114 0
52367412322232 4534 0
52374161112323 5255 0
52376413222223 6191 0
52463173212332 6670 0
52463713212332 5183 0
52471631223113 6533 0
52471631323112 6488 0
52614372313211 4830 0
52641733212311 5952 0
52641733232321 7123 0
52673413232123 7197 0
52713461232323 5005 0
52714361232113 5389 0
52714633213223 6268 0
52714633223123 5471 0
52731641233112 5147 0
52731641323112 4890 0
52736141322233 4408 0
52741362313211 7755 0
52741362313223 6143 0
52741632122333 3769 0
52741632123323 3745 0
52741632212213 4228 0
52741632212231 4197 0
52741632232211 3769 0
52741633221233 4359 0
52741633313312 3788 0
52741633313321 4539 0
52741633321223 4489 0
52741633323311 4430 0
52743611111213 4423 0
52743611111312 4706 0
52743611112131 5271 0
52743611113121 5055 0
52743612131111 4255 0
52743613121111 4725 0
52761431111213 5280 0
52761431111312 4997 0
52761431112131 4385 0
52761431113121 4601 0
52761432131111 4939 0
52761433121111 5409 0
52763143222331 5251 0
52763411222312 4224 0
52763411333123 3519 0
52763413222112 4339 0
52763413223312 3664 0
52763413322312 3915 0
53126471231231 5312 0
53126471231321 5651 0
53126471321321 5673 0
53146272123233 6362 0
53147262123131 9810 0
53162743312223 4549 0
53274163211222 8996 0
53421671321111 3479 0
53421671321231 4745 0
53426171112233 5328 0
53462711113322 5446 0
53467211321111 3908 0
53476121323112 4846 0
53476121323322 4860 0
53614721212121 11025 0
53621471331221 6559 0
53642171111111 5011 0
53672142221213 8116 0
53714622233111 8310 0
53721463223312 8917 0
53724612121112 10443 0
53726143333121 6659 0
53741621323112 6616 0
53741621332112 6759 0
53742612323333 8302 0
53761242121211 8697 0
53761242221213 8077 0
53761242321212 7933 0
53762143222331 6446 0
53762413322123 4739 0
54123673233323 4324 0
54126371331221 6489 0
54127632131213 4927 0
54127632222212 4960 0
54127633131212 4360 0
54127633133333 3980 0
54127633333313 4295 0
54163271133221 11742 0
54163272233111 10214 0
54167231121113 4635 0
54167231131112 5110 0
54167231221211 6348 0
54167231333213 7914 0
54167232112112 6914 0
54167232133313 7955 0
54167232333113 7913 0
54167233232333 5564 0
54167233331213 6736 0
54172633132313 10334 0
54217362233213 11690 0
54217632132212 7859 0
54231671123111 9726 0
54231673123121 6908 0
54261373123121 5949 0
54261732231233 7850 0
54276132233312 7248 0
54312671131331 4835 0
54312672212111 6152 0
54312673311311 5432 0
54317261113112 4594 0
54317621111222 6345 0
54321672212213 3457 0
54321672212231 3621 0
54321672232211 3540 0
54321673313312 3516 0
54321673313321 4304 0
54321673323311 3887 0
54321761211221 5162 0
54321763113113 4525 0
54326171111231 3430 0
54326171112233 5114 0
54326171321231 4722 0
54326711112212 6548 0
54327612223232 4330 0
54361272223232 4926 0
54362171113133 6093 0
54362711111231 4140 0
54362711323112 4787 0
54367121112212 5691 0
54367121113211 5289 0
54367121113331 5314 0
54367122211121 6340 0
54367122311111 7467 0
54367123311113 5544 0
54367211132222 3904 0
54367211213333 5507 0
54367211222132 3804 0
54367211333213 3872 0
54367212211322 5112 0
54367212231122 3790 0
54367212233213 3842 0
54367212332213 4299 0
54367212333113 4436 0
54367213112222 3866 0
54367213312133 3632 0
54371261113331 6337 0
54371621113112 3619 0
54371621113322 5033 0
54376121322233 5338 0
54376211111132 5624 0
54376211111222 6008 0
54376211113133 5435 0
54612371112311 9311 0
54612372222131 5808 0
54612732112223 6261 0
54612733322213 6947 0
54621371133311 5164 0
54621372211121 4995 0
54637211132111 6368 0
54671232221213 7412 0
54712361323313 7287 0
54712362223322 6853 0
54716232222113 7777 0
54716321112323 5024 0
54716322313223 8718 0
54721631111111 5200 0
54721631122121 6925 0
54721631311133 5491 0
54721632133232 6913 0
54721632212222 7964 0
54721632212231 7717 0
54721633231322 7247 0
54721633313321 8203 0
54721633333331 7561 0
54723612131312 3911 0
54723612221222 4102 0
54723612222212 4086 0
54723613121312 5193 0
54723613333313 4083 0
54761233322321 9491 0
54763212322232 5206 0
56123471222312 4436 0
56123471223221 5483 0
56123471331332 3651 0
56123471333123 4272 0
56123472322121 4493 0
56123472331331 3854 0
56123473133132 3729 0
56123473133231 3569 0
56123473222112 3848 0
56123473223312 3680 0
56123473322312 4312 0
56124371111231 4734 0
56124371232323 4626 0
56127433332323 5306 0
56132472333332 5958 0
56132473211111 6717 0
56132473213211 7224 0
56143273332323 4710 0
56147231222132 4043 0
56147231333213 6168 0
56147232233213 5939 0
56147232332213 4055 0
56147232333113 4240 0
56147322333233 6070 0
56173421113112 4694 0
56174232323333 4874 0
56174321232113 4240 0
56213471111111 6307 0
56213743313333 8383 0
56243173133111 6243 0
56243713121333 10818 0
56247132333233 6055 0
56271433111313 8023 0
56271433123313 8113 0
56271433132313 7734 0
56274132331133 5770 0
56274312313211 4684 0
56321473233323 4990 0
56321742211112 6400 0
56324171221331 7023 0
56327411211332 9720 0
56327413213112 9661 0
56341273121213 4243 0
56341273131212 4006 0
56347122333233 6469 0
56347211213111 4456 0
56347211222132 8207 0
56347211312111 4729 0
56347211331131 7128 0
56347212111221 6093 0
56347212111311 5669 0
56347212123233 6857 0
56347212232223 6007 0
56347213111211 5083 0
56347213131332 7909 0
56423171231231 5858 0
56423171231321 6154 0
56423171321321 5117 0
56423172112121 7037 0
56423173132121 6951 0
56423173133111 5733 0
56432713122122 7163 0
56712341232113 8496 0
56712343211123 8493 0
56721343123331 8842 0
56721432312233 10357 0
56723411113313 6506 0
56723411121113 4671 0
56723411131112 4516 0
56723411222312 7683 0
56723412122312 7174 0
56723412323222 4733 0
56723413221212 6465 0
56723413222112 7945 0
56723413331111 7192 0
56732143122113 8334 0
56741231121311 4819 0
56741231131211 4901 0
56741231211131 4210 0
56741231311121 4371 0
56741232111113 4852 0
56741233111112 4743 0
56743212122222 4143 0
56743212221222 5076 0
56743213121213 5000 0
56743213121312 4515 0
56743213331333 4096 0
57123461111111 6473 0
57164322131312 6783 0
57214361323232 4737 0
57214632212213 12953 0
57236141113232 6541 0
57236141322233 4842 0
57236141323232 3600 0
57241631322113 5109 0
57241631323112 5216 0
57246131112233 4359 0
57264132111323 6955 0
57321641311112 10866 0
57321642311132 9944 0
57364212213311 5841 0
57364212313211 7750 0
57364213332122 5762 0
57642311113322 11794 0
61234572231323 5333 0
61234573232213 5040 0
61235741313131 8035 0
61257343232123 6212 0
61274351313131 10552 0
61274532231323 6434 0
61352472233321 11723 0
61352472313211 5182 0
61452731311313 6769 0
61453721111111 9816 0
61453721311112 9444 0
61453723111121 10267 0
61472532123332 6365 0
61472533112111 7076 0
61527431111111 4666 0
61534272311132 5245 0
61534721112311 4737 0
61534721113211 4865 0
61543271111111 3603 0
61543271112311 4937 0
61572432312323 4360 0
61734523222331 6403 0
62134572321323 6236 0
62135471122121 6393 0
62135472132131 6094 0
62135473122131 7632 0
62135473123121 6610 0
62135473131131 6725 0
62135473132121 5989 0
62135473232231 10651 0
62135473322321 11127 0
62135743222331 5969 0
62135743312223 6934 0
62147353123121 7031 0
62147353132121 6587 0
62154733321121 5588 0
62157342132212 9070 0
62173543232132 6090 0
62174351122133 7559 0
62174533311212 10984 0
62317453112111 3365 0
62317453312211 4769 0
62351743112123 10298 0
62371453311311 6080 0
62374511322311 8048 0
62374513112321 9095 0
62374513312112 7813 0
62435172211133 4716 0
62435172311132 4224 0
62435711222222 6094 0
62453713311122 4756 0
62471532232133 5234 0
62475131322323 6718 0
62531472321233 7453 0
62543711211113 7135 0
62543711311112 7358 0
62571432321233 5978 0
62735143223213 6465 0
63125741112323 8115 0
63125743131233 5519 0
63125743133312 5484 0
63142571111111 7717 0
63142571132321 6318 0
63142573112123 5719 0
63172452312323 11812 0
63172452313211 5201 0
63174522332132 6043 0
63247511123132 8223 0
63251743133231 7243 0
63452711311313 5509 0
63452712333221 7641 0
63471522123131 10364 0
63471522323132 9839 0
63471522332132 9332 0
63472512123332 8308 0
63512743313333 12025 0
63541271212211 6653 0
63542713121333 8436 0
63574212123131 8837 0
63574212313211 4927 0
63712542221111 7387 0
63714252123131 5331 0
63714521112323 8284 0
63714522332132 5388 0
63721541233322 5679 0
63724153121213 7257 0
63725141112323 5951 0
63725141233121 9498 0
63725142123131 4286 0
63725142223133 3400 0
63725143122113 8849 0
63725143123313 9149 0
63741252222323 5279 0
63741522123131 4637 0
63742511232221 10352 0
63745123122212 6117 0
63751242221321 6389 0
63751423122311 10689 0
63752141111111 3966 0
63752141122211 6266 0
63752141123213 7064 0
63752142332132 6427 0
63752143123223 6277 0
63752143212323 10242 0
63752143223123 6284 0
63752411223212 5731 0
63752411333213 5639 0
63752412312323 5723 0
63752412322112 5731 0
63752412333113 5639 0
63754213122122 7418 0
64125371131313 8511 0
64157321133212 10257 0
64231572311132 5276 0
64257131113223 5824 0
64271533221212 6178 0
64275131212223 9144 0
64275131312123 10115 0
64275132211133 4247 0
64275132232133 3521 0
64275133231112 8328 0
64275133312211 4671 0
64275311112332 6724 0
64275311222222 5976 0
64275313312211 12333 0
64321572111131 10911 0
64321572132131 9101 0
64321572311132 10356 0
64325713121222 8619 0
64351272132131 6358 0
64357212313211 8359 0
64357213231322 5095 0
64357213312211 6349 0
64531271212211 5679 0
64531272132131 5451 0
64531273122131 7220 0
64531273123121 6243 0
64531273311311 5293 0
64531273312211 5407 0
64572131122223 6695 0
64713253112111 4004 0
65123471112311 6242 0
65123471233232 5704 0
65123472312311 7594 0
65132471212112 6698 0
65132471222111 6196 0
65132471231321 5597 0
65132471323121 7134 0
65132472131231 5649 0
65132472212231 5176 0
65132472233321 3673 0
65132473111331 5843 0
65132473313312 5307 0
65132473323311 5479 0
65132741223323 5088 0
65132743222331 5889 0
65134721233232 6385 0
65147321232113 5107 0
65172431132333 6971 0
65174232123131 3421 0
65174232133313 5755 0
65174232323312 5590 0
65174233323212 5590 0
65174233331213 5873 0
65174322313211 8361 0
65174323223123 6250 0
65213741111111 7771 0
65241371111111 6653 0
65243712121322 8673 0
65271341332331 7473 0
65271432231233 5936 0
65274131111111 10515 0
65274131311313 6174 0
65274131312213 6329 0
65274132123332 6572 0
65274133132223 6749 0
65274133232321 3854 0
65274133312223 7303 0
65314272311132 12429 0
65314272313211 5444 0
65321472111122 8391 0
65417321232113 9425 0
65417323223123 10388 0
65417323232123 9726 0
65423713321322 10297 0
65432173232321 3671 0
65471231132213 11615 0
65714323223123 6261 0
65723143321313 6144 0
65732411333123 4786 0
65742311212313 7975 0
67132541133311 6337 0
67145323133312 6811 0
67154233323332 6120 0
67215343333133 8123 0
67231541323112 6536 0
67231543323122 6539 0
67234513332122 6269 0
67245131313323 6709 0
67245311112311 8410 0
67245311133233 6287 0
67254311131133 5450 0
67254313311113 5139 0
67312452233321 5355 0
67312541121221 4622 0
67312542221111 5735 0
67321451111123 6270 0
67321451112311 6177 0
67321451212211 5745 0
67321451311133 5752 0
67321452111122 7066 0
67321453113311 5000 0
67321542232133 4260 0
67341252222323 6262 0
67342512222113 5978 0
67345122223133 4320 0
67345122232133 4743 0
67345211111123 5889 0
67345211111132 5883 0
67345211112233 10445 0
67345211113322 10943 0
67345211211122 6509 0
67345211311133 6820 0
67345212111122 6375 0
67345213111133 5979 0
67354121111111 3766 0
67354211212121 6561 0
67354211313113 5421 0
67354211333111 5506 0
67354212111221 5625 0
67354212212222 5861 0
67354212311132 3207 0
67354213111313 6110 0
67354213131311 6495 0
67354213211132 3995 0
67354213313333 5855 0
67412353132121 4832 0
67412353332221 5264 0
67412531131133 6429 0
67435121332112 5894 0
67435123123121 5603 0
67452313321232 6355 0
71234563231322 7308 0
71263541333222 6427 0
71263542323123 6248 0
71264533131323 4268 0
71264533221323 4141 0
71264533231223 5114 0
71264533231313 5087 0
71326451211311 4615 0
71326453132121 4952 0
71326543333313 12491 0
71345262132131 5959 0
71362453113311 6253 0
71365423331312 7729 0
71423563213232 6082 0
71423653213232 6092 0
71426353312211 4333 0
71426533333223 6952 0
71432561232323 10422 0
71432561323232 3760 0
71432562111221 6548 0
71432563232213 6157 0
71432563323113 7205 0
71432563323122 6872 0
71432563332113 6235 0
71435261322233 4652 0
71435262222122 8453 0
71435263211123 4147 0
71435263311122 3500 0
71435263333133 10231 0
71435263333223 9125 0
71435623333331 6849 0
71436253333112 6808 0
71452363213232 6582 0
71452632222131 10334 0
71453262222221 6148 0
71453623311122 5208 0
71456321322323 7508 0
71456322111221 6342 0
71462531113322 3532 0
71462532111212 5707 0
71462532121112 5707 0
71462533111223 5640 0
71462533221113 5595 0
71463523331222 10086 0
71523463131311 8008 0
71523463231313 8141 0
71523463331312 7712 0
71532463221332 5815 0
71534262122222 7223 0
71542633132322 6320 0
71543622111131 7270 0
71543623111121 7091 0
71546233331213 11053 0
71546322231212 7653 0
71562433123232 4779 0
71563243221221 7314 0
71625433213133 8110 0
71643252231212 10791 0
71643523331213 9089 0
72134562312212 7393 0
72136541322233 11759 0
72143563222331 6432 0
72143651121113 4262 0
72143651131112 4373 0
72143651213111 4899 0
72143651312111 5063 0
72143652111311 4317 0
72143653111211 4233 0
72145631233223 10397 0
72145633232231 10277 0
72145633312223 10376 0
72146352232223 6634 0
72163452122222 5055 0
72163453121213 4242 0
72163453131212 5027 0
72163453133333 4383 0
72163453331333 3857 0
72164353131113 10133 0
72165431113331 6465 0
72165432111113 4041 0
72165432111122 6172 0
72165432211112 6172 0
72165432323312 5373 0
72165433111112 4294 0
72165433121333 7844 0
72165433221233 7994 0
72165433233323 4692 0
72165433321223 7819 0
72165433331213 6993 0
72345611111111 3092 0
72345611133113 5228 0
72345611221223 7809 0
72345611222222 7066 0
72345611331332 7789 0
72345612122111 5486 0
72345612331331 7438 0
72345613221221 8053 0
72345613333331 6364 0
72356141112323 5116 0
72356141232113 8942 0
72356143211123 8980 0
72361453232333 4204 0
72361542333233 6475 0
72365412222212 5170 0
72365413121312 4034 0
72365413131212 5031 0
72365413331333 4160 0
72435163333313 6685 0
72513641232323 5931 0
72513641233322 8279 0
72516342313223 4233 0
72531463321232 6038 0
72534163211123 4266 0
72541631111213 4258 0
72541631111312 4337 0
72541631112131 4927 0
72541631113121 5093 0
72541632131111 4290 0
72541633121111 4396 0
72543162311111 4712 0
72543163211111 4585 0
72543611221223 3667 0
72543611223221 4100 0
72543611331332 4331 0
72543611332331 4440 0
72543612331331 3686 0
72543613132232 4465 0
72543613133222 4332 0
72543613221221 4131 0
72543613223312 3758 0
72543613322312 3726 0
72546311323112 7549 0
72546313323212 6402 0
72561342313223 4717 0
72561432213122 3947 0
72561433221233 4044 0
72561433311233 6071 0
72561433321133 4144 0
72561433321223 5923 0
72563411111213 5023 0
72563411111312 4944 0
72563411112131 4499 0
72563411113121 4333 0
72563412131111 4866 0
72563413121111 4972 0
72643513212311 4842 0
72643513212332 5282 0
73125463133132 7380 0
73146522113231 5472 0
73246153312211 12232 0
73456123231322 6388 0
73516243323113 6376 0
73516243332131 7063 0
73541262321212 7475 0
73542163321133 13064 0
73542613132121 7721 0
73542613132322 5586 0
73564213321322 7950 0
73614251112323 4426 0
73615241112323 4429 0
73615241113322 4620 0
73615242223133 3562 0
73615243123313 9144 0
73615243213313 8885 0
73615243331312 10922 0
73615243332311 10424 0
73615421113322 8138 0
73615423213211 5409 0
73615423333331 5517 0
73624513121132 8166 0
73624513332131 7921 0
73625141112323 4637 0
73625143121213 6995 0
73625143333313 7065 0
73625412222323 6923 0
73642511111111 2993 0
73642511113232 4300 0
73642511113322 3665 0
73642513223222 5670 0
73645121113211 6953 0
73645122222311 5533 0
73645211223113 6283 0
73645211231111 11365 0
73645211321111 3714 0
73645211332112 6304 0
73645213112231 11059 0
73645213333112 6694 0
73651241113322 8311 0
73652413211312 10275 0
73652413331321 10722 0
73654122111122 5111 0
73654122221111 5980 0
73654211111132 6762 0
74123563323221 7026 0
74123652322121 4062 0
74123653132232 5822 0
74123653133132 4259 0
74123653133222 3941 0
74123653133231 6194 0
74125631313311 6582 0
74125632121121 6153 0
74125632122111 6153 0
74125632131111 4198 0
74125632321332 6555 0
74125633121111 4381 0
74125633131233 6893 0
74125633132232 7723 0
74125633133222 7908 0
74125633133312 7741 0
74125633332323 4666 0
74126352333122 4892 0
74132561321231 5493 0
74132562121121 6697 0
74132562122111 6156 0
74132563131221 5684 0
74132563132112 5659 0
74136522322121 6139 0
74152363132232 5200 0
74152363133132 5029 0
74152363133222 4381 0
74152363133231 4048 0
74156322122123 5686 0
74156322122321 5686 0
74156322313223 3516 0
74156323132331 6199 0
74156323133123 6284 0
74163251121122 6935 0
74163252112211 6367 0
74163252131111 4648 0
74163253121111 5138 0
74163253131332 7834 0
74163253133132 7932 0
74163253133213 6616 0
74163253133231 7932 0
74163253332323 4319 0
74165231121212 7832 0
74165231131313 6668 0
74165231212121 6478 0
74165231313131 6004 0
74165232111212 6380 0
74165232121112 7171 0
74165232121211 6425 0
74165233111313 6181 0
74165233131113 6127 0
74165233131311 6099 0
74165233131323 6665 0
74165233132313 6182 0
74165233231313 6144 0
74213652323132 9823 0
74251633111313 6876 0
74256311321222 10562 0
74256313111232 10401 0
74265312333233 7177 0
74312652333332 8331 0
74321563311131 6691 0
74321653233323 4733 0
74325163131323 10231 0
74325612221222 4107 0
74325613121312 3965 0
74325613131212 4241 0
74325613133333 4805 0
74361253112132 10235 0
74361253211231 11622 0
74365211121221 7048 0
74365211213111 4081 0
74365211312111 4201 0
74365211313113 5827 0
74365211333111 5912 0
74365212111311 5069 0
74365212222323 6653 0
74365212333332 5275 0
74365213111211 4511 0
74365213121333 8134 0
74512361322233 8925 0
74512362313223 8879 0
74513263121222 8110 0
74521632222212 4225 0
74521633121213 4350 0
74521633121312 4309 0
74521633133333 4067 0
74521633333313 4187 0
74523611121113 4919 0
74523611131112 5371 0
74523611213111 4359 0
74523611312111 4573 0
74523612111311 4977 0
74523613111211 5252 0
74532163123223 7076 0
74561231111222 6252 0
74561232111113 5015 0
74561232221111 6815 0
74561233111112 4534 0
74561233131233 6713 0
74561233233323 4344 0
74561233311233 7810 0
74561233321133 7817 0
74561233321313 7924 0
74563211232332 9606 0
74653213133222 7533 0
75132463233233 10432 0
75143263231313 7092 0
75146321323331 10941 0
75213642223133 4617 0
75231463211123 5165 0
75234161322233 6059 0
75234162221111 6089 0
75236143213232 6323 0
75241632222323 6390 0
75243162211322 10519 0
75243611113232 5915 0
75243613213232 5635 0
75246131333312 7271 0
75246311111111 4289 0
75246313212311 5431 0
75246313312211 4366 0
75246313332332 6219 0
75261432123233 7056 0
75264132121232 6727 0
75264132223331 5590 0
75264132321212 6183 0
75264133121333 5599 0
75264133331213 5555 0
75264311223122 6821 0
75264313231112 7165 0
75312463333133 8440 0
75314621133221 5813 0
75314621313212 7737 0
75314623113122 6204 0
75316241231231 5743 0
75321461311112 7494 0
75321463132121 6691 0
75346122133133 6352 0
75346211133122 11173 0
75346211211311 3837 0
75346211311211 10429 0
75346212323333 6330 0
75346213112132 11749 0
75346213132121 7799 0
75346213132322 6474 0
75346213332122 6534 0
75412631223332 5574 0
75416323232213 6315 0
75431263133213 5942 0
75462132123212 6022 0
75613243131332 6244 0
75613243133213 6149 0
75634123323122 6070 0
75641323232111 5973 0
75642132213311 11640 0
76123453233323 5329 0
76125343333133 8286 0
76143252131312 4283 0
76143252221222 4189 0
76143253131212 4468 0
76143253331333 4161 0
76143253333313 3972 0
76145231121113 4127 0
76145231122112 6057 0
76145231131112 4291 0
76145231221112 6057 0
76145231311331 6566 0
76145232123332 5391 0
76145232233213 7838 0
76145232331313 7871 0
76145232332213 8019 0
76145233133213 7018 0
76145233232333 4574 0
76154323333112 6852 0
76213543213133 10205 0
76213543311332 10168 0
76215341231231 6537 0
76215433333133 7474 0
76231451123111 6506 0
76245311121131 10012 0
76245311131121 3739 0
76245311213312 11859 0
76245312132131 6335 0
76245313122122 7385 0
76245313123121 6836 0
76253141123132 6143 0
76253141211332 5610 0
76253413322312 8690 0
76254133311323 11576 0
76254313211111 10978 0
76312452212111 5555 0
76312453211111 5677 0
76312453311311 5195 0
76312542321212 5217 0
76312542322121 6573 0
76312543322222 7145 0
76315241112113 10231 0
76315241113112 3891 0
76315241223113 6380 0
76315241322122 6168 0
76315241323313 6732 0
76315241332112 7091 0
76315243211231 10607 0
76315243323323 6301 0
76321452122123 3941 0
76321452122321 4534 0
76321452122333 3779 0
76321452123323 4416 0
76321452212231 5504 0
76321452213122 4514 0
76321453233131 4367 0
76321453311233 3585 0
76321453313312 3873 0
76321453321133 3745 0
76321453323311 3670 0
76321542211112 6920 0
76321543211111 7515 0
76321543311131 5479 0
76324151112233 6598 0
76324151112323 7911 0
76324153323122 5841 0
76325411111213 4561 0
76325411111312 4493 0
76325411112131 5048 0
76325411113121 5795 0
76325411122121 5546 0
76325411331311 7179 0
76325412112121 5944 0
76325412231212 6415 0
76325412333233 6279 0
76325413222223 5310 0
76341251111213 4047 0
76341251111312 4056 0
76341251112131 5036 0
76341251113121 4777 0
76341251221121 7548 0
76341251311313 6091 0
76341252232313 5477 0
76341252323333 6232 0
76341253221212 7412 0
76341253233131 7779 0
76342511111231 3666 0
76342511111321 10312 0
76342511323112 7775 0
76342512232223 6985 0
76342513213112 10007 0
76342513322111 11767 0
76342513323122 6613 0
76342513323212 6461 0
76345122211112 6409 0
76345122211121 6492 0
76345122213311 11004 0
76345122311111 5853 0
76345123211111 5790 0
76345123311113 5982 0
76345123311131 6756 0
76345123312211 10528 0
76351421112323 7607 0
76351421113322 6131 0
76351423321232 5797 0
76354121121212 6718 0
76354121122121 5182 0
76354121311313 5052 0
76354121313131 5858 0
76354122111212 6215 0
76354122112121 5366 0
76354122212222 6028 0
76354123211123 3553 0
76354123211132 5688 0
76354123313333 5762 0
76354212213323 6235 0
76354212312233 6284 0
76354212313322 7365 0
76354212333332 6472 0
76354213222223 6785 0
76354213312223 7222 0
76421351131121 4575 0
76512343213313 7208 0
76512343332311 7327 0
76514321112323 5078 0
76514321232113 11900 0
76521433232333 5209 0
76523413223231 10266 0
76524313331222 9441 0
76541232131213 4334 0
76541232221222 5083 0
76541233121213 5052 0
76541233331333 4419 0
76541233333313 3952 0
76543211111111 5098 0
76543211212112 5440 0
76543211223221 7618 0
76543211332331 8313 0
76543211333333 7463 0
76543212132323 7360 0
76543212222221 7871 0
76543212323213 6814 0
76543213113131 5175 0
