12345672121232 12634 0
12345672123212 13596 0
12345672321212 13275 0
12345673131323 14716 0
12345673132313 11696 0
12345673231313 12468 0
12345761111111 11730 0
12346571111231 11454 0
12346751113133 11527 0
12347561112212 13534 0
12347651111111 26448 0
12347651122112 14640 0
12347651133311 15075 0
12347652111221 17219 0
12347652123233 20427 0
12347652123332 17462 0
12347652223232 8221 0
12347653111133 16301 0
12347653132223 15556 0
12347653132322 15519 0
12347653332323 8401 0
12354671111111 11430 0
12354761112323 11463 0
12354762121112 13678 0
12354762121211 14090 0
12354762311123 10360 0
12354763131131 11889 0
12354763133111 12100 0
12354763211123 8282 0
12356471113133 11841 0
12356741133131 10267 0
12356741313131 10707 0
12356743113131 12658 0
12357461111222 12412 0
12357461113331 14538 0
12357462211112 8978 0
12357641113331 12398 0
12364571112212 13340 0
12364751112212 13699 0
12364751113133 11478 0
12364753311131 13613 0
12365471111111 15045 0
12365471211122 15020 0
12365471313113 14237 0
12365472223232 9545 0
12365472321233 14546 0
12365473232312 14947 0
12365473332323 9291 0
12365741113331 12052 0
12367451123333 10754 0
12367451132222 14688 0
12367451213333 12229 0
12367451312222 10107 0
12367452113333 10321 0
12367453112222 10172 0
12367541112212 11622 0
12367541113331 17255 0
12367541331131 8898 0
12374561121212 10749 0
12374561211212 14691 0
12374562111212 10533 0
12374651111222 12593 0
12375461111222 13040 0
12375641113112 9896 0
12376451111222 10738 0
12376451113133 17047 0
12376451221211 8924 0
12376541112323 9070 0
12376541232233 10323 0
12376541322233 11886 0
12376542121232 11200 0
12376542123212 12608 0
12376543133132 12243 0
12376543133231 12735 0
12456731132321 18153 0
12456731233223 11184 0
12456733223321 11516 0
12463751231231 19678 0
12467351131121 8459 0
12467351231321 12933 0
12473561132123 11626 0
12536741112323 16890 0
12537461332112 11162 0
12543671111111 26540 0
12543671211212 17311 0
12543671331113 16396 0
12543672121121 14740 0
12543672321332 17555 0
12543672322232 8311 0
12543672331232 20527 0
12543673111331 15173 0
12543673221323 15551 0
12543673231223 15588 0
12543673233323 8428 0
12546371221331 12472 0
12563472131213 11267 0
12563473131212 8988 0
12564733323122 12870 0
12567433232333 9710 0
12576343212221 16166 0
12637451132111 13484 0
12637451332112 13616 0
12643571321321 12277 0
12645371131121 9773 0
12673542331133 15720 0
12734561112323 16412 0
12734561322233 16109 0
12734562313223 16327 0
12745631111111 26481 0
12745632111122 15116 0
12745632212213 13881 0
12745632222221 14564 0
12745632232211 13794 0
12745633131131 15333 0
12745633313312 16053 0
12745633313333 14082 0
12745633323311 13910 0
12753462231323 11977 0
12763452322232 11756 0
12765432121313 10880 0
12765432222212 9385 0
12765433121213 9345 0
12765433331333 10624 0
13245671321111 11751 0
13246571111111 8114 0
13246571112233 8375 0
13246571113232 10242 0
13246572321332 14119 0
13246572331232 13705 0
13246573221233 12236 0
13246573321223 12142 0
13246752133211 20006 0
13247563212131 15970 0
13254761322233 11246 0
13254761323322 14598 0
13254762321233 12730 0
13254763323122 10047 0
13257641112233 14999 0
13265741112323 8371 0
13265742131312 13393 0
13267451122211 10769 0
13267451311133 9069 0
13267541111132 14493 0
13267541232212 14901 0
13274651112323 8367 0
13275461112233 23033 0
13275463213211 15880 0
13275641112233 12089 0
13275641112323 10610 0
13275642131333 12687 0
13275643212221 12794 0
13276451113211 16645 0
13276451233133 14235 0
13276541133122 19364 0
13276541213312 21355 0
13276541321123 22270 0
13276541322311 21338 0
13276541323112 12243 0
13276541323322 13596 0
13276542323312 13113 0
13276543323122 12490 0
13462571111111 16495 0
13462572213311 15318 0
13527461211113 12235 0
13542671231231 11403 0
13546271213213 13630 0
13546271231231 11360 0
13546271321321 13584 0
13572641122133 8821 0
13576241312213 14516 0
13576241321321 13535 0
13627451332112 11041 0
13642571221223 12541 0
13642571223221 10590 0
13642573221221 10143 0
13645271221331 11930 0
13647521111111 10899 0
13675241112323 14834 0
13675242331313 13990 0
13725642332132 11652 0
13754262123323 18707 0
13762451321321 19652 0
13764251211311 11647 0
13764252323231 12855 0
13765422121211 24753 0
14263751131121 11390 0
14267351321321 12200 0
14275633323122 10648 0
14325671111111 15164 0
14325672112121 15141 0
14325672231323 14841 0
14325672323222 9657 0
14325673123232 16113 0
14325673232333 9193 0
14325673311131 14361 0
14327652131213 9107 0
14327653121213 11175 0
14352672212111 13312 0
14356721112323 16619 0
14356721322233 15445 0
14367252322232 8694 0
14367523311113 11374 0
14523672121313 9419 0
14523673121312 9951 0
14527631121311 7959 0
14527631131211 10502 0
14527631133311 15251 0
14527631211131 11021 0
14527631311121 10833 0
14527632122213 14414 0
14527632212111 15621 0
14527632333332 15337 0
14527633132322 14789 0
14527633312133 15273 0
14536273311311 12339 0
14537622231323 18138 0
14563272323222 8789 0
14567231312213 14981 0
14567231321123 14996 0
14573261333111 11233 0
14625731111111 13780 0
14625731131121 9227 0
14625731322233 19121 0
14625732112121 12652 0
14625732113321 14784 0
14625732213323 14083 0
14625732233111 13548 0
14625733133111 11154 0
14632571111111 17854 0
14632571321132 11340 0
14652733321331 12831 0
14673251111111 8856 0
14723651111213 8008 0
14723651111312 9115 0
14723651112131 14378 0
14723651113121 11401 0
14723651211212 20553 0
14723652322121 15936 0
14723652331232 15132 0
14723653232222 15544 0
14723653313111 15159 0
14723653321313 12945 0
14725361111111 9698 0
14725361111123 14475 0
14725361322332 19183 0
14725362211121 12054 0
14725363211213 13473 0
14725363213121 13300 0
14725363223213 12850 0
14725363311113 11050 0
14726531223122 14038 0
14726531232122 15122 0
14726531233313 13545 0
14726531333312 13281 0
14726532232313 11219 0
14726533323122 12169 0
14735621221112 12271 0
14735621223113 12341 0
14735621223332 19251 0
14735621233112 12090 0
14735621323112 13306 0
14735621332112 12426 0
14735621333111 13756 0
14735621333222 18843 0
14736251111132 8085 0
14736251112332 10691 0
14736253222223 10996 0
14736521132222 12235 0
14736521133131 12331 0
14736521211212 13354 0
14736521213333 11659 0
14736521221313 15923 0
14736521321231 10383 0
14736521322233 10085 0
14736521332121 13601 0
14736523112222 11904 0
14736523113131 12674 0
14752363222121 14939 0
14752363232222 12267 0
14752363233131 11297 0
14752631111111 10126 0
14752631112311 13661 0
14752631323223 21931 0
14752632332132 12050 0
14752633213223 13462 0
14752633222223 12754 0
14752633223123 12442 0
14752633223231 20646 0
14753261221112 13049 0
14753261323112 12555 0
14753261333111 10713 0
14762351221331 15315 0
14762351321231 12243 0
14762351331221 16259 0
14763251221223 9315 0
14763251222312 9756 0
14763251332331 9266 0
14763251333123 13798 0
14763252322121 9751 0
14763253132232 9177 0
14763253133132 8266 0
14763253133222 8165 0
14763253133231 8113 0
14763253221221 10071 0
14763253222112 9721 0
14763521113211 7802 0
14763521113223 10500 0
14763523222331 13941 0
14765231111213 9495 0
14765231111312 9391 0
14765231112131 11082 0
14765231113121 9142 0
14765231133131 15454 0
14765232211211 16221 0
14765232232322 17435 0
14765232331313 13525 0
14765233113131 15236 0
14765233323332 16122 0
15236471111111 12034 0
15236473231121 9860 0
15243671331221 13415 0
15246371331332 10406 0
15246371332331 14571 0
15246372331331 10626 0
15267431223113 11024 0
15273641112323 16734 0
15324673113311 11812 0
15342671211311 11339 0
15346271321321 13214 0
15367421211113 14701 0
15367421223113 14033 0
15367423211123 13477 0
15426371111111 16211 0
15426371112233 16084 0
15463271313113 11257 0
15624732123212 12077 0
15624732133313 12471 0
15624732333332 11338 0
15627431223113 10728 0
15627431322113 11970 0
15627431332112 10738 0
15634722123332 9739 0
15634722321233 12333 0
15637423211123 12565 0
15642371111111 10130 0
15642372213311 11981 0
15642372231332 11846 0
15642372331322 13075 0
15642373212311 10337 0
15642373221323 12613 0
15642373231223 12126 0
15643271221331 17277 0
15643271331221 11645 0
15643273223111 8996 0
15647233213232 12544 0
15672341113232 11467 0
15672341323112 10716 0
15672342323312 11234 0
15672343213232 13920 0
15672433312133 21225 0
15724362212132 12656 0
15724631111111 13860 0
15724631211311 9756 0
15724631322233 19121 0
15724632123233 12129 0
15724632313223 21372 0
15724632323231 12378 0
15724632323333 12990 0
15724633132322 11160 0
15734622331223 15532 0
15746321111111 12553 0
15746321323211 10382 0
15746322313112 11192 0
15762342122213 14534 0
15763241111111 9313 0
15763242323132 12154 0
16243571132132 9006 0
16243571231231 12299 0
16243571321321 14419 0
16245371231231 12929 0
16254733312223 14335 0
16257431132111 10431 0
16257433223123 13762 0
16273541122133 14069 0
16273541321321 12177 0
16275341312213 13289 0
16275343122221 13164 0
16327453232333 10498 0
16342571331221 11719 0
16345271111111 15140 0
16345271133131 14335 0
16345271222111 15120 0
16345272322232 9634 0
16345272333212 16007 0
16345273122323 15462 0
16345273233323 9320 0
16347252131312 9929 0
16347253121312 9392 0
16357421223113 14835 0
16374521112323 16343 0
16374523211123 16196 0
16423572112121 14857 0
16427531211311 10162 0
16427531231321 8426 0
16427532333233 16914 0
16453271111111 14792 0
16453271211113 13353 0
16453272111131 13912 0
16475233132313 17701 0
16523473332323 10520 0
16523741112212 12007 0
16524731112212 12007 0
16524731112233 11087 0
16524731113133 12273 0
16527341111111 11424 0
16527431123333 10134 0
16527431222132 11346 0
16527431312222 13700 0
16527431333213 13535 0
16527432113333 10693 0
16527432211322 8943 0
16527432231122 10591 0
16527432231332 9034 0
16527432331322 8441 0
16527432333113 13743 0
16527433312133 9025 0
16532471111222 11941 0
16534271111111 8660 0
16534271111132 8379 0
16534273211111 13298 0
16534723211123 9389 0
16537421111222 15280 0
16537421113322 12190 0
16537421113331 12549 0
16537421223113 11575 0
16537421233112 11720 0
16537421332112 9922 0
16542371221331 10758 0
16542371331221 17066 0
16542372112331 9027 0
16543271221223 10046 0
16543271223221 9980 0
16543271331332 10209 0
16543271332331 12107 0
16543272331331 10629 0
16543273221221 14567 0
16543721111111 10532 0
16543721113211 8338 0
16547233332323 8807 0
16547321113331 12144 0
16572431111111 10289 0
16572433213223 16175 0
16573241123123 8827 0
16573241312312 8964 0
16574231113133 13933 0
16723451122133 15298 0
16723451322311 15449 0
16725431121311 9039 0
16725431131211 9877 0
16725431211122 17159 0
16725431211131 8620 0
16725431311121 10778 0
16725432211121 15496 0
16725432232223 14836 0
16725433113311 15163 0
16725433122212 12933 0
16725433333232 16731 0
16735242122213 14325 0
16742352232313 10660 0
16743252323222 11293 0
16745232121313 11588 0
16745232122222 10645 0
16745233121213 12023 0
16745233333313 9958 0
16753241221112 11220 0
17246351111111 16493 0
17265433111313 14059 0
17324561211323 12741 0
17324561232332 9849 0
17326452212111 12071 0
17356241212313 10464 0
17356242211331 23049 0
17362451211311 8783 0
17362451231321 13409 0
17362452213311 8508 0
17364251231231 12460 0
17423653213232 13222 0
17425631122112 11933 0
17425631223113 12651 0
17425631313113 13779 0
17425631322113 11964 0
17425631322332 22936 0
17425631323112 13041 0
17425631323223 20262 0
17425631332112 12006 0
17426531112233 11935 0
17426531121212 11550 0
17426531132312 14254 0
17426531213123 13097 0
17426531223221 15724 0
17426531232233 9804 0
17426531313131 12057 0
17426531331332 12608 0
17426532121211 12690 0
17426532331331 12643 0
17435622211133 7711 0
17435623211123 7431 0
17436521323232 8997 0
17452363213232 14884 0
17452363322132 9121 0
17452633213232 12767 0
17453262211133 12834 0
17462352213311 7984 0
17463251122112 9995 0
17463251221331 13444 0
17463251313113 10928 0
17463251321231 11963 0
17463251323112 11642 0
17463251331221 11834 0
17526431131121 10046 0
17526431231321 7824 0
17526432123233 10349 0
17543261111111 16493 0
17543261132111 15599 0
17642531111111 17256 0
17642531112233 16389 0
17642533312211 15971 0
17643251122112 11270 0
21345671111111 9865 0
21345762223322 12816 0
21345762312323 10732 0
21345762313223 12063 0
21345763332233 12766 0
21346752313322 8798 0
21347562312323 16855 0
21354671122112 13283 0
21354671131313 12220 0
21354671221112 13095 0
21354672311123 10220 0
21354672311132 12001 0
21354672313211 24511 0
21354673131113 12710 0
21354761112233 21472 0
21354761112311 12138 0
21354761113211 13712 0
21354761113322 19486 0
21354761122211 13228 0
21354761133311 12461 0
21354762213311 22246 0
21354763312211 21311 0
21357462311111 14193 0
21357463213331 12149 0
21357642221132 15848 0
21364752311111 14631 0
21364753212212 13513 0
21365742221312 13896 0
21365742312323 14963 0
21367451311331 8867 0
21367452112112 8726 0
21374653333121 16144 0
21375462312233 13266 0
21375463333211 19074 0
21376541111123 11365 0
21376541112311 10615 0
21376541122211 11208 0
21376541131133 13826 0
21457631321123 22766 0
21473563331312 21522 0
21536742222131 24355 0
21654372231323 13944 0
21654372233321 11481 0
21654373332122 11115 0
21654373332221 10742 0
21734652123131 16806 0
23147562123131 9960 0
23147651112323 10467 0
23147652312323 8793 0
23156471222132 11520 0
23156471333132 12576 0
23156473323332 12105 0
23157461231333 17755 0
23157462131123 17726 0
23164573213133 12710 0
23164752131312 16284 0
23164753333313 13254 0
23165471111111 9251 0
23165471311133 11028 0
23165471312132 13578 0
23165472111122 12523 0
23165472111332 14808 0
23165472132332 13964 0
23165472311111 13662 0
23165473233221 18998 0
23165741112323 10416 0
23165741231312 12371 0
23165742123131 8605 0
23165742131321 12788 0
23165742131333 20636 0
23165742312323 9293 0
23165743331312 20590 0
23167541233322 14134 0
23167542131222 12512 0
23174652123131 10852 0
23175463211222 13583 0
23176452132221 19575 0
23176453332233 15626 0
23416752121211 14215 0
23417563232123 8949 0
23456173212332 12222 0
23456173233122 9764 0
23456713212332 13059 0
23475162121112 12703 0
23517462131333 14254 0
23576412233321 16226 0
23576412312323 16322 0
23657142121112 16198 0
23671452122333 23419 0
23674153232321 11076 0
23751461132123 10245 0
23751463112321 10383 0
23756143222331 11683 0
23756411222312 10988 0
23756413222112 10721 0
23756413223312 10497 0
23756413322312 10849 0
24153672321233 12421 0
24157361313212 11539 0
24157362323111 11546 0
24167353132232 19194 0
24173652323231 8038 0
24315673311311 12023 0
24315761122322 15736 0
24315762213323 8495 0
24351671212211 11531 0
24351673111133 9023 0
24351673311311 17161 0
24351761111123 14473 0
24351761212232 15025 0
24367511323112 12270 0
24367513111121 9289 0
24376512222122 14507 0
24516732233111 10404 0
24531673123121 11371 0
24536713231232 14397 0
24537613231322 15892 0
24561372111131 8738 0
24563711121212 11812 0
24563712121232 12376 0
24563713121222 13208 0
24571362221213 14837 0
24571631121212 14880 0
24615371112332 14019 0
24615372213311 14933 0
24615731122313 20712 0
24615731132333 12344 0
24615732111323 20761 0
24615732213311 9264 0
24615732233321 10538 0
24615733113323 12763 0
24615733311122 8181 0
24617532233321 14449 0
24637512311132 10039 0
24651731113223 12640 0
24651731333333 14041 0
24715363311332 13030 0
24715631111111 14479 0
24715631122121 12241 0
24715631122133 14978 0
24715632313223 19980 0
24715633112111 9299 0
24715633131131 12857 0
24716532323231 18128 0
24731561111111 17940 0
24731562311231 11471 0
24736512222332 15646 0
24751362221231 17362 0
24751362321113 15990 0
24761531221223 18450 0
24763151111111 8896 0
24765313222112 18515 0
25134672233321 16487 0
25134672312323 16064 0
25134672313211 17357 0
25137461111111 11553 0
25137461211323 14011 0
25163741112323 14323 0
25314673111313 10239 0
25314673111331 10678 0
25314673131311 12629 0
25341673113311 12377 0
25341762313223 14977 0
25364172311231 18365 0
25364173223231 11385 0
25367411211122 11342 0
25413672323111 17931 0
25413763121222 18847 0
25436711311313 11778 0
25436712123122 15310 0
25436712123332 12316 0
25436712132122 14167 0
25436712323231 13507 0
25436713232321 13053 0
25436713332122 11893 0
25463713212332 14447 0
25471362323132 8536 0
25471631312213 13765 0
25631741212121 16177 0
25634713321232 11800 0
25641371213132 15820 0
25714632123131 8696 0
25714632223331 10172 0
25714632313211 26553 0
25714633121333 13202 0
25716431212223 15618 0
25716433223213 17223 0
25731642232211 18782 0
25734162221111 12076 0
25734613113323 16023 0
25736141111123 8830 0
25736141233232 12009 0
25736411133113 12079 0
25736411231321 12444 0
25736411321312 14192 0
25736411331113 12746 0
25736413123112 13907 0
25741361232113 10923 0
25741632222323 12385 0
25741632312323 12789 0
25743611233232 17262 0
25763142223133 12375 0
25763411332322 8712 0
26135742132221 14503 0
26135742213323 11995 0
26135742332312 15054 0
26153471122121 10622 0
26153473131131 10612 0
26153473132121 12069 0
26154372332213 21241 0
26175432331133 16063 0
26317451212211 12137 0
26345711223113 13462 0
26371453112111 11555 0
26415731322323 16174 0
26415732121223 13839 0
26415732233321 24668 0
26435712222122 21337 0
26435712233321 8629 0
26435712311132 8215 0
26435712322322 20763 0
26435713311122 9210 0
26435713333133 12615 0
26437512122312 12761 0
26453172211133 12332 0
26453711333333 18344 0
26513471122121 11065 0
26517343333313 23302 0
26534713333313 15328 0
26543171111111 13578 0
26543171123111 13495 0
26547313131323 17656 0
26573413331312 15918 0
26714531212133 15504 0
26714532121133 15716 0
26715433231322 16939 0
26741351232113 18467 0
26743512121232 24456 0
27134561131133 11845 0
27154632311132 16381 0
27314652313211 16864 0
27365412321212 14453 0
27415363131113 13030 0
27415632323231 20823 0
27415633321322 12201 0
27416532133232 9136 0
27416533321232 11554 0
27435612122222 15495 0
27453161123111 12601 0
27453161132111 13639 0
27456133132223 11735 0
27516341111111 10951 0
27534161111111 10249 0
27534161111123 9393 0
27534162311111 8364 0
27534612311132 9662 0
27536412332312 20035 0
27543611111123 14479 0
27543611111132 14002 0
27546312231122 18397 0
27613543333133 16077 0
27614353311332 24328 0
27615431312333 14992 0
27615432113321 11972 0
27615433313213 14052 0
27634511131133 11913 0
27634512233321 8735 0
27643513311233 18757 0
31246753312211 8430 0
31247651113232 7344 0
31247651323232 10087 0
31256471231222 12749 0
31257462222221 13765 0
31257462312311 13610 0
31257643311122 13414 0
31264572122213 14818 0
31264573132313 12360 0
31264573222223 12441 0
31264752132122 16766 0
31264752313121 17396 0
31265471111111 14571 0
31265471122112 12153 0
31265471122133 13321 0
31265471312213 13505 0
31265471313113 11150 0
31265471321111 9723 0
31265472233321 19269 0
31265472312233 12950 0
31265741233331 13128 0
31267542222233 17391 0
31267542313133 16020 0
31275461112233 12181 0
31275461322233 11894 0
31275462133211 14457 0
31275462223211 14422 0
31275462311213 12980 0
31275462312212 12895 0
31275463311122 7582 0
31276452133322 15227 0
31276452313313 19234 0
31452671323211 10269 0
31452671332232 10912 0
31452672322331 10390 0
31456722111221 14210 0
31462751111111 15684 0
31462751113322 21211 0
31475261322233 19635 0
31475262331313 13781 0
31475262333221 16293 0
31524673332122 10762 0
31527643332122 18501 0
31564272212111 15332 0
31564272213311 12266 0
31564273113311 16279 0
31572461122133 8610 0
31624751112233 16348 0
31624753312211 16444 0
31627452221333 16038 0
31654272313322 14417 0
31754621331122 23938 0
31765242322121 18538 0
32145671111111 26367 0
32145671123333 16083 0
32145671132222 13905 0
32145671221112 15002 0
32145671333333 14104 0
32145672113333 13937 0
32145672212222 14657 0
32145673112222 13826 0
32145673311113 15209 0
32146751232323 14531 0
32146752232223 9969 0
32147562313223 10860 0
32147562333233 17276 0
32147651123333 8522 0
32147651132222 8322 0
32147651213333 8613 0
32147651312222 9832 0
32147652113333 9191 0
32147652231332 9493 0
32147652233213 9143 0
32147652331322 9700 0
32147652332213 9914 0
32147653112222 8690 0
32156471111111 9775 0
32156471113211 13747 0
32156471232332 21398 0
32156472312332 12258 0
32156472332132 13013 0
32156472332321 18993 0
32156472333332 12005 0
32156473223123 11182 0
32156741112323 11561 0
32156742311123 10265 0
32156742313223 8578 0
32156742333131 13304 0
32157641232323 12667 0
32157642231323 12256 0
32164571111111 13762 0
32164571111231 10159 0
32164571232323 13343 0
32164572232223 12459 0
32164572232313 12849 0
32164572233321 22028 0
32164572312323 20669 0
32164573323212 12079 0
32165741111111 9321 0
32165741111132 14364 0
32165741233223 20000 0
32165742211112 12117 0
32165742331112 15000 0
32165743311131 12731 0
32167451111111 14926 0
32167451213333 14709 0
32167451222222 13303 0
32167451312222 13702 0
32167451333111 14418 0
32167452211121 15359 0
32167453222313 15078 0
32167453313333 14367 0
32167453321232 16522 0
32174561112323 9080 0
32174561232113 8142 0
32174561232233 9530 0
32174562231212 13844 0
32174652312332 11377 0
32174652332132 10496 0
32175461111111 13733 0
32175461113112 14813 0
32175461221112 12676 0
32175461333111 12788 0
32175462233111 15290 0
32175462312323 21434 0
32416753121222 14656 0
32417562113321 14195 0
32417652132131 15060 0
32417653132121 13922 0
32451762331121 10286 0
32456173212332 15552 0
32456711233133 20891 0
32465172112121 12213 0
32465172132131 12369 0
32465172133121 13324 0
32465172332321 19123 0
32465173123121 13858 0
32465173132121 12189 0
32465173133111 12301 0
32465173233221 18715 0
32475161232323 16407 0
32475163331222 13649 0
32476513232231 11135 0
32517463131311 13388 0
32546713323212 11144 0
32547611121113 9006 0
32547611131112 8858 0
32547611213111 12236 0
32547611312111 10063 0
32547612111311 9347 0
32547613111211 11966 0
32561471113133 15581 0
32561471121311 8988 0
32561471122211 20429 0
32561471131211 7881 0
32561471211131 11276 0
32561471311121 14254 0
32561472133313 13035 0
32561472213122 16033 0
32561473222223 15576 0
32561473323212 15161 0
32567412122222 11060 0
32567412131312 9490 0
32567412222212 9431 0
32567413131212 10403 0
32567413133333 10907 0
32576142313223 16682 0
32615473332122 10965 0
32647152133121 13989 0
32647153132121 14607 0
32647512333233 17170 0
32657143121213 18662 0
32657412111212 24430 0
32671453123313 17557 0
32674152113333 18373 0
32714652332132 11121 0
32716452123212 13340 0
32741651121311 9315 0
32741651131211 11946 0
32741651211131 10041 0
32741651311121 12211 0
32741652111113 8983 0
32741653111112 9123 0
32745611223332 15382 0
32745612313322 15090 0
32745612322331 15408 0
32751643321232 17286 0
32754163211123 15568 0
32756141233121 16117 0
32761452121313 11786 0
32761452122222 11623 0
32761452222212 10582 0
32761453121312 9294 0
32761453133333 9105 0
32765411112221 15681 0
32765411121113 8060 0
32765411131112 10489 0
32765411133113 15697 0
32765411331113 14979 0
32765412221312 13813 0
32765412323222 9123 0
32765413122212 17129 0
32765413223312 13855 0
32765413231223 15701 0
32765413322312 14151 0
34125672131213 12047 0
34125672131312 11471 0
34125672221222 10661 0
34125673133333 10052 0
34127651121113 8916 0
34127651131112 9144 0
34127651213111 9108 0
34127651312111 9389 0
34127652111311 9796 0
34127653111211 10238 0
34162752132212 23630 0
34165271112212 15112 0
34165271121311 9266 0
34165271131211 9374 0
34165271211131 9017 0
34165271311121 10958 0
34165271311133 15114 0
34165272323333 16139 0
34165273133312 13401 0
34165273222322 15353 0
34165273311131 15327 0
34167252213323 15889 0
34172562132332 16190 0
34172562313331 17157 0
34175263321232 12410 0
34216572213122 18737 0
34261572132131 12932 0
34261572133121 12580 0
34261573123121 10599 0
34265712212132 15102 0
34275161312213 13019 0
34275162112322 15147 0
34275162213221 18977 0
34516271111111 11524 0
34516272312332 12952 0
34516722313223 7800 0
34517622231323 15087 0
34521672223232 11383 0
34526713232312 8725 0
34527612211322 14455 0
34527612231122 14727 0
34527612231332 14903 0
34527612331322 14591 0
34527613312133 10595 0
34561272122123 9595 0
34561272122321 9634 0
34561272212213 10095 0
34561272213122 9152 0
34561272232211 9345 0
34561273221233 8052 0
34561273233131 13682 0
34561273311233 9671 0
34561273313321 9296 0
34561273321133 8537 0
34561273321223 8796 0
34561721111111 10471 0
34562171321111 10568 0
34562171321231 8111 0
34562172232313 11086 0
34567212223232 9824 0
34617252111212 12629 0
34617252123212 12743 0
34617252132212 17683 0
34617522221333 14349 0
34621572132131 11321 0
34625172111212 14422 0
34627512232313 8683 0
34651271123111 9195 0
34651272332132 12255 0
34675212222122 18412 0
34715262221123 15075 0
34716522223211 19984 0
34721652121313 9612 0
34721652131213 10524 0
34721652221222 9407 0
34721652222212 10970 0
34721653333313 10810 0
34725611212211 15962 0
34725612111113 10397 0
34725612121322 13789 0
34725612231212 17102 0
34725612231332 14270 0
34725612322232 9096 0
34725612331322 13977 0
34725613111112 7965 0
34725613111133 14884 0
34725613132223 15608 0
34725613311113 15597 0
34761252323222 9732 0
35126741232212 15379 0
35126742231233 15590 0
35127462331331 20636 0
35162472122231 14132 0
35162472123233 12048 0
35162473122221 14993 0
35162473323131 13381 0
35162473332122 11311 0
35162473332131 13419 0
35162742213323 18007 0
35167242132212 18322 0
35172461232323 14356 0
35174262213131 20968 0
35174262231113 15899 0
35246171111111 16290 0
35246171113322 16207 0
35246172213311 15979 0
35267141223233 12056 0
35267141321132 17880 0
35271461322233 15064 0
35416721113112 10973 0
35416723232213 10896 0
35417622223133 9920 0
35426712131132 13562 0
35426712311312 14955 0
35426713111313 11245 0
35426713131113 12031 0
35426713312211 8145 0
35461271111231 10379 0
35461271321231 7828 0
35461272222323 13960 0
35462171131313 12022 0
35462171212121 12760 0
35462171221223 12560 0
35462171332331 13242 0
35462172213311 10099 0
35462172223331 10477 0
35462172312131 15954 0
35462173123211 13626 0
35462173131311 11212 0
35462173221221 12217 0
35462712322322 20077 0
35472163222313 8719 0
35472163231322 11455 0
35476122221111 11471 0
35614722321233 13180 0
35617423131332 18247 0
35624712121232 10622 0
35624712321212 10968 0
35624712321332 10839 0
35624712331232 11111 0
35714623111322 21009 0
35721642221213 24331 0
35762142222113 15522 0
36125471111333 15242 0
36125471212112 15596 0
36125471213111 10880 0
36125471222111 17259 0
36125471312111 8718 0
36125472111311 9139 0
36125472121223 12810 0
36125473111211 9972 0
36125473232222 14928 0
36125473323233 16048 0
36125743222331 16822 0
36127451333222 16890 0
36145272122222 9263 0
36145272131213 9440 0
36145272131312 10972 0
36145273333313 10716 0
36147251121311 10055 0
36147251131211 9311 0
36147251211131 9976 0
36147251311121 10162 0
36147252111113 8979 0
36147253111112 9432 0
36152741231312 15710 0
36152742131321 17248 0
36172452133133 16234 0
36217452131333 18459 0
36217541223311 12116 0
36217543213112 9952 0
36241573212332 12072 0
36241753212311 8554 0
36415272123212 24783 0
36417522123311 16304 0
36514272212111 19533 0
36521472113321 14961 0
36521472331121 15236 0
36527411131133 15264 0
36527412111113 8831 0
36527412131222 14016 0
36527412211322 14929 0
36527412221312 13659 0
36527412231122 15021 0
36527412322232 10483 0
36527413111112 8993 0
36527413311311 15083 0
36541272323222 11851 0
36542712121322 13212 0
36547212121313 9328 0
36547212122222 10672 0
36547212131312 11876 0
36547212221222 11722 0
36547213331333 8982 0
36712542121112 11081 0
36712542121121 10589 0
36712542121211 10811 0
36712542122111 10945 0
36714252232223 8849 0
36714521232113 8268 0
36714522121322 13469 0
36714522122213 14860 0
36714523132223 12164 0
36714523132322 11947 0
36721451131331 17498 0
36721452121322 13643 0
36721452122123 14996 0
36721452122213 14002 0
36721452122321 14902 0
36721452131111 9115 0
36721452223232 10388 0
36721453113113 15906 0
36721453121111 8963 0
36725411121212 12473 0
36725411131313 13739 0
36725411212121 12708 0
36725411313131 12329 0
36725412111212 11516 0
36725412121112 12552 0
36725412121211 11472 0
36725412121232 13002 0
36725412123212 12004 0
36725412321212 11984 0
36725413111313 11665 0
36725413131113 14722 0
36725413131311 12411 0
36741252122123 14705 0
36741252122321 14423 0
36741252122333 14566 0
36741252123323 14876 0
36741253233131 10571 0
36745211211221 17223 0
36745212121223 17012 0
36745212122312 13694 0
36745212122333 13950 0
36745212123323 14248 0
36745212131111 8087 0
36745212223232 9001 0
36745213121111 10514 0
36745213131131 15721 0
36745213133111 15006 0
36745213232213 15730 0
36751243222322 8590 0
36752142122132 14214 0
36752142123221 13929 0
36752143132232 12627 0
36752143133222 11965 0
36752143211132 12537 0
36754123232222 15009 0
37246511112233 15592 0
37256142321233 12173 0
37415622333221 14119 0
37426513132313 15029 0
37452162323312 11055 0
37516422333311 14178 0
37561241311112 8776 0
37612453122233 14359 0
37612542221111 11773 0
37614252221123 14299 0
37614521111111 13628 0
37614521323232 13169 0
37614522111221 12437 0
37614522113321 15283 0
37614522313322 14287 0
37614522323312 11864 0
37614523232213 11909 0
37615421113322 8603 0
37615422211133 8468 0
37615422223133 8644 0
37615422313121 21462 0
37615422313331 20735 0
37615423121132 12732 0
37624152311213 19937 0
37624511232233 12560 0
37624512121322 13813 0
37624512231212 14098 0
37624513131323 12059 0
37624513231313 12724 0
37641252222323 15872 0
37642152213311 9642 0
37642513122221 16141 0
37645122312221 14203 0
37651242211133 10094 0
37651422312311 12886 0
37652141113232 8859 0
37652143231322 12028 0
37654212311222 15618 0
41236753232321 9699 0
41237561313131 17451 0
41263751312222 18117 0
41325671212211 13018 0
41325762313223 23011 0
41325763131233 15783 0
41352671212112 10719 0
41352671212121 14666 0
41352671222111 10509 0
41357622313112 10749 0
41367253111133 11358 0
41532672313211 16594 0
41532761233133 15254 0
41563273113311 12071 0
41576322212222 13836 0
41625372313211 13173 0
41625373121213 13131 0
41625731222231 13709 0
41635721212121 13274 0
41657321222312 21638 0
41673252212222 14810 0
41673521111111 8653 0
41723562313211 14966 0
41725361232113 8191 0
41725361321213 12868 0
41725362221213 12885 0
41725362313211 11788 0
41725362313223 12159 0
41725363121222 14365 0
41725363121231 14400 0
41725631111111 14791 0
41725631211122 12581 0
41725632322331 21408 0
41725633111133 12693 0
41725633121123 15265 0
41725633211111 13632 0
41726352313322 8583 0
41726532312233 14258 0
41735261323313 15162 0
41735262312233 12992 0
41735263123223 13152 0
41735621233232 13770 0
41735622313322 16314 0
41736521233232 11363 0
41736522332231 8849 0
41752631222123 13967 0
41752632311123 9510 0
41752632312323 8265 0
41752632313211 24513 0
41756231321213 16165 0
41756233121231 17278 0
41762532221333 15806 0
41762533123331 20868 0
41765231233232 12313 0
41765322221312 13909 0
41765322313211 19536 0
41765323122212 16266 0
42136752131312 18054 0
42137561123333 18598 0
42137653122131 14101 0
42137653132121 16642 0
42157633231322 12132 0
42163751121212 24665 0
42165373223123 13473 0
42167532131333 17328 0
42315673112111 11634 0
42351671212211 13505 0
42351763231133 15941 0
42367153111121 16392 0
42367153211123 15723 0
42516372233111 8458 0
42561733323122 14363 0
42573612323231 7444 0
42573613322231 10182 0
42613572313211 14876 0
42615371313332 12789 0
42615372213311 10706 0
42615372221213 12669 0
42615372313211 11967 0
42651372213311 16832 0
42651733311122 10886 0
42673512232133 10055 0
42751632321233 17396 0
42751632323231 10977 0
43126572133313 14432 0
43167251232212 23792 0
43176252123131 15412 0
43176252311132 16324 0
43216573132121 14697 0
43216573132223 9921 0
43216573212311 11341 0
43216573212332 12822 0
43512671313332 20101 0
43527612312323 8582 0
43561271111111 11267 0
43571262122222 17992 0
43572161111111 9576 0
43572612312323 8450 0
43576211123222 16789 0
43576212112232 17490 0
43615271333312 12819 0
43615272113321 8467 0
43617521223221 18970 0
43621752213323 14157 0
43651722323132 9074 0
43675122222122 13416 0
43675211221331 13149 0
43721653231313 13370 0
43751623123313 14320 0
43765212222122 14985 0
45167323322231 12524 0
45176231131313 10833 0
45176231133113 10705 0
45176231331113 12098 0
45176233131113 10457 0
45176321131133 12354 0
45213672221123 15847 0
45273162222122 17334 0
45276131131133 12068 0
45312671222312 13585 0
45312672223331 10338 0
45312672233321 8398 0
45312672313211 26656 0
45312673132313 19310 0
45312673222112 13994 0
45312673231313 19369 0
45312761113211 14713 0
45312761133311 10025 0
45312762221111 12842 0
45312762311111 11367 0
45321671212211 12391 0
45321671221121 8884 0
45321673113311 14512 0
45327612222323 12104 0
45362712122222 18621 0
45367122223133 13116 0
45367211111132 12455 0
45367211211122 13034 0
45367213111133 10689 0
45376121131133 14853 0
45376121331311 9022 0
45376211333123 12383 0
45376213131323 19385 0
45376213333322 14917 0
45612371133221 19459 0
45612372331121 21447 0
45612373112231 22146 0
45612373132121 13688 0
45612373132223 12362 0
45612373322111 21216 0
45612373332122 13210 0
45612373332221 12259 0
45613271331221 14996 0
45613272233111 14373 0
45621373123331 12050 0
45621373211111 14160 0
45621732212123 17704 0
45621732233333 17735 0
45623712332123 10251 0
45623713322321 10228 0
45637123132121 12715 0
45637123332122 13623 0
45671231132231 11993 0
45671233112132 10181 0
45673212212132 15898 0
45673213211222 17274 0
45713623223132 10031 0
45721363321313 13511 0
45721363322231 13887 0
45732612233321 15473 0
45736121122211 11177 0
46123571111111 10525 0
46123573232123 13782 0
46125731333123 23028 0
46127351131313 13386 0
46127352131333 13441 0
46127353131323 13967 0
46135272133313 13939 0
46153273131131 11046 0
46157233333232 9844 0
46157321331233 15239 0
46215372121223 15906 0
46215372313211 22910 0
46257132211133 12903 0
46257313312211 15084 0
46273512122312 13631 0
46273513221212 13857 0
46275311123222 14485 0
46275312112232 13010 0
46275312132212 12773 0
46275312232133 8558 0
46275312313211 12055 0
46275313121222 14303 0
46275313312211 11914 0
46321752111131 12354 0
46352171211233 10284 0
46352172113231 10814 0
46372511221331 12776 0
46375211211332 19296 0
46375212113111 14595 0
46375212132131 11177 0
46375212132221 13382 0
46375212332222 12980 0
46375213112111 9602 0
46375213123121 12176 0
46375213333121 13200 0
46512371331221 14332 0
46512372113321 16527 0
46513272332111 9091 0
46513273113221 10797 0
46523711331332 18563 0
46527133111121 10799 0
46572311223122 18672 0
46572312132122 15339 0
46721533123313 20533 0
47123562232133 10080 0
47123651233232 10364 0
47126351233232 13339 0
47126532133133 15930 0
47132562311111 10010 0
47132563222331 14663 0
47132652233321 10787 0
47135622132332 15473 0
47136252133112 16727 0
47152361233232 11950 0
47152631322131 20358 0
47156231332313 14328 0
47156233211132 10722 0
47156233223312 12677 0
47156233233113 14058 0
47156233322312 15003 0
47156321111111 9469 0
47156321133311 10952 0
47156322132311 13176 0
47156322313232 15856 0
47156322332132 10974 0
47156322332312 13450 0
47156323223123 13415 0
47162351322122 13047 0
47163522131222 13959 0
47165321232113 8642 0
47165321322131 13091 0
47165322132212 12527 0
47165322133112 14692 0
47165322232133 7888 0
47165322313211 12268 0
47216352131333 15159 0
47251363131113 17420 0
47251632131312 18496 0
47256133212311 9910 0
47256133321232 14566 0
47265312122222 13630 0
47265312131312 13817 0
47265312313211 12893 0
47321651311133 11067 0
47352612123131 16300 0
47352612311132 16078 0
47352612313211 16389 0
47512632312323 15675 0
47621532232331 10226 0
47621533231121 15989 0
47632152233321 9524 0
47632153212311 8484 0
47632153232321 10369 0
47632513212332 12200 0
47652132231323 11970 0
47653213211231 22273 0
47653213232111 10861 0
51264731113322 15387 0
51264732213311 16300 0
51267342312233 14720 0
51324671211122 9046 0
51324672212111 10642 0
51324673113311 16948 0
51324761111123 16622 0
51324763113332 14361 0
51342672212111 12567 0
51342763312223 8489 0
51367241211113 8832 0
51423671221331 12241 0
51426731111111 15702 0
51426733312211 15441 0
51472361131313 13927 0
51472633331312 15494 0
51623471321111 11522 0
51623743313321 23403 0
51624731312123 19479 0
51624733323113 15749 0
51632741323232 11052 0
51642371122313 16044 0
51642731113322 10840 0
51647231113232 8156 0
51723643131311 17679 0
51724362122222 13434 0
51724363121213 13126 0
51726433123313 16140 0
51732643121213 18270 0
51742632323231 11497 0
51742632323333 10475 0
52134761232113 15770 0
52147631121311 11635 0
52147631131211 10026 0
52147631211131 10344 0
52147631311121 9319 0
52147632111113 8801 0
52147633111112 11335 0
52163471112122 16882 0
52163471213111 10933 0
52163471312111 11123 0
52163471333123 15149 0
52163472111311 8059 0
52163472131222 14436 0
52163473111211 10599 0
52163473111331 15349 0
52163473221323 14881 0
52163473323332 15366 0
52167342121232 14906 0
52167432121313 8637 0
52167432122222 9514 0
52167432131213 9386 0
52167433133333 11888 0
52167433331333 9677 0
52174633223123 11273 0
52314673311311 11501 0
52314761322122 20126 0
52341671111111 26562 0
52341671122211 17333 0
52341671311313 15199 0
52341672211112 14761 0
52341672232313 15426 0
52341672323222 8341 0
52341672323312 17587 0
52341673133111 16420 0
52341673232213 15463 0
52341673232333 8306 0
52341673323212 20551 0
52361472121313 9837 0
52361472131312 9297 0
52367142211121 11392 0
52367412322232 11413 0
52374161112323 16612 0
52376413222223 10783 0
52463173212332 18026 0
52463713212332 15113 0
52471631223113 13897 0
52471631323112 15011 0
52614372313211 8705 0
52641733212311 8915 0
52641733232321 10371 0
52673413232123 18372 0
52713461232323 8463 0
52714361232113 8332 0
52714633213223 14648 0
52714633223123 9876 0
52731641233112 14577 0
52731641323112 13891 0
52736141322233 9547 0
52741362313211 10216 0
52741362313223 7469 0
52741632122333 9817 0
52741632123323 9614 0
52741632212213 9336 0
52741632212231 8802 0
52741632232211 9126 0
52741633221233 9822 0
52741633313312 8376 0
52741633313321 8874 0
52741633321223 9048 0
52741633323311 9265 0
52743611111213 11852 0
52743611111312 9222 0
52743611112131 12119 0
52743611113121 9944 0
52743612131111 9098 0
52743613121111 8951 0
52761431111213 9219 0
52761431111312 9966 0
52761431112131 10064 0
52761431113121 9876 0
52761432131111 9413 0
52761433121111 8947 0
52763143222331 15780 0
52763411222312 14330 0
52763411333123 10471 0
52763413222112 14608 0
52763413223312 14474 0
52763413322312 14781 0
53126471231231 12367 0
53126471231321 11184 0
53126471321321 12103 0
53146272123233 12893 0
53147262123131 14387 0
53162743312223 10430 0
53274163211222 15278 0
53421671321111 10626 0
53421671321231 8432 0
53426171112233 9274 0
53462711113322 7822 0
53467211321111 10565 0
53476121323112 12371 0
53476121323322 12648 0
53614721212121 14184 0
53621471331221 12111 0
53642171111111 16765 0
53672142221213 24235 0
53714622233111 14567 0
53721463223312 18582 0
53724612121112 13309 0
53726143333121 13165 0
53741621323112 14959 0
53741621332112 13894 0
53742612323333 11026 0
53761242121211 12585 0
53761242221213 17616 0
53761242321212 12690 0
53762143222331 14427 0
53762413322123 8822 0
54123673233323 8683 0
54126371331221 14033 0
54127632131213 9369 0
54127632222212 10822 0
54127633131212 9934 0
54127633133333 9426 0
54127633333313 11025 0
54163271133221 18796 0
54163272233111 14673 0
54167231121113 9371 0
54167231131112 9462 0
54167231221211 16694 0
54167231333213 13983 0
54167232112112 16906 0
54167232133313 13938 0
54167232333113 14575 0
54167233232333 9322 0
54167233331213 16277 0
54172633132313 14211 0
54217362233213 18091 0
54217632132212 24567 0
54231671123111 16511 0
54231673123121 15696 0
54261373123121 11329 0
54261732231233 23768 0
54276132233312 17498 0
54312671131331 13512 0
54312672212111 13681 0
54312673311311 11460 0
54317261113112 11364 0
54317621111222 19650 0
54321672212213 14669 0
54321672212231 10078 0
54321672232211 10151 0
54321673313312 10722 0
54321673313321 12202 0
54321673323311 10298 0
54321761211221 10675 0
54321763113113 8970 0
54326171111231 8757 0
54326171112233 13389 0
54326171321231 8479 0
54326711112212 19629 0
54327612223232 11878 0
54361272223232 8816 0
54362171113133 12438 0
54362711111231 11621 0
54362711323112 12977 0
54367121112212 11737 0
54367121113211 11863 0
54367121113331 13349 0
54367122211121 9972 0
54367122311111 11550 0
54367123311113 10907 0
54367211132222 9971 0
54367211213333 9176 0
54367211222132 8599 0
54367211333213 8754 0
54367212211322 9729 0
54367212231122 9700 0
54367212233213 9505 0
54367212332213 9195 0
54367212333113 8681 0
54367213112222 9225 0
54367213312133 13781 0
54371261113331 12171 0
54371621113112 8431 0
54371621113322 12916 0
54376121322233 7965 0
54376211111132 12146 0
54376211111222 15220 0
54376211113133 16167 0
54612371112311 14613 0
54612372222131 13418 0
54612732112223 17583 0
54612733322213 18199 0
54621371133311 8984 0
54621372211121 8851 0
54637211132111 8875 0
54671232221213 19095 0
54712361323313 17516 0
54712362223322 16671 0
54716232222113 23755 0
54716321112323 15811 0
54716322313223 21331 0
54721631111111 15048 0
54721631122121 15473 0
54721631311133 14534 0
54721632133232 16820 0
54721632212222 13279 0
54721632212231 13675 0
54721633231322 15641 0
54721633313321 14677 0
54721633333331 14270 0
54723612131312 9198 0
54723612221222 10699 0
54723612222212 11739 0
54723613121312 11903 0
54723613333313 9087 0
54761233322321 15104 0
54763212322232 9849 0
56123471222312 8407 0
56123471223221 13722 0
56123471331332 10715 0
56123471333123 8587 0
56123472322121 11438 0
56123472331331 10161 0
56123473133132 13845 0
56123473133231 13637 0
56123473222112 8192 0
56123473223312 8743 0
56123473322312 8415 0
56124371111231 10388 0
56124371232323 16188 0
56127433332323 10535 0
56132472333332 10372 0
56132473211111 7918 0
56132473213211 10146 0
56143273332323 9593 0
56147231222132 10948 0
56147231333213 10390 0
56147232233213 10199 0
56147232332213 14685 0
56147232333113 9812 0
56147322333233 10097 0
56173421113112 9837 0
56174232323333 9437 0
56174321232113 10522 0
56213471111111 12326 0
56213743313333 14281 0
56243173133111 11184 0
56243713121333 13269 0
56247132333233 10338 0
56271433111313 12613 0
56271433123313 12561 0
56271433132313 12945 0
56274132331133 13242 0
56274312313211 8484 0
56321473233323 10401 0
56321742211112 10945 0
56324171221331 12045 0
56327411211332 14870 0
56327413213112 15084 0
56341273121213 9083 0
56341273131212 11292 0
56347122333233 13346 0
56347211213111 14354 0
56347211222132 16055 0
56347211312111 11369 0
56347211331131 16688 0
56347212111221 20529 0
56347212111311 9086 0
56347212123233 15039 0
56347212232223 15451 0
56347213111211 7979 0
56347213131332 13062 0
56423171231231 15385 0
56423171231321 12284 0
56423171321321 12650 0
56423172112121 11462 0
56423173132121 11815 0
56423173133111 9801 0
56432713122122 16964 0
56712341232113 16415 0
56712343211123 16319 0
56721343123331 16024 0
56721432312233 14561 0
56723411113313 16880 0
56723411121113 9088 0
56723411131112 8932 0
56723411222312 14807 0
56723412122312 13541 0
56723412323222 10510 0
56723413221212 13903 0
56723413222112 14904 0
56723413331111 15926 0
56732143122113 20055 0
56741231121311 9921 0
56741231131211 10353 0
56741231211131 9508 0
56741231311121 9227 0
56741232111113 9122 0
56741233111112 8889 0
56743212122222 9307 0
56743212221222 11087 0
56743213121213 10503 0
56743213121312 9585 0
56743213331333 10929 0
57123461111111 10896 0
57164322131312 13443 0
57214361323232 9672 0
57214632212213 18181 0
57236141113232 9494 0
57236141322233 8462 0
57236141323232 10347 0
57241631322113 16627 0
57241631323112 14000 0
57246131112233 10764 0
57264132111323 16634 0
57321641311112 13604 0
57321642311132 13592 0
57364212213311 7991 0
57364212313211 10670 0
57364213332122 11110 0
57642311113322 16778 0
61234572231323 14764 0
61234573232213 9145 0
61235741313131 14158 0
61257343232123 8626 0
61274351313131 13955 0
61274532231323 12328 0
61352472233321 16172 0
61352472313211 16318 0
61452731311313 14666 0
61453721111111 17725 0
61453721311112 13628 0
61453723111121 13012 0
61472532123332 10886 0
61472533112111 10374 0
61527431111111 9740 0
61534272311132 7864 0
61534721112311 12482 0
61534721113211 12550 0
61543271111111 8331 0
61543271112311 12820 0
61572432312323 10503 0
61734523222331 11446 0
62134572321323 12795 0
62135471122121 11876 0
62135472132131 13876 0
62135473122131 13064 0
62135473123121 12032 0
62135473131131 12521 0
62135473132121 12061 0
62135473232231 20355 0
62135473322321 23033 0
62135743222331 12300 0
62135743312223 20697 0
62147353123121 15110 0
62147353132121 13923 0
62154733321121 10466 0
62157342132212 13865 0
62173543232132 11414 0
62174351122133 15374 0
62174533311212 15639 0
62317453112111 10650 0
62317453312211 8457 0
62351743112123 18263 0
62371453311311 12261 0
62374511322311 9820 0
62374513112321 11528 0
62374513312112 14063 0
62435172211133 7075 0
62435172311132 6878 0
62435711222222 14151 0
62453713311122 11102 0
62471532232133 11670 0
62475131322323 13330 0
62531472321233 13321 0
62543711211113 13799 0
62543711311112 15075 0
62571432321233 10077 0
62735143223213 14530 0
63125741112323 24547 0
63125743131233 13931 0
63125743133312 16193 0
63142571111111 11057 0
63142571132321 22442 0
63142573112123 22922 0
63172452312323 15540 0
63172452313211 15804 0
63174522332132 14770 0
63247511123132 10654 0
63251743133231 18938 0
63452711311313 10919 0
63452712333221 11071 0
63471522123131 13113 0
63471522323132 17748 0
63471522332132 13729 0
63472512123332 14097 0
63512743313333 14088 0
63541271212211 19556 0
63542713121333 14685 0
63574212123131 21304 0
63574212313211 15786 0
63712542221111 13159 0
63714252123131 7704 0
63714521112323 11096 0
63714522332132 10804 0
63721541233322 18364 0
63724153121213 13444 0
63725141112323 8502 0
63725141233121 12717 0
63725142123131 7414 0
63725142223133 6942 0
63725143122113 21431 0
63725143123313 20636 0
63741252222323 14994 0
63741522123131 11651 0
63742511232221 20993 0
63745123122212 14023 0
63751242221321 14468 0
63751423122311 16274 0
63752141111111 13139 0
63752141122211 11761 0
63752141123213 14256 0
63752142332132 11883 0
63752143123223 15191 0
63752143212323 13602 0
63752143223123 12411 0
63752411223212 13596 0
63752411333213 19960 0
63752412312323 8244 0
63752412322112 14984 0
63752412333113 19873 0
63754213122122 20100 0
64125371131313 17727 0
64157321133212 16593 0
64231572311132 11890 0
64257131113223 13936 0
64271533221212 12426 0
64275131212223 12649 0
64275131312123 14666 0
64275132211133 7502 0
64275132232133 7101 0
64275133231112 13054 0
64275133312211 12394 0
64275311112332 13881 0
64275311222222 16169 0
64275313312211 19662 0
64321572111131 14816 0
64321572132131 13450 0
64321572311132 14009 0
64325713121222 24667 0
64351272132131 11352 0
64357212313211 10476 0
64357213231322 13842 0
64357213312211 7708 0
64531271212211 11865 0
64531272132131 10812 0
64531273122131 11668 0
64531273123121 9877 0
64531273311311 13466 0
64531273312211 11988 0
64572131122223 14526 0
64713253112111 10589 0
65123471112311 8525 0
65123471233232 17004 0
65123472312311 10259 0
65132471212112 12529 0
65132471222111 12484 0
65132471231321 9821 0
65132471323121 14280 0
65132472131231 13119 0
65132472212231 19472 0
65132472233321 12028 0
65132473111331 15611 0
65132473313312 13255 0
65132473323311 13193 0
65132741223323 9228 0
65132743222331 11578 0
65134721233232 12425 0
65147321232113 10720 0
65172431132333 19198 0
65174232123131 9928 0
65174232133313 15870 0
65174232323312 10930 0
65174233323212 11194 0
65174233331213 16217 0
65174322313211 10475 0
65174323223123 10905 0
65213741111111 9048 0
65241371111111 15844 0
65243712121322 14292 0
65271341332331 21619 0
65271432231233 15144 0
65274131111111 15828 0
65274131311313 10940 0
65274131312213 13568 0
65274132123332 13389 0
65274133132223 11076 0
65274133232321 9440 0
65274133312223 13149 0
65314272311132 15419 0
65314272313211 16599 0
65321472111122 14742 0
65417321232113 13756 0
65417323223123 13140 0
65417323232123 17634 0
65423713321322 16178 0
65432173232321 8862 0
65471231132213 16563 0
65714323223123 14201 0
65723143321313 12860 0
65732411333123 14909 0
65742311212313 10139 0
67132541133311 11612 0
67145323133312 13200 0
67154233323332 10934 0
67215343333133 11845 0
67231541323112 13526 0
67231543323122 12696 0
67234513332122 11153 0
67245131313323 14542 0
67245311112311 16432 0
67245311133233 13746 0
67254311131133 11478 0
67254313311113 8816 0
67312452233321 9372 0
67312541121221 9645 0
67312542221111 12314 0
67321451111123 11845 0
67321451112311 12307 0
67321451212211 15396 0
67321451311133 9898 0
67321452111122 11560 0
67321453113311 12676 0
67321542232133 11770 0
67341252222323 18120 0
67342512222113 15430 0
67345122223133 7353 0
67345122232133 6720 0
67345211111123 12209 0
67345211111132 13207 0
67345211112233 18812 0
67345211113322 19220 0
67345211211122 12389 0
67345211311133 12398 0
67345212111122 12310 0
67345213111133 13873 0
67354121111111 8958 0
67354211212121 13334 0
67354211313113 19672 0
67354211333111 19488 0
67354212111221 10949 0
67354212212222 15832 0
67354212311132 9982 0
67354213111313 12305 0
67354213131311 12648 0
67354213211132 10504 0
67354213313333 13506 0
67412353132121 12669 0
67412353332221 12463 0
67412531131133 12394 0
67435121332112 14257 0
67435123123121 14079 0
67452313321232 11351 0
71234563231322 12042 0
71263541333222 21925 0
71263542323123 23001 0
71264533131323 10680 0
71264533221323 10428 0
71264533231223 10806 0
71264533231313 12073 0
71326451211311 10409 0
71326453132121 16074 0
71326543333313 21124 0
71345262132131 11405 0
71362453113311 14055 0
71365423331312 17607 0
71423563213232 15268 0
71423653213232 9981 0
71426353312211 10402 0
71426533333223 19321 0
71432561232323 15734 0
71432561323232 9347 0
71432562111221 13295 0
71432563232213 10848 0
71432563323113 13050 0
71432563323122 11051 0
71432563332113 13539 0
71435261322233 12372 0
71435262222122 12965 0
71435263211123 8432 0
71435263311122 8640 0
71435263333133 14571 0
71435263333223 12624 0
71435623333331 13301 0
71436253333112 15393 0
71452363213232 12236 0
71452632222131 15544 0
71453262222221 12551 0
71453623311122 10924 0
71456321322323 10502 0
71456322111221 10787 0
71462531113322 10038 0
71462532111212 12215 0
71462532121112 11254 0
71462533111223 15989 0
71462533221113 16336 0
71463523331222 16467 0
71523463131311 12764 0
71523463231313 14348 0
71523463331312 13862 0
71532463221332 13364 0
71534262122222 12880 0
71542633132322 11171 0
71543622111131 15130 0
71543623111121 13805 0
71546233331213 14115 0
71546322231212 15468 0
71562433123232 9341 0
71563243221221 19223 0
71625433213133 16042 0
71643252231212 14781 0
71643523331213 13895 0
72134562312212 20240 0
72136541322233 16267 0
72143563222331 12166 0
72143651121113 11359 0
72143651131112 8833 0
72143651213111 9200 0
72143651312111 10220 0
72143652111311 11520 0
72143653111211 9894 0
72145631233223 17071 0
72145633232231 17120 0
72145633312223 17444 0
72146352232223 11294 0
72163452122222 10912 0
72163453121213 9817 0
72163453131212 9242 0
72163453133333 11117 0
72163453331333 9297 0
72164353131113 14232 0
72165431113331 17191 0
72165432111113 8131 0
72165432111122 17539 0
72165432211112 20160 0
72165432323312 16511 0
72165433111112 9055 0
72165433121333 13207 0
72165433221233 14554 0
72165433233323 9054 0
72165433321223 13941 0
72165433331213 15611 0
72345611111111 26459 0
72345611133113 15307 0
72345611221223 13701 0
72345611222222 14686 0
72345611331332 13815 0
72345612122111 15094 0
72345612331331 15963 0
72345613221221 13781 0
72345613333331 13990 0
72356141112323 17378 0
72356141232113 16085 0
72356143211123 16505 0
72361453232333 8783 0
72361542333233 12517 0
72365412222212 10543 0
72365413121312 11563 0
72365413131212 11928 0
72365413331333 10072 0
72435163333313 15524 0
72513641232323 8890 0
72513641233322 10489 0
72516342313223 10738 0
72531463321232 10239 0
72534163211123 10671 0
72541631111213 9995 0
72541631111312 11607 0
72541631112131 9297 0
72541631113121 10320 0
72541632131111 11235 0
72541633121111 8708 0
72543162311111 14116 0
72543163211111 16523 0
72543611221223 8866 0
72543611223221 8301 0
72543611331332 8301 0
72543611332331 8181 0
72543612331331 9931 0
72543613132232 9170 0
72543613133222 9939 0
72543613221221 8460 0
72543613223312 9792 0
72543613322312 9595 0
72546311323112 11471 0
72546313323212 10374 0
72561342313223 8132 0
72561432213122 10921 0
72561433221233 14671 0
72561433311233 10363 0
72561433321133 9780 0
72561433321223 10180 0
72563411111213 10325 0
72563411111312 9889 0
72563411112131 9205 0
72563411113121 9486 0
72563412131111 8794 0
72563413121111 9025 0
72643513212311 12766 0
72643513212332 12354 0
73125463133132 23044 0
73146522113231 11501 0
73246153312211 15794 0
73456123231322 12300 0
73516243323113 12909 0
73516243332131 15889 0
73541262321212 24684 0
73542163321133 18157 0
73542613132121 14627 0
73542613132322 9996 0
73564213321322 23731 0
73614251112323 10311 0
73615241112323 9168 0
73615241113322 10512 0
73615242223133 7942 0
73615243123313 12670 0
73615243213313 20735 0
73615243331312 12248 0
73615243332311 20691 0
73615421113322 24645 0
73615423213211 13965 0
73615423333331 16077 0
73624513121132 17127 0
73624513332131 15740 0
73625141112323 11874 0
73625143121213 15281 0
73625143333313 13042 0
73625412222323 16919 0
73642511111111 8234 0
73642511113232 10290 0
73642511113322 8671 0
73642513223222 13333 0
73645121113211 20795 0
73645122222311 12328 0
73645211223113 12829 0
73645211231111 14455 0
73645211321111 9208 0
73645211332112 12213 0
73645213112231 19873 0
73645213333112 14881 0
73651241113322 14424 0
73652413211312 15686 0
73652413331321 15478 0
73654122111122 9251 0
73654122221111 11457 0
73654211111132 18102 0
74123563323221 9939 0
74123652322121 10826 0
74123653132232 10078 0
74123653133132 9687 0
74123653133222 14567 0
74123653133231 10268 0
74125631313311 15329 0
74125632121121 20287 0
74125632122111 17663 0
74125632131111 9177 0
74125632321332 16494 0
74125633121111 8253 0
74125633131233 15511 0
74125633132232 13854 0
74125633133222 14467 0
74125633133312 13104 0
74125633332323 9027 0
74126352333122 9464 0
74132561321231 10749 0
74132562121121 12562 0
74132562122111 14886 0
74132563131221 14082 0
74132563132112 14356 0
74136522322121 10810 0
74152363132232 11976 0
74152363133132 10717 0
74152363133222 10583 0
74152363133231 10336 0
74156322122123 11795 0
74156322122321 12982 0
74156322313223 10023 0
74156323132331 16315 0
74156323133123 15968 0
74163251121122 16062 0
74163252112211 16342 0
74163252131111 9395 0
74163253121111 9491 0
74163253131332 13959 0
74163253133132 14458 0
74163253133213 16304 0
74163253133231 13864 0
74163253332323 9414 0
74165231121212 12889 0
74165231131313 12052 0
74165231212121 12545 0
74165231313131 14323 0
74165232111212 13802 0
74165232121112 12068 0
74165232121211 13162 0
74165233111313 12500 0
74165233131113 12599 0
74165233131311 11807 0
74165233131323 12521 0
74165233132313 12840 0
74165233231313 12036 0
74213652323132 14264 0
74251633111313 17448 0
74256311321222 20996 0
74256313111232 15927 0
74265312333233 12440 0
74312652333332 12775 0
74321563311131 10929 0
74321653233323 9685 0
74325163131323 14033 0
74325612221222 9358 0
74325613121312 10994 0
74325613131212 9467 0
74325613133333 10738 0
74361253112132 17435 0
74361253211231 16861 0
74365211121221 16305 0
74365211213111 11058 0
74365211312111 9110 0
74365211313113 15425 0
74365211333111 15209 0
74365212111311 9359 0
74365212222323 14903 0
74365212333332 16028 0
74365213111211 9476 0
74365213121333 13499 0
74512361322233 16210 0
74512362313223 15286 0
74513263121222 23667 0
74521632222212 9639 0
74521633121213 9286 0
74521633121312 8754 0
74521633133333 9653 0
74521633333313 11862 0
74523611121113 9311 0
74523611131112 8854 0
74523611213111 10191 0
74523611312111 10000 0
74523612111311 10078 0
74523613111211 9336 0
74532163123223 16753 0
74561231111222 17025 0
74561232111113 9364 0
74561232221111 14888 0
74561233111112 9271 0
74561233131233 16187 0
74561233233323 9439 0
74561233311233 13961 0
74561233321133 14550 0
74561233321313 13838 0
74563211232332 15336 0
74653213133222 18421 0
75132463233233 16026 0
75143263231313 17422 0
75146321323331 15671 0
75213642223133 13630 0
75231463211123 10793 0
75234161322233 10034 0
75234162221111 14680 0
75236143213232 11949 0
75241632222323 12041 0
75243162211322 18615 0
75243611113232 10956 0
75243613213232 17376 0
75246131333312 20331 0
75246311111111 9958 0
75246313212311 9412 0
75246313312211 8243 0
75246313332332 13948 0
75261432123233 9965 0
75264132121232 12655 0
75264132223331 10626 0
75264132321212 14984 0
75264133121333 13965 0
75264133331213 14229 0
75264311223122 17257 0
75264313231112 16064 0
75312463333133 14459 0
75314621133221 11547 0
75314621313212 18336 0
75314623113122 10923 0
75316241231231 12804 0
75321461311112 10555 0
75321463132121 13660 0
75346122133133 12675 0
75346211133122 20544 0
75346211211311 10037 0
75346211311211 13783 0
75346212323333 11952 0
75346213112132 22056 0
75346213132121 13444 0
75346213132322 12338 0
75346213332122 12874 0
75412631223332 11497 0
75416323232213 14788 0
75431263133213 13834 0
75462132123212 10908 0
75613243131332 14163 0
75613243133213 12609 0
75634123323122 11709 0
75641323232111 10816 0
75642132213311 16357 0
76123453233323 10632 0
76125343333133 15945 0
76143252131312 8727 0
76143252221222 9607 0
76143253131212 9410 0
76143253331333 11764 0
76143253333313 9553 0
76145231121113 9150 0
76145231122112 20258 0
76145231131112 8226 0
76145231221112 17639 0
76145231311331 15307 0
76145232123332 16400 0
76145232233213 13969 0
76145232331313 13230 0
76145232332213 14582 0
76145233133213 15632 0
76145233232333 8932 0
76154323333112 19301 0
76213543213133 17612 0
76213543311332 17637 0
76215341231231 13683 0
76215433333133 22929 0
76231451123111 10928 0
76245311121131 13754 0
76245311131121 14690 0
76245311213312 21311 0
76245312132131 12709 0
76245313122122 15175 0
76245313123121 12818 0
76253141123132 10255 0
76253141211332 10404 0
76253413322312 20667 0
76254133311323 16051 0
76254313211111 14378 0
76312452212111 12127 0
76312453211111 11209 0
76312453311311 12382 0
76312542321212 12500 0
76312542322121 11981 0
76312543322222 12607 0
76315241112113 13751 0
76315241113112 9133 0
76315241223113 12622 0
76315241322122 13455 0
76315241323313 14684 0
76315241332112 11126 0
76315243211231 19092 0
76315243323323 14055 0
76321452122123 8593 0
76321452122321 8488 0
76321452122333 10595 0
76321452123323 9129 0
76321452212231 13603 0
76321452213122 11463 0
76321453233131 8875 0
76321453311233 13656 0
76321453313312 10039 0
76321453321133 13864 0
76321453323311 10596 0
76321542211112 10718 0
76321543211111 12089 0
76321543311131 10706 0
76324151112233 7944 0
76324151112323 10175 0
76324153323122 10258 0
76325411111213 9999 0
76325411111312 9163 0
76325411112131 10899 0
76325411113121 8747 0
76325411122121 15620 0
76325411331311 15522 0
76325412112121 17283 0
76325412231212 12915 0
76325412333233 15453 0
76325413222223 14950 0
76341251111213 10621 0
76341251111312 8083 0
76341251112131 10957 0
76341251113121 11142 0
76341251221121 15614 0
76341251311313 15378 0
76341252232313 14903 0
76341252323333 15239 0
76341253221212 14322 0
76341253233131 15249 0
76342511111231 9660 0
76342511111321 13833 0
76342511323112 12352 0
76342512232223 11065 0
76342513213112 19090 0
76342513322111 21275 0
76342513323122 12103 0
76342513323212 12892 0
76345122211112 11978 0
76345122211121 12059 0
76345122213311 23061 0
76345122311111 12944 0
76345123211111 12086 0
76345123311113 13894 0
76345123311131 12621 0
76345123312211 20374 0
76351421112323 10286 0
76351421113322 8548 0
76351423321232 17030 0
76354121121212 12619 0
76354121122121 13012 0
76354121311313 12212 0
76354121313131 15704 0
76354122111212 12580 0
76354122112121 11364 0
76354122212222 14161 0
76354123211123 12048 0
76354123211132 9706 0
76354123313333 12997 0
76354212213323 15092 0
76354212312233 13408 0
76354212313322 14158 0
76354212333332 12144 0
76354213222223 11342 0
76354213312223 13517 0
76421351131121 9863 0
76512343213313 19596 0
76512343332311 15724 0
76514321112323 15832 0
76514321232113 15565 0
76521433232333 10654 0
76523413223231 18763 0
76524313331222 16259 0
76541232131213 9909 0
76541232221222 10939 0
76541233121213 9338 0
76541233331333 11142 0
76541233333313 9398 0
76543211111111 15019 0
76543211212112 15451 0
76543211223221 13580 0
76543211332331 14584 0
76543211333333 14386 0
76543212132323 17510 0
76543212222221 13184 0
76543212323213 16242 0
76543213113131 14515 0
