12345672121232 13859 0
12345672123212 12645 0
12345672321212 12845 0
12345673131323 12005 0
12345673132313 14870 0
12345673231313 14236 0
12345761111111 9894 0
12346571111231 9117 0
12346751113133 12081 0
12347561112212 12826 0
12347651111111 21966 0
12347651122112 17765 0
12347651133311 16143 0
12347652111221 14565 0
12347652123233 17646 0
12347652123332 20970 0
12347652223232 9032 0
12347653111133 15632 0
12347653132223 16173 0
12347653132322 16199 0
12347653332323 8456 0
12354671111111 9099 0
12354761112323 11282 0
12354762121112 12362 0
12354762121211 12443 0
12354762311123 12233 0
12354763131131 12308 0
12354763133111 11718 0
12354763211123 9130 0
12356471113133 12374 0
12356741133131 12310 0
12356741313131 10726 0
12356743113131 10957 0
12357461111222 13207 0
12357461113331 11499 0
12357462211112 9960 0
12357641113331 12186 0
12364571112212 12627 0
12364751112212 11938 0
12364751113133 14816 0
12364753311131 8946 0
12365471111111 15169 0
12365471211122 15736 0
12365471313113 14485 0
12365472223232 9413 0
12365472321233 17266 0
12365473232312 15592 0
12365473332323 9344 0
12365741113331 12490 0
12367451123333 9649 0
12367451132222 10282 0
12367451213333 11056 0
12367451312222 9748 0
12367452113333 11184 0
12367453112222 14891 0
12367541112212 13778 0
12367541113331 16140 0
12367541331131 9122 0
12374561121212 10609 0
12374561211212 10993 0
12374562111212 11631 0
12374651111222 13713 0
12375461111222 13447 0
12375641113112 11838 0
12376451111222 12764 0
12376451113133 16246 0
12376451221211 9657 0
12376541112323 9208 0
12376541232233 13125 0
12376541322233 10273 0
12376542121232 12531 0
12376542123212 11530 0
12376543133132 13272 0
12376543133231 12448 0
12456731132321 18933 0
12456731233223 11301 0
12456733223321 11725 0
12463751231231 17812 0
12467351131121 10609 0
12467351231321 9873 0
12473561132123 11943 0
12536741112323 16836 0
12537461332112 11061 0
12543671111111 22058 0
12543671211212 14667 0
12543671331113 15724 0
12543672121121 17859 0
12543672321332 21063 0
12543672322232 9131 0
12543672331232 17746 0
12543673111331 16245 0
12543673221323 16228 0
12543673231223 16190 0
12543673233323 8478 0
12546371221331 13592 0
12563472131213 9631 0
12563473131212 11922 0
12564733323122 11401 0
12567433232333 12417 0
12576343212221 16918 0
12637451132111 17091 0
12637451332112 14083 0
12643571321321 12067 0
12645371131121 11724 0
12673542331133 17615 0
12734561112323 16208 0
12734561322233 16185 0
12734562313223 15832 0
12745631111111 22036 0
12745632111122 16317 0
12745632212213 14151 0
12745632222221 14216 0
12745632232211 14337 0
12745633131131 16440 0
12745633313312 14114 0
12745633313333 17090 0
12745633323311 16460 0
12753462231323 12065 0
12763452322232 9327 0
12765432121313 9884 0
12765432222212 9423 0
12765433121213 9440 0
12765433331333 9804 0
13245671321111 9920 0
13246571111111 8167 0
13246571112233 9229 0
13246571113232 12115 0
13246572321332 12460 0
13246572331232 12386 0
13246573221233 12166 0
13246573321223 12369 0
13246752133211 17436 0
13247563212131 16710 0
13254761322233 12330 0
13254761323322 11900 0
13254762321233 15914 0
13254763323122 10506 0
13257641112233 14854 0
13265741112323 11987 0
13265742131312 15835 0
13267451122211 8934 0
13267451311133 13697 0
13267541111132 15083 0
13267541232212 12380 0
13274651112323 10295 0
13275461112233 20024 0
13275463213211 13342 0
13275641112233 9569 0
13275641112323 9008 0
13275642131333 12935 0
13275643212221 14522 0
13276451113211 14445 0
13276451233133 13869 0
13276541133122 20145 0
13276541213312 25294 0
13276541321123 21034 0
13276541322311 19517 0
13276541323112 13043 0
13276541323322 12233 0
13276542323312 12161 0
13276543323122 12887 0
13462571111111 16670 0
13462572213311 16252 0
13527461211113 11028 0
13542671231231 11957 0
13546271213213 8963 0
13546271231231 14698 0
13546271321321 11823 0
13572641122133 9332 0
13576241312213 15072 0
13576241321321 12816 0
13627451332112 14833 0
13642571221223 10838 0
13642571223221 10605 0
13642573221221 12183 0
13645271221331 12371 0
13647521111111 10862 0
13675241112323 15068 0
13675242331313 12769 0
13725642332132 14711 0
13754262123323 18737 0
13762451321321 17714 0
13764251211311 10652 0
13764252323231 13750 0
13765422121211 24873 0
14263751131121 9984 0
14267351321321 12386 0
14275633323122 13578 0
14325671111111 15285 0
14325672112121 15858 0
14325672231323 16620 0
14325672323222 9535 0
14325673123232 16966 0
14325673232333 9242 0
14325673311131 14598 0
14327652131213 12040 0
14327653121213 9539 0
14352672212111 12604 0
14356721112323 16792 0
14356721322233 16372 0
14367252322232 9765 0
14367523311113 11422 0
14523672121313 9745 0
14523673121312 11267 0
14527631121311 10373 0
14527631131211 8339 0
14527631133311 15155 0
14527631211131 11170 0
14527631311121 11119 0
14527632122213 17205 0
14527632212111 16300 0
14527632333332 17252 0
14527633132322 15926 0
14527633312133 15074 0
14536273311311 12674 0
14537622231323 16437 0
14563272323222 9867 0
14567231312213 17402 0
14567231321123 17188 0
14573261333111 11556 0
14625731111111 15290 0
14625731131121 9719 0
14625731322233 23024 0
14625732112121 12723 0
14625732113321 14465 0
14625732213323 15248 0
14625732233111 13656 0
14625733133111 12857 0
14632571111111 17726 0
14632571321132 11759 0
14652733321331 12279 0
14673251111111 9321 0
14723651111213 9166 0
14723651111312 8448 0
14723651112131 11387 0
14723651113121 14589 0
14723651211212 17802 0
14723652322121 13817 0
14723652331232 16544 0
14723653232222 16389 0
14723653313111 15384 0
14723653321313 15677 0
14725361111111 15095 0
14725361111123 13884 0
14725361322332 21545 0
14725362211121 13583 0
14725363211213 15207 0
14725363213121 13616 0
14725363223213 14874 0
14725363311113 13036 0
14726531223122 15054 0
14726531232122 14383 0
14726531233313 14070 0
14726531333312 13810 0
14726532232313 11768 0
14726533323122 12535 0
14735621221112 13250 0
14735621223113 12215 0
14735621223332 21425 0
14735621233112 13769 0
14735621323112 13305 0
14735621332112 12897 0
14735621333111 11926 0
14735621333222 21769 0
14736251111132 10376 0
14736251112332 10280 0
14736253222223 10815 0
14736521132222 12269 0
14736521133131 12950 0
14736521211212 14493 0
14736521213333 12677 0
14736521221313 14250 0
14736521321231 12368 0
14736521322233 8195 0
14736521332121 13858 0
14736523112222 12285 0
14736523113131 12249 0
14752363222121 13964 0
14752363232222 12933 0
14752363233131 12231 0
14752631111111 15763 0
14752631112311 14953 0
14752631323223 20697 0
14752632332132 13033 0
14752633213223 12126 0
14752633222223 12626 0
14752633223123 12287 0
14752633223231 21480 0
14753261221112 9916 0
14753261323112 11933 0
14753261333111 10888 0
14762351221331 12211 0
14762351321231 12037 0
14762351331221 13909 0
14763251221223 10113 0
14763251222312 9883 0
14763251332331 12101 0
14763251333123 9312 0
14763252322121 8218 0
14763253132232 8413 0
14763253133132 8199 0
14763253133222 9282 0
14763253133231 8636 0
14763253221221 9441 0
14763253222112 9996 0
14763521113211 10054 0
14763521113223 11263 0
14763523222331 16528 0
14765231111213 9512 0
14765231111312 9802 0
14765231112131 8667 0
14765231113121 12106 0
14765231133131 15529 0
14765232211211 15920 0
14765232232322 15833 0
14765232331313 16478 0
14765233113131 15659 0
14765233323332 15197 0
15236471111111 12096 0
15236473231121 12074 0
15243671331221 12708 0
15246371331332 11519 0
15246371332331 10871 0
15246372331331 10492 0
15267431223113 12292 0
15273641112323 16682 0
15324673113311 12347 0
15342671211311 8998 0
15346271321321 12504 0
15367421211113 17859 0
15367421223113 13726 0
15367423211123 13576 0
15426371111111 16845 0
15426371112233 16640 0
15463271313113 11303 0
15624732123212 15485 0
15624732133313 13872 0
15624732333332 13235 0
15627431223113 10122 0
15627431322113 14556 0
15627431332112 11404 0
15634722123332 8990 0
15634722321233 10471 0
15637423211123 10217 0
15642371111111 10636 0
15642372213311 10368 0
15642372231332 13067 0
15642372331322 11470 0
15642373212311 13150 0
15642373221323 12333 0
15642373231223 13160 0
15643271221331 16164 0
15643271331221 13801 0
15643273223111 9214 0
15647233213232 12550 0
15672341113232 10931 0
15672341323112 12103 0
15672342323312 10688 0
15672343213232 11842 0
15672433312133 18864 0
15724362212132 13113 0
15724631111111 14769 0
15724631211311 9326 0
15724631322233 21319 0
15724632123233 12115 0
15724632313223 23634 0
15724632323231 12618 0
15724632323333 12210 0
15724633132322 11520 0
15734622331223 12809 0
15746321111111 16236 0
15746321323211 10801 0
15746322313112 10282 0
15762342122213 15488 0
15763241111111 9074 0
15763242323132 12543 0
16243571132132 9980 0
16243571231231 13093 0
16243571321321 11380 0
16245371231231 13321 0
16254733312223 15266 0
16257431132111 10938 0
16257433223123 13894 0
16273541122133 16398 0
16273541321321 12639 0
16275341312213 13899 0
16275343122221 15741 0
16327453232333 9116 0
16342571331221 12257 0
16345271111111 15266 0
16345271133131 14584 0
16345271222111 15829 0
16345272322232 9508 0
16345272333212 15682 0
16345273122323 17683 0
16345273233323 9363 0
16347252131312 11245 0
16347253121312 9718 0
16357421223113 11685 0
16374521112323 16970 0
16374523211123 16759 0
16423572112121 11707 0
16427531211311 10650 0
16427531231321 7980 0
16427532333233 17433 0
16453271111111 17950 0
16453271211113 13458 0
16453272111131 13603 0
16475233132313 17803 0
16523473332323 9143 0
16523741112212 11949 0
16524731112212 15433 0
16524731112233 12153 0
16524731113133 12838 0
16527341111111 10018 0
16527431123333 11333 0
16527431222132 9911 0
16527431312222 9706 0
16527431333213 9361 0
16527432113333 11861 0
16527432211322 10480 0
16527432231122 8697 0
16527432231332 8599 0
16527432331322 8864 0
16527432333113 9437 0
16527433312133 8776 0
16532471111222 12348 0
16534271111111 10234 0
16534271111132 8387 0
16534273211111 10190 0
16534723211123 8052 0
16537421111222 12160 0
16537421113322 11428 0
16537421113331 12354 0
16537421223113 11028 0
16537421233112 14799 0
16537421332112 10581 0
16542371221331 12784 0
16542371331221 16265 0
16542372112331 9758 0
16543271221223 14765 0
16543271223221 9629 0
16543271331332 11070 0
16543271332331 10940 0
16543272331331 9531 0
16543273221221 10161 0
16543721111111 8855 0
16543721113211 8397 0
16547233332323 10866 0
16547321113331 14164 0
16572431111111 11972 0
16572433213223 14150 0
16573241123123 9509 0
16573241312312 10788 0
16574231113133 12350 0
16723451122133 15184 0
16723451322311 15562 0
16725431121311 9130 0
16725431131211 9265 0
16725431211122 15907 0
16725431211131 11350 0
16725431311121 8242 0
16725432211121 17421 0
16725432232223 14842 0
16725433113311 15273 0
16725433122212 13619 0
16725433333232 15386 0
16735242122213 13394 0
16742352232313 10982 0
16743252323222 8990 0
16745232121313 9757 0
16745232122222 8724 0
16745233121213 9236 0
16745233333313 11187 0
16753241221112 11539 0
17246351111111 15846 0
17265433111313 13686 0
17324561211323 16483 0
17324561232332 10039 0
17326452212111 12470 0
17356241212313 11041 0
17356242211331 22329 0
17362451211311 10354 0
17362451231321 10301 0
17362452213311 8510 0
17364251231231 12790 0
17423653213232 12564 0
17425631122112 13187 0
17425631223113 12567 0
17425631313113 11938 0
17425631322113 13631 0
17425631322332 21684 0
17425631323112 13348 0
17425631323223 19815 0
17425631332112 12665 0
17426531112233 10248 0
17426531121212 12791 0
17426531132312 13483 0
17426531213123 18802 0
17426531223221 13560 0
17426531232233 9681 0
17426531313131 12408 0
17426531331332 14282 0
17426532121211 11296 0
17426532331331 14678 0
17435622211133 8718 0
17435623211123 8838 0
17436521323232 11677 0
17452363213232 11949 0
17452363322132 14204 0
17452633213232 12646 0
17453262211133 10287 0
17462352213311 9353 0
17463251122112 13403 0
17463251221331 16291 0
17463251313113 10840 0
17463251321231 12287 0
17463251323112 12761 0
17463251331221 15517 0
17526431131121 10631 0
17526431231321 8506 0
17526432123233 11263 0
17543261111111 14157 0
17543261132111 13420 0
17642531111111 16494 0
17642531112233 21752 0
17642533312211 17162 0
17643251122112 11579 0
21345671111111 11822 0
21345762223322 13054 0
21345762312323 9129 0
21345762313223 9547 0
21345763332233 14504 0
21346752313322 9309 0
21347562312323 16805 0
21354671122112 11405 0
21354671131313 13251 0
21354671221112 11379 0
21354672311123 13034 0
21354672311132 10388 0
21354672313211 26856 0
21354673131113 12422 0
21354761112233 25413 0
21354761112311 12943 0
21354761113211 12349 0
21354761113322 20261 0
21354761122211 12281 0
21354761133311 12858 0
21354762213311 21012 0
21354763312211 19498 0
21357462311111 16526 0
21357463213331 12613 0
21357642221132 17743 0
21364752311111 15193 0
21364753212212 12794 0
21365742221312 12671 0
21365742312323 15189 0
21367451311331 10691 0
21367452112112 9403 0
21374653333121 16891 0
21375462312233 13876 0
21375463333211 16174 0
21376541111123 10829 0
21376541112311 12003 0
21376541122211 10670 0
21376541131133 11738 0
21457631321123 22367 0
21473563331312 18532 0
21536742222131 24132 0
21654372231323 11860 0
21654372233321 10945 0
21654373332122 10570 0
21654373332221 12122 0
21734652123131 16630 0
23147562123131 11936 0
23147651112323 10615 0
23147652312323 8174 0
23156471222132 13547 0
23156471333132 13978 0
23156473323332 15509 0
23157461231333 16496 0
23157462131123 18646 0
23164573213133 12154 0
23164752131312 14254 0
23164753333313 13433 0
23165471111111 9738 0
23165471311133 12734 0
23165471312132 13686 0
23165472111122 12607 0
23165472111332 14487 0
23165472132332 15128 0
23165472311111 15170 0
23165473233221 22901 0
23165741112323 9001 0
23165741231312 13262 0
23165742123131 7414 0
23165742131321 13127 0
23165742131333 21984 0
23165742312323 10840 0
23165743331312 22001 0
23167541233322 13096 0
23167542131222 14129 0
23174652123131 8315 0
23175463211222 14119 0
23176452132221 16107 0
23176453332233 15736 0
23416752121211 14977 0
23417563232123 10932 0
23456173212332 10360 0
23456173233122 9009 0
23456713212332 11689 0
23475162121112 13035 0
23517462131333 15155 0
23576412233321 15747 0
23576412312323 15583 0
23657142121112 19594 0
23671452122333 20766 0
23674153232321 9351 0
23751461132123 10605 0
23751463112321 10417 0
23756143222331 13255 0
23756411222312 10697 0
23756413222112 10983 0
23756413223312 10664 0
23756413322312 11150 0
24153672321233 12433 0
24157361313212 11593 0
24157362323111 11542 0
24167353132232 19048 0
24173652323231 8062 0
24315673311311 12466 0
24315761122322 17679 0
24315762213323 12111 0
24351671212211 13687 0
24351673111133 9237 0
24351673311311 16043 0
24351761111123 15058 0
24351761212232 12504 0
24367511323112 12654 0
24367513111121 9050 0
24376512222122 15472 0
24516732233111 8769 0
24531673123121 11677 0
24536713231232 13831 0
24537613231322 17496 0
24561372111131 9209 0
24563711121212 12433 0
24563712121232 13090 0
24563713121222 18056 0
24571362221213 19403 0
24571631121212 13872 0
24615371112332 12788 0
24615372213311 15166 0
24615731122313 22118 0
24615731132333 13240 0
24615732111323 22104 0
24615732213311 10819 0
24615732233321 9123 0
24615733113323 13105 0
24615733311122 7111 0
24617532233321 14602 0
24637512311132 11756 0
24651731113223 14249 0
24651731333333 13002 0
24715363311332 13415 0
24715631111111 14134 0
24715631122121 12928 0
24715631122133 14680 0
24715632313223 20123 0
24715633112111 9453 0
24715633131131 11528 0
24716532323231 14434 0
24731561111111 17695 0
24731562311231 11516 0
24736512222332 16834 0
24751362221231 16868 0
24751362321113 18169 0
24761531221223 19286 0
24763151111111 8993 0
24765313222112 22030 0
25134672233321 21850 0
25134672312323 17258 0
25134672313211 16600 0
25137461111111 11626 0
25137461211323 10324 0
25163741112323 14479 0
25314673111313 12277 0
25314673111331 10703 0
25314673131311 10931 0
25341673113311 12162 0
25341762313223 14837 0
25364172311231 18306 0
25364173223231 9948 0
25367411211122 11656 0
25413672323111 18397 0
25413763121222 18432 0
25436711311313 12469 0
25436712123122 14178 0
25436712123332 12139 0
25436712132122 15518 0
25436712323231 14686 0
25436713232321 11589 0
25436713332122 12300 0
25463713212332 13847 0
25471362323132 8865 0
25471631312213 18725 0
25631741212121 19583 0
25634713321232 13367 0
25641371213132 17715 0
25714632123131 9897 0
25714632223331 12545 0
25714632313211 24885 0
25714633121333 16182 0
25716431212223 15706 0
25716433223213 20566 0
25731642232211 18508 0
25734162221111 11723 0
25734613113323 19677 0
25736141111123 8081 0
25736141233232 14143 0
25736411133113 13011 0
25736411231321 10269 0
25736411321312 13224 0
25736411331113 12257 0
25736413123112 15214 0
25741361232113 11883 0
25741632222323 12221 0
25741632312323 11785 0
25743611233232 19466 0
25763142223133 11286 0
25763411332322 9156 0
26135742132221 17206 0
26135742213323 8738 0
26135742332312 16563 0
26153471122121 11288 0
26153473131131 10004 0
26153473132121 14655 0
26154372332213 18880 0
26175432331133 16232 0
26317451212211 12079 0
26345711223113 10964 0
26371453112111 10141 0
26415731322323 14542 0
26415732121223 12868 0
26415732233321 21046 0
26435712222122 20887 0
26435712233321 10347 0
26435712311132 6536 0
26435712322322 22031 0
26435713311122 7890 0
26435713333133 16474 0
26437512122312 14380 0
26453172211133 11195 0
26453711333333 14205 0
26513471122121 14857 0
26517343333313 20649 0
26534713333313 18722 0
26543171111111 17185 0
26543171123111 13961 0
26547313131323 17807 0
26573413331312 14872 0
26714531212133 16770 0
26714532121133 16919 0
26715433231322 19242 0
26741351232113 14250 0
26743512121232 24945 0
27134561131133 11974 0
27154632311132 16749 0
27314652313211 16813 0
27365412321212 13519 0
27415363131113 12445 0
27415632323231 21054 0
27415633321322 15222 0
27416532133232 9803 0
27416533321232 10328 0
27435612122222 13585 0
27453161123111 12615 0
27453161132111 15184 0
27456133132223 14505 0
27516341111111 9230 0
27534161111111 8044 0
27534161111123 12873 0
27534162311111 8636 0
27534612311132 8326 0
27536412332312 17321 0
27543611111123 16991 0
27543611111132 12431 0
27546312231122 18796 0
27613543333133 19479 0
27614353311332 24108 0
27615431312333 17471 0
27615432113321 8715 0
27615433313213 13878 0
27634511131133 14037 0
27634512233321 7987 0
27643513311233 18486 0
31246753312211 9773 0
31247651113232 7729 0
31247651323232 11284 0
31256471231222 13206 0
31257462222221 18288 0
31257462312311 16105 0
31257643311122 10865 0
31264572122213 13843 0
31264573132313 13031 0
31264573222223 12467 0
31264752132122 16167 0
31264752313121 17359 0
31265471111111 13976 0
31265471122112 13674 0
31265471122133 13637 0
31265471312213 15229 0
31265471313113 13140 0
31265471321111 15120 0
31265472233321 21642 0
31265472312233 14973 0
31265741233331 13513 0
31267542222233 16894 0
31267542313133 18194 0
31275461112233 9115 0
31275461322233 8835 0
31275462133211 13106 0
31275462223211 13086 0
31275462311213 14786 0
31275462312212 14702 0
31275463311122 8746 0
31276452133322 14888 0
31276452313313 16188 0
31452671323211 10588 0
31452671332232 10705 0
31452672322331 10767 0
31456722111221 10855 0
31462751111111 16991 0
31462751113322 16398 0
31475261322233 23443 0
31475262331313 18607 0
31475262333221 13819 0
31524673332122 11081 0
31527643332122 14279 0
31564272212111 12228 0
31564272213311 12055 0
31564273113311 13929 0
31572461122133 9201 0
31624751112233 15861 0
31624753312211 15699 0
31627452221333 14992 0
31654272313322 15370 0
31754621331122 22950 0
31765242322121 22055 0
32145671111111 21922 0
32145671123333 14135 0
32145671132222 14171 0
32145671221112 16204 0
32145671333333 17112 0
32145672113333 16480 0
32145672212222 14315 0
32145673112222 14361 0
32145673311113 16319 0
32146751232323 12195 0
32146752232223 10658 0
32147562313223 10630 0
32147562333233 17435 0
32147651123333 9196 0
32147651132222 8656 0
32147651213333 10296 0
32147651312222 9334 0
32147652113333 8855 0
32147652231332 9062 0
32147652233213 10435 0
32147652331322 9565 0
32147652332213 9243 0
32147653112222 8417 0
32156471111111 9347 0
32156471113211 14655 0
32156471232332 23655 0
32156472312332 12501 0
32156472332132 12230 0
32156472332321 21196 0
32156472333332 11999 0
32156473223123 11549 0
32156741112323 11113 0
32156742311123 12641 0
32156742313223 9776 0
32156742333131 16285 0
32157641232323 11665 0
32157642231323 12108 0
32164571111111 15049 0
32164571111231 15796 0
32164571232323 12007 0
32164572232223 12304 0
32164572232313 12721 0
32164572233321 20798 0
32164572312323 21501 0
32164573323212 13052 0
32165741111111 9469 0
32165741111132 14016 0
32165741233223 20149 0
32165742211112 12804 0
32165742331112 14705 0
32165743311131 11411 0
32167451111111 15027 0
32167451213333 15151 0
32167451222222 15765 0
32167451312222 14769 0
32167451333111 14279 0
32167452211121 15643 0
32167453222313 15398 0
32167453313333 13409 0
32167453321232 15178 0
32174561112323 9273 0
32174561232113 10127 0
32174561232233 11486 0
32174562231212 12816 0
32174652312332 11287 0
32174652332132 11274 0
32175461111111 15341 0
32175461113112 9374 0
32175461221112 12244 0
32175461333111 11240 0
32175462233111 14096 0
32175462312323 19697 0
32416753121222 18433 0
32417562113321 15695 0
32417652132131 13670 0
32417653132121 14257 0
32451762331121 10253 0
32456173212332 12829 0
32456711233133 24909 0
32465172112121 12088 0
32465172132131 13348 0
32465172133121 13328 0
32465172332321 21302 0
32465173123121 12026 0
32465173132121 13868 0
32465173133111 12770 0
32465173233221 21641 0
32475161232323 14447 0
32475163331222 13460 0
32476513232231 11560 0
32517463131311 14110 0
32546713323212 12690 0
32547611121113 11673 0
32547611131112 9769 0
32547611213111 10433 0
32547611312111 12156 0
32547612111311 12153 0
32547613111211 9492 0
32561471113133 17355 0
32561471121311 8329 0
32561471122211 17678 0
32561471131211 9047 0
32561471211131 14465 0
32561471311121 11266 0
32561472133313 15767 0
32561472213122 13917 0
32561473222223 16416 0
32561473323212 16558 0
32567412122222 12178 0
32567412131312 10014 0
32567412222212 9483 0
32567413131212 9505 0
32567413133333 9332 0
32576142313223 16511 0
32615473332122 14000 0
32647152133121 12418 0
32647153132121 17119 0
32647512333233 19364 0
32657143121213 18386 0
32657412111212 24914 0
32671453123313 17714 0
32674152113333 18767 0
32714652332132 12670 0
32716452123212 15084 0
32741651121311 12121 0
32741651131211 9472 0
32741651211131 12134 0
32741651311121 10408 0
32741652111113 9892 0
32741653111112 11785 0
32745611223332 15176 0
32745612313322 15292 0
32745612322331 15345 0
32751643321232 19484 0
32754163211123 15486 0
32756141233121 19771 0
32761452121313 8640 0
32761452122222 9615 0
32761452222212 8810 0
32761453121312 11564 0
32761453133333 12209 0
32765411112221 16904 0
32765411121113 10533 0
32765411131112 8281 0
32765411133113 15516 0
32765411331113 15537 0
32765412221312 17410 0
32765412323222 9270 0
32765413122212 13871 0
32765413223312 14870 0
32765413231223 14976 0
32765413322312 14916 0
34125672131213 9260 0
34125672131312 9640 0
34125672221222 8745 0
34125673133333 11281 0
34127651121113 9144 0
34127651131112 9125 0
34127651213111 9776 0
34127651312111 9779 0
34127652111311 9490 0
34127653111211 9099 0
34162752132212 24348 0
34165271112212 17344 0
34165271121311 9685 0
34165271131211 9395 0
34165271211131 11981 0
34165271311121 8543 0
34165271311133 15535 0
34165272323333 15214 0
34165273133312 16357 0
34165273222322 15248 0
34165273311131 15410 0
34167252213323 15579 0
34172562132332 17030 0
34172562313331 16882 0
34175263321232 13733 0
34216572213122 18763 0
34261572132131 9799 0
34261572133121 11956 0
34261573123121 10772 0
34265712212132 16240 0
34275161312213 13639 0
34275162112322 14680 0
34275162213221 15946 0
34516271111111 10534 0
34516272312332 13843 0
34516722313223 9282 0
34517622231323 12102 0
34521672223232 9087 0
34526713232312 8605 0
34527612211322 14658 0
34527612231122 15060 0
34527612231332 14688 0
34527612331322 14937 0
34527613312133 10255 0
34561272122123 9879 0
34561272122321 9762 0
34561272212213 9458 0
34561272213122 8879 0
34561272232211 10142 0
34561273221233 8654 0
34561273233131 9196 0
34561273311233 9340 0
34561273313321 12131 0
34561273321133 9519 0
34561273321223 8322 0
34561721111111 11743 0
34562171321111 10157 0
34562171321231 10402 0
34562172232313 10905 0
34567212223232 8912 0
34617252111212 12182 0
34617252123212 13004 0
34617252132212 13067 0
34617522221333 13742 0
34621572132131 11637 0
34625172111212 13493 0
34627512232313 9126 0
34651271123111 8956 0
34651272332132 12641 0
34675212222122 21943 0
34715262221123 16213 0
34716522223211 17313 0
34721652121313 10136 0
34721652131213 9626 0
34721652221222 9461 0
34721652222212 12083 0
34721653333313 9235 0
34725611212211 16184 0
34725612111113 8186 0
34725612121322 17388 0
34725612231212 13855 0
34725612231332 15034 0
34725612322232 9241 0
34725612331322 14997 0
34725613111112 10438 0
34725613111133 15443 0
34725613132223 14876 0
34725613311113 15424 0
34761252323222 8813 0
35126741232212 16650 0
35126742231233 16798 0
35127462331331 18455 0
35162472122231 15150 0
35162472123233 12414 0
35162473122221 14264 0
35162473323131 13904 0
35162473332122 11859 0
35162473332131 13944 0
35162742213323 14313 0
35167242132212 19166 0
35172461232323 14916 0
35174262213131 16339 0
35174262231113 17478 0
35246171111111 16090 0
35246171113322 15715 0
35246172213311 16060 0
35267141223233 11156 0
35267141321132 18561 0
35271461322233 14805 0
35416721113112 10435 0
35416723232213 10261 0
35417622223133 12630 0
35426712131132 14990 0
35426712311312 14077 0
35426713111313 12148 0
35426713131113 11071 0
35426713312211 9392 0
35461271111231 11145 0
35461271321231 10080 0
35461272222323 16547 0
35462171131313 11813 0
35462171212121 11942 0
35462171221223 12138 0
35462171332331 14382 0
35462172213311 8209 0
35462172223331 12462 0
35462172312131 14281 0
35462173123211 13878 0
35462173131311 12274 0
35462173221221 12837 0
35462712322322 17406 0
35472163222313 8925 0
35472163231322 15058 0
35476122221111 11902 0
35614722321233 11807 0
35617423131332 14108 0
35624712121232 10793 0
35624712321212 11269 0
35624712321332 11108 0
35624712331232 10819 0
35714623111322 25027 0
35721642221213 24817 0
35762142222113 16715 0
36125471111333 16896 0
36125471212112 17519 0
36125471213111 8344 0
36125471222111 15999 0
36125471312111 11448 0
36125472111311 9227 0
36125472121223 13501 0
36125473111211 9362 0
36125473232222 14942 0
36125473323233 17129 0
36125743222331 19125 0
36127451333222 14915 0
36145272122222 9299 0
36145272131213 9537 0
36145272131312 9976 0
36145273333313 9896 0
36147251121311 9532 0
36147251131211 10191 0
36147251211131 10294 0
36147251311121 10105 0
36147252111113 10390 0
36147253111112 10077 0
36152741231312 15798 0
36152742131321 20591 0
36172452133133 15397 0
36217452131333 20963 0
36217541223311 10397 0
36217543213112 13580 0
36241573212332 12164 0
36241753212311 8464 0
36415272123212 24899 0
36417522123311 15711 0
36514272212111 17587 0
36521472113321 15319 0
36521472331121 15865 0
36527411131133 15658 0
36527412111113 9274 0
36527412131222 13467 0
36527412211322 14268 0
36527412221312 13349 0
36527412231122 14336 0
36527412322232 8286 0
36527413111112 9840 0
36527413311311 15147 0
36541272323222 9422 0
36542712121322 14959 0
36547212121313 11598 0
36547212122222 8900 0
36547212131312 8735 0
36547212221222 9714 0
36547213331333 12088 0
36712542121112 10797 0
36712542121121 10766 0
36712542121211 11081 0
36712542122111 11246 0
36714252232223 8728 0
36714521232113 9515 0
36714522121322 14897 0
36714522122213 13982 0
36714523132223 12154 0
36714523132322 12226 0
36721451131331 16252 0
36721452121322 13323 0
36721452122123 14314 0
36721452122213 13451 0
36721452122321 14244 0
36721452131111 9961 0
36721452223232 8188 0
36721453113113 17709 0
36721453121111 9396 0
36725411121212 11844 0
36725411131313 11930 0
36725411212121 12909 0
36725411313131 11830 0
36725412111212 12620 0
36725412121112 11675 0
36725412121211 12756 0
36725412121232 11958 0
36725412123212 13003 0
36725412321212 13076 0
36725413111313 14042 0
36725413131113 12707 0
36725413131311 14882 0
36741252122123 15038 0
36741252122321 14632 0
36741252122333 14913 0
36741252123323 14669 0
36741253233131 10228 0
36745211211221 15290 0
36745212121223 13753 0
36745212122312 17296 0
36745212122333 14968 0
36745212123323 15020 0
36745212131111 10560 0
36745212223232 9143 0
36745213121111 8308 0
36745213131131 15541 0
36745213133111 15557 0
36745213232213 14997 0
36751243222322 9041 0
36752142122132 13246 0
36752142123221 15236 0
36752143132232 12148 0
36752143133222 12897 0
36752143211132 10367 0
36754123232222 14769 0
37246511112233 15517 0
37256142321233 11827 0
37415622333221 12974 0
37426513132313 14792 0
37452162323312 11131 0
37516422333311 14268 0
37561241311112 8875 0
37612453122233 14961 0
37612542221111 13342 0
37614252221123 13724 0
37614521111111 14804 0
37614521323232 11714 0
37614522111221 12254 0
37614522113321 14152 0
37614522313322 15640 0
37614522323312 12283 0
37614523232213 12582 0
37615421113322 10321 0
37615422211133 7660 0
37615422223133 7771 0
37615422313121 21009 0
37615422313331 22005 0
37615423121132 16591 0
37624152311213 17223 0
37624511232233 10387 0
37624512121322 15120 0
37624512231212 13130 0
37624513131323 12991 0
37624513231313 12239 0
37641252222323 17478 0
37642152213311 8306 0
37642513122221 19795 0
37645122312221 13880 0
37651242211133 12871 0
37651422312311 14503 0
37652141113232 8103 0
37652143231322 14156 0
37654212311222 16808 0
41236753232321 11202 0
41237561313131 17664 0
41263751312222 18416 0
41325671212211 13419 0
41325762313223 20002 0
41325763131233 13243 0
41352671212112 10589 0
41352671212121 10971 0
41352671222111 11613 0
41357622313112 10900 0
41367253111133 11670 0
41532672313211 15952 0
41532761233133 16291 0
41563273113311 12265 0
41576322212222 14030 0
41625372313211 13783 0
41625373121213 13241 0
41625731222231 14235 0
41635721212121 18389 0
41657321222312 18651 0
41673252212222 19381 0
41673521111111 8976 0
41723562313211 14707 0
41725361232113 6916 0
41725361321213 14685 0
41725362221213 14694 0
41725362313211 8735 0
41725362313223 9099 0
41725363121222 13009 0
41725363121231 13061 0
41725631111111 9352 0
41725631211122 12145 0
41725632322331 19674 0
41725633111133 11141 0
41725633121123 14071 0
41725633211111 15250 0
41726352313322 9174 0
41726532312233 14816 0
41735261323313 18683 0
41735262312233 13612 0
41735263123223 15622 0
41735621233232 13580 0
41735622313322 14354 0
41736521233232 14966 0
41736522332231 9050 0
41752631222123 12939 0
41752632311123 11458 0
41752632312323 10250 0
41752632313211 26779 0
41756231321213 17002 0
41756233121231 17000 0
41762532221333 17387 0
41762533123331 16240 0
41765231233232 13640 0
41765322221312 18735 0
41765322313211 23345 0
41765323122212 13794 0
42136752131312 18721 0
42137561123333 18447 0
42137653122131 12496 0
42137653132121 14673 0
42157633231322 12553 0
42163751121212 24604 0
42165373223123 10734 0
42167532131333 17797 0
42315673112111 9800 0
42351671212211 12805 0
42351763231133 16689 0
42367153111121 14056 0
42367153211123 13538 0
42516372233111 10391 0
42561733323122 14406 0
42573612323231 7823 0
42573613322231 11377 0
42613572313211 14734 0
42615371313332 13031 0
42615372213311 9111 0
42615372221213 14403 0
42615372313211 9457 0
42651372213311 16785 0
42651733311122 12149 0
42673512232133 11829 0
42751632321233 17555 0
42751632323231 10752 0
43126572133313 15363 0
43167251232212 24142 0
43176252123131 17157 0
43176252311132 21424 0
43216573132121 11999 0
43216573132223 10390 0
43216573212311 12422 0
43216573212332 16006 0
43512671313332 17531 0
43527612312323 8481 0
43561271111111 9864 0
43571262122222 18296 0
43572161111111 11080 0
43572612312323 9793 0
43576211123222 16185 0
43576212112232 17455 0
43615271333312 13157 0
43615272113321 12083 0
43617521223221 18551 0
43621752213323 15056 0
43651722323132 11050 0
43675122222122 14077 0
43675211221331 13534 0
43721653231313 14084 0
43751623123313 15810 0
43765212222122 16123 0
45167323322231 14218 0
45176231131313 10673 0
45176231133113 12318 0
45176231331113 10961 0
45176233131113 10775 0
45176321131133 12286 0
45213672221123 16588 0
45273162222122 17543 0
45276131131133 12279 0
45312671222312 12264 0
45312672223331 12211 0
45312672233321 9256 0
45312672313211 24826 0
45312673132313 20032 0
45312673222112 12346 0
45312673231313 20027 0
45312761113211 12015 0
45312761133311 10488 0
45312762221111 16026 0
45312762311111 12446 0
45321671212211 13197 0
45321671221121 9859 0
45321673113311 11473 0
45327612222323 12186 0
45362712122222 18638 0
45367122223133 11122 0
45367211111132 11836 0
45367211211122 9901 0
45367213111133 10867 0
45376121131133 11918 0
45376121331311 14105 0
45376211333123 13051 0
45376213131323 20285 0
45376213333322 13942 0
45612371133221 20244 0
45612372331121 25391 0
45612373112231 20915 0
45612373132121 12325 0
45612373132223 12759 0
45612373322111 19396 0
45612373332122 12261 0
45612373332221 13062 0
45613271331221 12475 0
45613272233111 14960 0
45621373123331 12517 0
45621373211111 16499 0
45621732212123 18622 0
45621732233333 16476 0
45623712332123 11580 0
45623713322321 10182 0
45637123132121 12734 0
45637123332122 15168 0
45671231132231 11236 0
45671233112132 11570 0
45673212212132 18075 0
45673213211222 16775 0
45713623223132 14430 0
45721363321313 15999 0
45721363322231 18410 0
45732612233321 15390 0
45736121122211 11250 0
46123571111111 11037 0
46123573232123 13912 0
46125731333123 19442 0
46127351131313 12744 0
46127352131333 12898 0
46127353131323 13011 0
46135272133313 13572 0
46153273131131 12317 0
46157233333232 8924 0
46157321331233 12623 0
46215372121223 13363 0
46215372313211 19901 0
46257132211133 11018 0
46257313312211 14825 0
46273512122312 16118 0
46273513221212 18380 0
46275311123222 13131 0
46275312112232 14814 0
46275312132212 14586 0
46275312232133 7419 0
46275312313211 9004 0
46275313121222 12969 0
46275313312211 8851 0
46321752111131 11152 0
46352171211233 10682 0
46352172113231 10608 0
46372511221331 13233 0
46375211211332 21670 0
46375212113111 14010 0
46375212132131 13157 0
46375212132221 15112 0
46375212332222 14996 0
46375213112111 14999 0
46375213123121 13698 0
46375213333121 13516 0
46512371331221 13972 0
46512372113321 14325 0
46513272332111 13719 0
46513273113221 8957 0
46523711331332 21065 0
46527133111121 11667 0
46572311223122 15626 0
46572312132122 13278 0
46721533123313 18351 0
47123562232133 11862 0
47123651233232 11852 0
47126351233232 12691 0
47126532133133 21468 0
47132562311111 7942 0
47132563222331 11839 0
47132652233321 8476 0
47135622132332 13702 0
47136252133112 16053 0
47152361233232 12166 0
47152631322131 17598 0
47156231332313 13487 0
47156233211132 9236 0
47156233223312 15307 0
47156233233113 14450 0
47156233322312 12636 0
47156321111111 9450 0
47156321133311 12974 0
47156322132311 13730 0
47156322313232 15609 0
47156322332132 11829 0
47156322332312 14722 0
47156323223123 12396 0
47162351322122 13217 0
47163522131222 18678 0
47165321232113 7427 0
47165321322131 12719 0
47165322132212 14371 0
47165322133112 13157 0
47165322232133 6973 0
47165322313211 9623 0
47216352131333 16196 0
47251363131113 17639 0
47251632131312 18342 0
47256133212311 7842 0
47256133321232 11737 0
47265312122222 13615 0
47265312131312 14072 0
47265312313211 13513 0
47321651311133 10964 0
47352612123131 15810 0
47352612311132 16156 0
47352612313211 16198 0
47512632312323 16837 0
47621532232331 10466 0
47621533231121 12671 0
47632152233321 13004 0
47632153212311 8748 0
47632153232321 8168 0
47632513212332 11846 0
47652132231323 12099 0
47653213211231 22464 0
47653213232111 10445 0
51264731113322 17136 0
51264732213311 21400 0
51267342312233 19289 0
51324671211122 9782 0
51324672212111 12668 0
51324673113311 16147 0
51324761111123 14425 0
51324763113332 13986 0
51342672212111 13687 0
51342763312223 10419 0
51367241211113 9307 0
51423671221331 14259 0
51426731111111 16715 0
51426733312211 16174 0
51472361131313 14118 0
51472633331312 14616 0
51623471321111 10115 0
51623743313321 20750 0
51624731312123 16004 0
51624733323113 15862 0
51632741323232 9340 0
51642371122313 16793 0
51642731113322 8303 0
51647231113232 8182 0
51723643131311 17826 0
51724362122222 13852 0
51724363121213 13491 0
51726433123313 15303 0
51732643121213 18666 0
51742632323231 11407 0
51742632323333 11261 0
52134761232113 16933 0
52147631121311 9240 0
52147631131211 9332 0
52147631211131 9213 0
52147631311121 9647 0
52147632111113 11609 0
52147633111112 8963 0
52163471112122 16243 0
52163471213111 11219 0
52163471312111 11267 0
52163471333123 14955 0
52163472111311 10473 0
52163472131222 17221 0
52163473111211 8436 0
52163473111331 15259 0
52163473221323 16021 0
52163473323332 17274 0
52167342121232 13891 0
52167432121313 11757 0
52167432122222 11555 0
52167432131213 11258 0
52167433133333 8968 0
52167433331333 11082 0
52174633223123 11490 0
52314673311311 12055 0
52314761322122 17556 0
52341671111111 22080 0
52341671122211 14683 0
52341671311313 16261 0
52341672211112 17876 0
52341672232313 16101 0
52341672323222 9148 0
52341672323312 21095 0
52341673133111 15746 0
52341673232213 16074 0
52341673232333 8359 0
52341673323212 17770 0
52361472121313 11153 0
52361472131312 9623 0
52367142211121 11696 0
52367412322232 9109 0
52374161112323 15967 0
52376413222223 11100 0
52463173212332 16325 0
52463713212332 12128 0
52471631223113 13807 0
52471631323112 13596 0
52614372313211 9216 0
52641733212311 8293 0
52641733232321 10516 0
52673413232123 14153 0
52713461232323 8361 0
52714361232113 9675 0
52714633213223 12312 0
52714633223123 10561 0
52731641233112 17089 0
52731641323112 12320 0
52736141322233 8211 0
52741362313211 11397 0
52741362313223 7844 0
52741632122333 9683 0
52741632123323 9181 0
52741632212213 9141 0
52741632212231 8967 0
52741632232211 8774 0
52741633221233 9143 0
52741633313312 8475 0
52741633313321 9456 0
52741633321223 10341 0
52741633323311 8633 0
52743611111213 9378 0
52743611111312 12028 0
52743611112131 10316 0
52743611113121 12037 0
52743612131111 11762 0
52743613121111 9876 0
52761431111213 10102 0
52761431111312 9445 0
52761431112131 10003 0
52761431113121 10192 0
52761432131111 10053 0
52761433121111 10367 0
52763143222331 17389 0
52763411222312 14529 0
52763411333123 10133 0
52763413222112 14941 0
52763413223312 14813 0
52763413322312 14567 0
53126471231231 12938 0
53126471231321 12247 0
53126471321321 15529 0
53146272123233 11417 0
53147262123131 14428 0
53162743312223 8800 0
53274163211222 16315 0
53421671321111 8952 0
53421671321231 8499 0
53426171112233 7937 0
53462711113322 9294 0
53467211321111 11843 0
53476121323112 14424 0
53476121323322 13742 0
53614721212121 14958 0
53621471331221 12053 0
53642171111111 16709 0
53672142221213 24010 0
53714622233111 18336 0
53721463223312 21089 0
53724612121112 15058 0
53726143333121 13195 0
53741621323112 13569 0
53741621332112 14234 0
53742612323333 12570 0
53761242121211 12173 0
53761242221213 13206 0
53761242321212 12309 0
53762143222331 13848 0
53762413322123 8709 0
54123673233323 10745 0
54126371331221 12445 0
54127632131213 10787 0
54127632222212 11816 0
54127633131212 9660 0
54127633133333 10696 0
54127633333313 9614 0
54163271133221 17900 0
54163272233111 16894 0
54167231121113 9727 0
54167231131112 9507 0
54167231221211 16478 0
54167231333213 14640 0
54167232112112 16120 0
54167232133313 16327 0
54167232333113 14197 0
54167233232333 10143 0
54167233331213 13688 0
54172633132313 14041 0
54217362233213 18392 0
54217632132212 24503 0
54231671123111 14175 0
54231673123121 13521 0
54261373123121 11653 0
54261732231233 24120 0
54276132233312 15704 0
54312671131331 8845 0
54312672212111 11920 0
54312673311311 14798 0
54317261113112 9963 0
54317621111222 17794 0
54321672212213 10263 0
54321672212231 9726 0
54321672232211 14870 0
54321673313312 9635 0
54321673313321 11039 0
54321673323311 11164 0
54321761211221 8838 0
54321763113113 13598 0
54326171111231 10333 0
54326171112233 10281 0
54326171321231 8491 0
54326711112212 17684 0
54327612223232 9449 0
54361272223232 9886 0
54362171113133 12770 0
54362711111231 10628 0
54362711323112 13859 0
54367121112212 15421 0
54367121113211 12183 0
54367121113331 16196 0
54367122211121 13380 0
54367122311111 12661 0
54367123311113 10814 0
54367211132222 9342 0
54367211213333 12011 0
54367211222132 8894 0
54367211333213 9258 0
54367212211322 9864 0
54367212231122 9971 0
54367212233213 9085 0
54367212332213 9211 0
54367212333113 9108 0
54367213112222 10015 0
54367213312133 9295 0
54371261113331 12364 0
54371621113112 10588 0
54371621113322 9856 0
54376121322233 9344 0
54376211111132 11938 0
54376211111222 12116 0
54376211113133 13817 0
54612371112311 15165 0
54612372222131 12699 0
54612732112223 15769 0
54612733322213 15536 0
54621371133311 10808 0
54621372211121 9530 0
54637211132111 8969 0
54671232221213 18945 0
54712361323313 17476 0
54712362223322 16070 0
54716232222113 24471 0
54716321112323 17113 0
54716322313223 16518 0
54721631111111 15148 0
54721631122121 15762 0
54721631311133 14392 0
54721632133232 16231 0
54721632212222 15744 0
54721632212231 14744 0
54721633231322 15379 0
54721633313321 15124 0
54721633333331 13309 0
54723612131312 11468 0
54723612221222 8927 0
54723612222212 9731 0
54723613121312 8759 0
54723613333313 12188 0
54761233322321 15830 0
54763212322232 8929 0
56123471222312 9408 0
56123471223221 9728 0
56123471331332 11886 0
56123471333123 9004 0
56123472322121 10011 0
56123472331331 11359 0
56123473133132 9539 0
56123473133231 9463 0
56123473222112 8479 0
56123473223312 8239 0
56123473322312 8634 0
56124371111231 12069 0
56124371232323 14163 0
56127433332323 10179 0
56132472333332 11283 0
56132473211111 8605 0
56132473213211 10723 0
56143273332323 12300 0
56147231222132 10222 0
56147231333213 10189 0
56147232233213 14907 0
56147232332213 10153 0
56147232333113 10608 0
56147322333233 11959 0
56173421113112 11290 0
56174232323333 8953 0
56174321232113 8193 0
56213471111111 11122 0
56213743313333 15177 0
56243173133111 11078 0
56243713121333 13990 0
56247132333233 11830 0
56271433111313 13631 0
56271433123313 13489 0
56271433132313 14125 0
56274132331133 12592 0
56274312313211 9075 0
56321473233323 9021 0
56321742211112 14737 0
56324171221331 12451 0
56327411211332 15478 0
56327413213112 15229 0
56341273121213 12024 0
56341273131212 9656 0
56347122333233 12688 0
56347211213111 11368 0
56347211222132 13941 0
56347211312111 14565 0
56347211331131 15299 0
56347212111221 17778 0
56347212111311 8426 0
56347212123233 16445 0
56347212232223 16294 0
56347213111211 9144 0
56347213131332 15794 0
56423171231231 12265 0
56423171231321 11527 0
56423171321321 12446 0
56423172112121 10912 0
56423173132121 14894 0
56423173133111 10461 0
56432713122122 14831 0
56712341232113 15680 0
56712343211123 15839 0
56721343123331 14978 0
56721432312233 16964 0
56723411113313 15510 0
56723411121113 9942 0
56723411131112 9369 0
56723411222312 14144 0
56723412122312 13225 0
56723412323222 8315 0
56723413221212 13349 0
56723413222112 14217 0
56723413331111 15054 0
56732143122113 17341 0
56741231121311 9612 0
56741231131211 9223 0
56741231211131 9903 0
56741231311121 9897 0
56741232111113 9103 0
56741233111112 9125 0
56743212122222 9364 0
56743212221222 12202 0
56743213121213 9605 0
56743213121312 10109 0
56743213331333 9354 0
57123461111111 11768 0
57164322131312 13768 0
57214361323232 11183 0
57214632212213 18846 0
57236141113232 12974 0
57236141322233 8733 0
57236141323232 8152 0
57241631322113 14658 0
57241631323112 12395 0
57246131112233 8453 0
57264132111323 15945 0
57321641311112 17211 0
57321642311132 14070 0
57364212213311 10282 0
57364212313211 10259 0
57364213332122 10929 0
57642311113322 16604 0
61234572231323 11829 0
61234573232213 14228 0
61235741313131 14688 0
61257343232123 8959 0
61274351313131 14144 0
61274532231323 12265 0
61352472233321 16736 0
61352472313211 16944 0
61452731311313 12346 0
61453721111111 14942 0
61453721311112 14825 0
61453723111121 15851 0
61472532123332 11695 0
61472533112111 10248 0
61527431111111 11188 0
61534272311132 9239 0
61534721112311 14535 0
61534721113211 13640 0
61543271111111 10489 0
61543271112311 9760 0
61572432312323 8174 0
61734523222331 11888 0
62134572321323 12666 0
62135471122121 12550 0
62135472132131 12036 0
62135473122131 13373 0
62135473123121 13290 0
62135473131131 12445 0
62135473132121 13728 0
62135473232231 19907 0
62135473322321 21783 0
62135743222331 15321 0
62135743312223 20931 0
62147353123121 13695 0
62147353132121 13822 0
62154733321121 10882 0
62157342132212 18822 0
62173543232132 11352 0
62174351122133 14499 0
62174533311212 17342 0
62317453112111 8978 0
62317453312211 8523 0
62351743112123 19191 0
62371453311311 14284 0
62374511322311 11834 0
62374513112321 12031 0
62374513312112 10501 0
62435172211133 8390 0
62435172311132 8297 0
62435711222222 12996 0
62453713311122 13776 0
62471532232133 10054 0
62475131322323 16198 0
62531472321233 12663 0
62543711211113 14137 0
62543711311112 13685 0
62571432321233 11939 0
62735143223213 16772 0
63125741112323 20925 0
63125743131233 12959 0
63125743133312 14561 0
63142571111111 11100 0
63142571132321 24211 0
63142573112123 24250 0
63172452312323 16274 0
63172452313211 16819 0
63174522332132 12450 0
63247511123132 11570 0
63251743133231 18532 0
63452711311313 10281 0
63452712333221 10535 0
63471522123131 15946 0
63471522323132 14965 0
63471522332132 14920 0
63472512123332 10742 0
63512743313333 14861 0
63541271212211 17696 0
63542713121333 18461 0
63574212123131 16491 0
63574212313211 17090 0
63712542221111 11791 0
63714252123131 9182 0
63714521112323 10555 0
63714522332132 10164 0
63721541233322 14225 0
63724153121213 16221 0
63725141112323 10220 0
63725141233121 16576 0
63725142123131 8912 0
63725142223133 8137 0
63725143122113 20983 0
63725143123313 21909 0
63741252222323 12009 0
63741522123131 10040 0
63742511232221 25011 0
63745123122212 12874 0
63751242221321 13860 0
63751423122311 15686 0
63752141111111 11688 0
63752141122211 12179 0
63752141123213 15612 0
63752142332132 12567 0
63752143123223 14052 0
63752143212323 14783 0
63752143223123 12238 0
63752411223212 15024 0
63752411333213 19578 0
63752412312323 9491 0
63752412322112 14106 0
63752412333113 19649 0
63754213122122 17429 0
64125371131313 17822 0
64157321133212 16710 0
64231572311132 10115 0
64257131113223 18655 0
64271533221212 14120 0
64275131212223 14498 0
64275131312123 13136 0
64275132211133 8901 0
64275132232133 8056 0
64275133231112 12690 0
64275133312211 9734 0
64275311112332 18707 0
64275311222222 13700 0
64275313312211 23463 0
64321572111131 17974 0
64321572132131 13559 0
64321572311132 13705 0
64325713121222 24774 0
64351272132131 11403 0
64357212313211 11244 0
64357213231322 16429 0
64357213312211 9960 0
64531271212211 15541 0
64531272132131 10721 0
64531273122131 12786 0
64531273123121 13285 0
64531273311311 16313 0
64531273312211 12302 0
64572131122223 15277 0
64713253112111 11871 0
65123471112311 8076 0
65123471233232 17530 0
65123472312311 10749 0
65132471212112 14557 0
65132471222111 14166 0
65132471231321 9700 0
65132471323121 13504 0
65132472131231 18822 0
65132472212231 20197 0
65132472233321 10341 0
65132473111331 13441 0
65132473313312 11224 0
65132473323311 11451 0
65132741223323 9903 0
65132743222331 10339 0
65134721233232 12264 0
65147321232113 12956 0
65172431132333 15990 0
65174232123131 8191 0
65174232133313 13134 0
65174232323312 12958 0
65174233323212 13228 0
65174233331213 13609 0
65174322313211 10353 0
65174323223123 11714 0
65213741111111 11023 0
65241371111111 12709 0
65243712121322 15786 0
65271341332331 18627 0
65271432231233 12528 0
65274131111111 15584 0
65274131311313 11805 0
65274131312213 14839 0
65274132123332 12376 0
65274133132223 13103 0
65274133232321 9433 0
65274133312223 13705 0
65314272311132 16345 0
65314272313211 16769 0
65321472111122 11592 0
65417321232113 14943 0
65417323223123 15969 0
65417323232123 14851 0
65423713321322 15588 0
65432173232321 11561 0
65471231132213 16687 0
65714323223123 10846 0
65723143321313 14474 0
65732411333123 14674 0
65742311212313 11947 0
67132541133311 14390 0
67145323133312 16077 0
67154233323332 10881 0
67215343333133 12741 0
67231541323112 15071 0
67231543323122 12713 0
67234513332122 11231 0
67245131313323 14712 0
67245311112311 14472 0
67245311133233 13564 0
67254311131133 15081 0
67254313311113 9019 0
67312452233321 8035 0
67312541121221 8886 0
67312542221111 10452 0
67321451111123 14924 0
67321451112311 11547 0
67321451212211 12276 0
67321451311133 10565 0
67321452111122 11008 0
67321453113311 12466 0
67321542232133 10296 0
67341252222323 16419 0
67342512222113 12707 0
67345122223133 8742 0
67345122232133 8286 0
67345211111123 13888 0
67345211111132 13208 0
67345211112233 21738 0
67345211113322 21396 0
67345211211122 13368 0
67345211311133 12872 0
67345212111122 12192 0
67345213111133 12046 0
67354121111111 11657 0
67354211212121 14481 0
67354211313113 19494 0
67354211333111 19392 0
67354212111221 13184 0
67354212212222 14159 0
67354212311132 8092 0
67354213111313 12932 0
67354213131311 12228 0
67354213211132 12489 0
67354213313333 13761 0
67412353132121 13753 0
67412353332221 14516 0
67412531131133 12243 0
67435121332112 11581 0
67435123123121 11686 0
67452313321232 11781 0
71234563231322 12255 0
71263541333222 22754 0
71263542323123 24368 0
71264533131323 12300 0
71264533221323 10764 0
71264533231223 10652 0
71264533231313 10940 0
71326451211311 12095 0
71326453132121 14049 0
71326543333313 18763 0
71345262132131 14617 0
71362453113311 12470 0
71365423331312 17710 0
71423563213232 12652 0
71423653213232 11843 0
71426353312211 8073 0
71426533333223 16113 0
71432561232323 15485 0
71432561323232 9339 0
71432562111221 12272 0
71432563232213 11709 0
71432563323113 13609 0
71432563323122 13076 0
71432563332113 14818 0
71435261322233 9718 0
71435262222122 12594 0
71435263211123 7599 0
71435263311122 8086 0
71435263333133 13039 0
71435263333223 14471 0
71435623333331 16184 0
71436253333112 18940 0
71452363213232 12171 0
71452632222131 17247 0
71453262222221 14245 0
71453623311122 13740 0
71456321322323 10370 0
71456322111221 11596 0
71462531113322 8301 0
71462532111212 11419 0
71462532121112 12605 0
71462533111223 13255 0
71462533221113 13733 0
71463523331222 16592 0
71523463131311 13502 0
71523463231313 14182 0
71523463331312 13413 0
71532463221332 12711 0
71534262122222 15610 0
71542633132322 11388 0
71543622111131 13715 0
71543623111121 13703 0
71546233331213 13942 0
71546322231212 14595 0
71562433123232 8858 0
71563243221221 19067 0
71625433213133 16216 0
71643252231212 13774 0
71643523331213 18850 0
72134562312212 17480 0
72136541322233 16630 0
72143563222331 12577 0
72143651121113 8987 0
72143651131112 11641 0
72143651213111 9533 0
72143651312111 9099 0
72143652111311 9121 0
72143653111211 9211 0
72145631233223 15186 0
72145633232231 15505 0
72145633312223 18990 0
72146352232223 11511 0
72163452122222 11911 0
72163453121213 9543 0
72163453131212 10660 0
72163453133333 9706 0
72163453331333 10567 0
72164353131113 14064 0
72165431113331 15444 0
72165432111113 9116 0
72165432111122 20820 0
72165432211112 17642 0
72165432323312 15295 0
72165433111112 8294 0
72165433121333 15855 0
72165433221233 14573 0
72165433233323 9366 0
72165433321223 13994 0
72165433331213 13481 0
72345611111111 22014 0
72345611133113 16419 0
72345611221223 14237 0
72345611222222 14329 0
72345611331332 16366 0
72345612122111 16303 0
72345612331331 14009 0
72345613221221 14057 0
72345613333331 16998 0
72356141112323 16618 0
72356141232113 17281 0
72356143211123 21868 0
72361453232333 10847 0
72361542333233 12533 0
72365412222212 8624 0
72365413121312 9732 0
72365413131212 9141 0
72365413331333 11301 0
72435163333313 19186 0
72513641232323 8273 0
72513641233322 10639 0
72516342313223 8201 0
72531463321232 11737 0
72534163211123 8360 0
72541631111213 9313 0
72541631111312 9218 0
72541631112131 9627 0
72541631113121 9193 0
72541632131111 8863 0
72541633121111 11516 0
72543162311111 12511 0
72543163211111 14554 0
72543611221223 8107 0
72543611223221 8827 0
72543611331332 10366 0
72543611332331 8770 0
72543612331331 8455 0
72543613132232 10455 0
72543613133222 9267 0
72543613221221 9034 0
72543613223312 9669 0
72543613322312 9159 0
72546311323112 11381 0
72546313323212 11153 0
72561342313223 8161 0
72561432213122 10200 0
72561433221233 10139 0
72561433311233 10167 0
72561433321133 10582 0
72561433321223 14888 0
72563411111213 9199 0
72563411111312 9585 0
72563411112131 9878 0
72563411113121 9879 0
72563412131111 9023 0
72563413121111 9006 0
72643513212311 11759 0
72643513212332 12204 0
73125463133132 19458 0
73146522113231 11013 0
73246153312211 16964 0
73456123231322 12145 0
73516243323113 13232 0
73516243332131 13560 0
73541262321212 24625 0
73542163321133 18819 0
73542613132121 12291 0
73542613132322 10675 0
73564213321322 24444 0
73614251112323 8678 0
73615241112323 10716 0
73615241113322 9097 0
73615242223133 8576 0
73615243123313 13007 0
73615243213313 22080 0
73615243331312 13142 0
73615243332311 22099 0
73615421113322 21023 0
73615423213211 12986 0
73615423333331 14445 0
73624513121132 20470 0
73624513332131 15828 0
73625141112323 8617 0
73625143121213 12973 0
73625143333313 13461 0
73625412222323 19222 0
73642511111111 8266 0
73642511113232 12668 0
73642511113322 9867 0
73642513223222 16302 0
73645121113211 21031 0
73645122222311 15349 0
73645211223113 11515 0
73645211231111 14105 0
73645211321111 9352 0
73645211332112 12900 0
73645213112231 20026 0
73645213333112 14588 0
73651241113322 14582 0
73652413211312 16891 0
73652413331321 16746 0
73654122111122 9925 0
73654122221111 10222 0
73654211111132 14408 0
74123563323221 9021 0
74123652322121 10103 0
74123653132232 14786 0
74123653133132 10479 0
74123653133222 10035 0
74123653133231 10070 0
74125631313311 15142 0
74125632121121 17769 0
74125632122111 20944 0
74125632131111 8416 0
74125632321332 15281 0
74125633121111 9232 0
74125633131233 13381 0
74125633132232 13897 0
74125633133222 14486 0
74125633133312 15752 0
74125633332323 9341 0
74126352333122 8973 0
74132561321231 9248 0
74132562121121 15192 0
74132562122111 12521 0
74132563131221 14471 0
74132563132112 13503 0
74136522322121 10757 0
74152363132232 10849 0
74152363133132 10553 0
74152363133222 12204 0
74152363133231 10661 0
74156322122123 12851 0
74156322122321 12316 0
74156322313223 8286 0
74156323132331 13710 0
74156323133123 13237 0
74163251121122 16760 0
74163252112211 16197 0
74163252131111 9752 0
74163253121111 9531 0
74163253131332 16348 0
74163253133132 14080 0
74163253133213 13710 0
74163253133231 14521 0
74163253332323 10240 0
74165231121212 13887 0
74165231131313 12453 0
74165231212121 12035 0
74165231313131 12345 0
74165232111212 12834 0
74165232121112 12714 0
74165232121211 12808 0
74165233111313 12305 0
74165233131113 12279 0
74165233131311 12212 0
74165233131323 12830 0
74165233132313 12692 0
74165233231313 12659 0
74213652323132 14310 0
74251633111313 17922 0
74256311321222 16360 0
74256313111232 17511 0
74265312333233 13754 0
74312652333332 11307 0
74321563311131 12202 0
74321653233323 12392 0
74325163131323 13670 0
74325612221222 9399 0
74325613121312 9998 0
74325613131212 9559 0
74325613133333 9918 0
74361253112132 18787 0
74361253211231 15542 0
74365211121221 17028 0
74365211213111 8643 0
74365211312111 12074 0
74365211313113 15507 0
74365211333111 15635 0
74365212111311 9777 0
74365212222323 15803 0
74365212333332 15103 0
74365213111211 9487 0
74365213121333 16457 0
74512361322233 21310 0
74512362313223 17041 0
74513263121222 24022 0
74521632222212 11680 0
74521633121213 11158 0
74521633121312 11878 0
74521633133333 11053 0
74521633333313 8947 0
74523611121113 9953 0
74523611131112 10278 0
74523611213111 10124 0
74523611312111 10313 0
74523612111311 9560 0
74523613111211 10214 0
74532163123223 16070 0
74561231111222 15267 0
74561232111113 9407 0
74561232221111 16865 0
74561233111112 9635 0
74561233131233 13596 0
74561233233323 10262 0
74561233311233 14618 0
74561233321133 14172 0
74561233321313 16227 0
74563211232332 15659 0
74653213133222 19264 0
75132463233233 21563 0
75143263231313 17894 0
75146321323331 17374 0
75213642223133 11047 0
75231463211123 13603 0
75234161322233 7966 0
75234162221111 11853 0
75236143213232 12078 0
75241632222323 12458 0
75243162211322 18466 0
75243611113232 10729 0
75243613213232 17535 0
75246131333312 17571 0
75246311111111 10544 0
75246313212311 11367 0
75246313312211 10228 0
75246313332332 12920 0
75261432123233 9042 0
75264132121232 15285 0
75264132223331 9134 0
75264132321212 12614 0
75264133121333 14352 0
75264133331213 13387 0
75264311223122 16984 0
75264313231112 16906 0
75312463333133 15390 0
75314621133221 10017 0
75314621313212 18634 0
75314623113122 12304 0
75316241231231 12258 0
75321461311112 11064 0
75321463132121 13795 0
75346122133133 12547 0
75346211133122 21381 0
75346211211311 15674 0
75346211311211 15073 0
75346212323333 12931 0
75346213112132 20816 0
75346213132121 12108 0
75346213132322 12183 0
75346213332122 12746 0
75412631223332 9934 0
75416323232213 12468 0
75431263133213 18553 0
75462132123212 10855 0
75613243131332 13113 0
75613243133213 14225 0
75634123323122 14486 0
75641323232111 12101 0
75642132213311 16723 0
76123453233323 10276 0
76125343333133 16117 0
76143252131312 11857 0
76143252221222 11648 0
76143253131212 11282 0
76143253331333 8847 0
76143253333313 10955 0
76145231121113 8389 0
76145231122112 17740 0
76145231131112 9215 0
76145231221112 20920 0
76145231311331 16059 0
76145232123332 15182 0
76145232233213 14016 0
76145232331313 15878 0
76145232332213 14601 0
76145233133213 13502 0
76145233232333 9249 0
76154323333112 16093 0
76213543213133 18527 0
76213543311332 16378 0
76215341231231 14213 0
76215433333133 19343 0
76231451123111 11790 0
76245311121131 15368 0
76245311131121 9251 0
76245311213312 19572 0
76245312132131 12267 0
76245313122122 13981 0
76245313123121 11260 0
76253141123132 10789 0
76253141211332 10282 0
76253413322312 18474 0
76254133311323 21581 0
76254313211111 14933 0
76312452212111 15553 0
76312453211111 12270 0
76312453311311 12957 0
76312542321212 11808 0
76312542322121 15395 0
76312543322222 13997 0
76315241112113 15264 0
76315241113112 9623 0
76315241223113 12702 0
76315241322122 13563 0
76315241323313 14368 0
76315241332112 12834 0
76315243211231 22995 0
76315243323323 15231 0
76321452122123 8259 0
76321452122321 8903 0
76321452122333 8924 0
76321452123323 10805 0
76321452212231 9609 0
76321452213122 10035 0
76321453233131 9655 0
76321453311233 9482 0
76321453313312 11230 0
76321453321133 9558 0
76321453323311 11769 0
76321542211112 11384 0
76321543211111 14675 0
76321543311131 10103 0
76324151112233 8628 0
76324151112323 10753 0
76324153323122 11167 0
76325411111213 9384 0
76325411111312 9249 0
76325411112131 8363 0
76325411113121 11477 0
76325411122121 17548 0
76325411331311 17688 0
76325412112121 16024 0
76325412231212 13603 0
76325412333233 16120 0
76325413222223 14963 0
76341251111213 8458 0
76341251111312 10497 0
76341251112131 11243 0
76341251113121 11289 0
76341251221121 17095 0
76341251311313 15273 0
76341252232313 16045 0
76341252323333 17155 0
76341253221212 17103 0
76341253233131 15052 0
76342511111231 9227 0
76342511111321 14753 0
76342511323112 12597 0
76342512232223 11424 0
76342513213112 21290 0
76342513322111 23535 0
76342513323122 12096 0
76342513323212 12107 0
76345122211112 12643 0
76345122211121 13307 0
76345122213311 21806 0
76345122311111 13248 0
76345123211111 13753 0
76345123311113 12061 0
76345123311131 12544 0
76345123312211 19938 0
76351421112323 10771 0
76351421113322 8097 0
76351423321232 17548 0
76354121121212 14655 0
76354121122121 11357 0
76354121311313 11314 0
76354121313131 13549 0
76354122111212 14261 0
76354122112121 13193 0
76354122212222 13388 0
76354123211123 10361 0
76354123211132 9580 0
76354123313333 18705 0
76354212213323 14357 0
76354212312233 13927 0
76354212313322 15171 0
76354212333332 12510 0
76354213222223 11883 0
76354213312223 14042 0
76421351131121 11313 0
76512343213313 16120 0
76512343332311 15832 0
76514321112323 16842 0
76514321232113 16287 0
76521433232333 10298 0
76523413223231 18012 0
76524313331222 15422 0
76541232131213 9635 0
76541232221222 11935 0
76541233121213 10756 0
76541233331333 9731 0
76541233333313 10668 0
76543211111111 15127 0
76543211212112 15738 0
76543211223221 14652 0
76543211332331 15029 0
76543211333333 13430 0
76543212132323 15780 0
76543212222221 15644 0
76543212323213 16213 0
76543213113131 14378 0
