12346571111231 2859448 0
12345761111111 3853400 0
12345672123212 5511350 0
12345673131323 5585745 0
12345672321212 5784526 0
12345672121232 5746859 0
12345673231313 6424114 0
12345673132313 6612049 0
12346751113133 3976780 0
12347561112212 3643411 0
12347652111221 3068269 0
12347651133311 3403719 0
12347652123233 3628076 0
12347651122112 3735453 0
12347652123332 4472742 0
12347651111111 6028670 0
12347652223232 3384863 0
12347653111133 3611468 0
12347653132223 3090970 0
12347653132322 3020938 0
12347653332323 3404102 0
12354671111111 4255990 0
12354761112323 5636159 0
12354762311123 3280409 0
12354762121112 4013373 0
12354762121211 4362157 0
12354763133111 3319756 0
12354763131131 3653962 0
12356471113133 3513597 0
12354763211123 3888136 0
12356741133131 4779691 0
12357461111222 3850905 0
12356741313131 4973396 0
12356743113131 5004661 0
12357461113331 3705048 0
12357641113331 3592749 0
12357462211112 3816584 0
12364571112212 4006761 0
12364753311131 3466746 0
12364751112212 3434551 0
12364751113133 3612283 0
12365471111111 4245810 0
12365471313113 2984288 0
12365471211122 3601389 0
12365472223232 3338362 0
12365472321233 3855951 0
12365473332323 3046057 0
12365473232312 3035835 0
12365741113331 3633559 0
12367451123333 5374970 0
12367451132222 4902769 0
12367451213333 5217595 0
12367452113333 5765272 0
12367451312222 6375541 0
12367541331131 3297646 0
12367541112212 4494565 0
12367541113331 5149768 0
12367453112222 5200865 0
12374651111222 4028151 0
12374561211212 4909989 0
12374561121212 4983964 0
12374562111212 5826023 0
12375641113112 3679042 0
12376451113133 3909137 0
12375461111222 3887515 0
12376451111222 4094358 0
12376451221211 3373884 0
12376541322233 3348254 0
12376541112323 4073364 0
12376541232233 4829549 0
12376543133231 2988641 0
12376543133132 3006318 0
12376542123212 3434499 0
12376542121232 3724124 0
12456731233223 3233315 0
12456733223321 3254375 0
12463751231231 3446303 0
12456731132321 5447992 0
12467351231321 2979608 0
12473561132123 3275490 0
12467351131121 3440204 0
12536741112323 3517679 0
12537461332112 3291583 0
12543671211212 3410109 0
12543671331113 3127856 0
12543671111111 4364409 0
12543672331232 3032377 0
12543672121121 3193517 0
12543672322232 3198257 0
12543672321332 3300949 0
12543673111331 3117169 0
12543673231223 3127320 0
12543673221323 3267054 0
12543673233323 3971724 0
12546371221331 3266151 0
12564733323122 3127615 0
12563473131212 3803498 0
12563472131213 4057138 0
12637451332112 2880682 0
12567433232333 3240130 0
12637451132111 3837011 0
12576343212221 4004094 0
12643571321321 3174797 0
12645371131121 3556672 0
12734561112323 3498217 0
12673542331133 4394549 0
12734562313223 2962891 0
12734561322233 3090444 0
12745632111122 3404794 0
12745632222221 3265569 0
12745633131131 3641338 0
12745632232211 3882934 0
12745632212213 4017696 0
12745631111111 10344109 0
12745633323311 3228755 0
12745633313312 3187595 0
12745633313333 3394077 0
12763452322232 3285075 0
12753462231323 3644963 0
12765432121313 3700845 0
12765432222212 5600736 0
13245671321111 3709292 0
12765433331333 3835035 0
12765433121213 4198330 0
13246571111111 4670837 0
13246571112233 3155114 0
13246572321332 3704313 0
13246572331232 3346299 0
13246571113232 4888318 0
13246573221233 3461651 0
13246573321223 3528385 0
13247563212131 3839530 0
13246752133211 4307771 0
13254761323322 3136930 0
13254761322233 3649602 0
13254763323122 3712524 0
13254762321233 4332538 0
13257641112233 3190064 0
13267451122211 3909964 0
13265742131312 4499403 0
13265741112323 5256946 0
13267451311133 3279551 0
13267541232212 3817919 0
13267541111132 4184105 0
13274651112323 4639071 0
13275461112233 3509841 0
13275463213211 3470401 0
13275641112233 4245174 0
13275641112323 5264796 0
13275642131333 4003339 0
13275643212221 4286523 0
13276451233133 4589088 0
13276451113211 4612324 0
13276541133122 3399394 0
13276541321123 3410668 0
13276541213312 4569105 0
13276541323112 2870139 0
13276541322311 4392251 0
13276541323322 2994380 0
13276543323122 3303997 0
13276542323312 3415694 0
13462572213311 3064399 0
13462571111111 3674530 0
13527461211113 3657179 0
13542671231231 2930317 0
13546271213213 3275230 0
13546271321321 3630660 0
13546271231231 4225799 0
13572641122133 4652603 0
13627451332112 3253296 0
13576241321321 3653975 0
13576241312213 4542474 0
13645271221331 3037390 0
13647521111111 3542965 0
13642571221223 4335657 0
13642571223221 4327328 0
13642573221221 4905779 0
13725642332132 3599583 0
13675242331313 3501654 0
13675241112323 3885702 0
13764251211311 2790104 0
13762451321321 3044082 0
13764252323231 3228903 0
13765422121211 4330395 0
13754262123323 6956736 0
14263751131121 3258296 0
14267351321321 3305386 0
14275633323122 3514413 0
14325672323222 3221285 0
14325672112121 3190202 0
14325672231323 3300397 0
14325673232333 3091159 0
14325673123232 3293379 0
14327652131213 3592971 0
14325673311131 3746198 0
14352672212111 3439254 0
14356721112323 3567834 0
14327653121213 3823117 0
14325671111111 12011722 0
14367252322232 3306714 0
14523672121313 3695868 0
14356721322233 4179459 0
14367523311113 5818351 0
14527631133311 3182811 0
14527631131211 3295884 0
14527631121311 3421374 0
14523673121312 4458808 0
14527632122213 3584609 0
14527631211131 3602021 0
14527631311121 3551856 0
14527632212111 3643863 0
14527633132322 3328190 0
14527633312133 3428267 0
14536273311311 3839673 0
14527632333332 4290801 0
14563272323222 3122126 0
14537622231323 3387913 0
14567231321123 3886887 0
14567231312213 4542164 0
14625731322233 3313812 0
14625731131121 3675350 0
14573261333111 3702952 0
14625731111111 4614730 0
14625732112121 3479763 0
14625732213323 3273031 0
14625732233111 3601203 0
14625732113321 3879118 0
14625733133111 3244994 0
14632571321132 3344664 0
14652733321331 3621407 0
14632571111111 5655947 0
14723651111213 3266903 0
14723651112131 3292981 0
14723651111312 4153954 0
14673251111111 4502586 0
14723652322121 2805695 0
14723651211212 3007008 0
14723651113121 3155960 0
14723652331232 3457054 0
14723653232222 3140872 0
14723653313111 3254983 0
14725361111111 3734979 0
14723653321313 3987052 0
14725363211213 3165698 0
14725361111123 3261622 0
14725361322332 3502955 0
14725362211121 4053871 0
14725363213121 3067854 0
14725363223213 3228391 0
14726531223122 3595368 0
14725363311113 4127930 0
14726531333312 2985069 0
14726531233313 3206325 0
14726531232122 3599915 0
14726532232313 3704481 0
14735621223113 2989681 0
14726533323122 3137665 0
14735621221112 3237377 0
14735621223332 4731010 0
14735621332112 2936209 0
14735621333111 3129817 0
14735621323112 3789663 0
14735621233112 3981810 0
14735621333222 2935179 0
14736251112332 3227652 0
14736251111132 3505457 0
14736253222223 3268769 0
14736521211212 3347899 0
14736521213333 3430915 0
14736521132222 3543203 0
14736521133131 3492199 0
14736521322233 3201013 0
14736521221313 3547348 0
14736521332121 4031569 0
14736521321231 4798073 0
14752363222121 3086529 0
14736523113131 3356188 0
14736523112222 3562319 0
14752363232222 3970672 0
14752631323223 3225446 0
14752363233131 3536552 0
14752631112311 3637811 0
14752631111111 4376493 0
14752632332132 3118666 0
14752633213223 3176414 0
14752633223123 3278674 0
14752633222223 3383953 0
14753261333111 3216344 0
14753261221112 3208714 0
14752633223231 3558768 0
14753261323112 3986128 0
14762351331221 3028716 0
14762351221331 3692996 0
14762351321231 3957642 0
14763251221223 5691918 0
14763252322121 4575219 0
14763251333123 4716201 0
14763251332331 4991238 0
14763251222312 5286579 0
14763253132232 4493429 0
14763253133132 4488844 0
14763253133222 4864278 0
14763253133231 4708560 0
14763521113223 3257752 0
14763521113211 3564771 0
14763253221221 4530504 0
14763253222112 5191491 0
14763523222331 2751598 0
14765231111213 3520384 0
14765231112131 3429513 0
14765231111312 3671440 0
14765231113121 3136961 0
14765231133131 3170704 0
14765232211211 3232964 0
14765232232322 3207404 0
14765232331313 3215583 0
14765233113131 3032628 0
14765233323332 3236319 0
15236471111111 4151060 0
15236473231121 2901255 0
15243671331221 3262931 0
15246371332331 4362440 0
15246371331332 4509533 0
15267431223113 3276239 0
15273641112323 4059560 0
15246372331331 4309649 0
15324673113311 5580818 0
15342671211311 2792091 0
15367421223113 2958135 0
15346271321321 2995682 0
15367421211113 3965431 0
15367423211123 3426186 0
15426371112233 3248037 0
15426371111111 3676432 0
15463271313113 3617588 0
15627431223113 2960622 0
15624732333332 3451922 0
15624732133313 3674799 0
15624732123212 4406959 0
15627431332112 3017914 0
15634722321233 3401133 0
15627431322113 4057414 0
15634722123332 4687931 0
15642372213311 3351582 0
15642372231332 3452727 0
15637423211123 3824314 0
15642372331322 3214680 0
15642373212311 3282517 0
15642373221323 3482327 0
15642371111111 7796311 0
15642373231223 3939369 0
15643273223111 2984733 0
15643271221331 3176319 0
15643271331221 3369964 0
15672343213232 2984577 0
15647233213232 2985363 0
15672341323112 3053604 0
15672342323312 3510117 0
15672341113232 3846945 0
15724631111111 3803168 0
15724362212132 4072169 0
15672433312133 4219180 0
15724631211311 3106544 0
15724632313223 3248697 0
15724632323231 3603089 0
15724631322233 3510536 0
15724632123233 4387842 0
15724633132322 3008297 0
15724632323333 3576619 0
15734622331223 3607416 0
15746322313112 2699649 0
15746321323211 2874897 0
15763241111111 4256691 0
15746321111111 4796116 0
15762342122213 5009222 0
16243571132132 3046683 0
15763242323132 3055437 0
16243571231231 3290161 0
16243571321321 3152533 0
16245371231231 3412927 0
16257433223123 2938517 0
16257431132111 3465802 0
16254733312223 5886935 0
16275341312213 4142666 0
16273541321321 4411462 0
16273541122133 4981601 0
16327453232333 3184569 0
16342571331221 3373896 0
16275343122221 3397728 0
16345271133131 3278168 0
16345271111111 7266509 0
16345272333212 3145718 0
16345272322232 3457219 0
16345271222111 3577803 0
16345273122323 3836821 0
16345273233323 4118972 0
16347252131312 4652422 0
16374523211123 3197012 0
16357421223113 3403453 0
16374521112323 3586027 0
16423572112121 3814993 0
16347253121312 4402492 0
16427531211311 3062504 0
16427531231321 3376736 0
16427532333233 5564440 0
16453271211113 3085022 0
16523473332323 3160020 0
16453272111131 3119007 0
16453271111111 4607977 0
16475233132313 4605572 0
16523741112212 3707294 0
16524731112233 3679746 0
16524731112212 4279616 0
16527341111111 3609411 0
16524731113133 3637884 0
16527431123333 5381715 0
16527431222132 5596653 0
16527431312222 6069121 0
16527431333213 4810301 0
16527432113333 4875898 0
16527432211322 5627586 0
16527432231332 4830559 0
16527432231122 5059824 0
16527432331322 5160497 0
16527432333113 5024270 0
16527433312133 4928551 0
16534271111132 3026866 0
16534271111111 4050983 0
16532471111222 4109283 0
16537421111222 3353716 0
16537421113322 3388244 0
16534273211111 3802844 0
16534723211123 4973489 0
16537421113331 3562243 0
16537421223113 2961009 0
16537421332112 2999849 0
16537421233112 4162992 0
16542371221331 2823714 0
16542371331221 3128552 0
16542372112331 4352187 0
16543271223221 4452224 0
16543271221223 5974252 0
16543272331331 4510803 0
16543271332331 4872096 0
16543271331332 4827531 0
16543721111111 3697024 0
16543721113211 3035497 0
16543273221221 4812847 0
16547233332323 3489938 0
16547321113331 4376965 0
16572433213223 3017620 0
16573241123123 3529492 0
16572431111111 4184133 0
16573241312312 3176585 0
16723451322311 3318146 0
16574231113133 3726030 0
16723451122133 3736834 0
16725431121311 3158653 0
16725431131211 3261155 0
16725431211122 3289572 0
16725431211131 4046061 0
16725431311121 3057665 0
16725432232223 3176365 0
16725433113311 3257216 0
16725432211121 3618676 0
16725433122212 3076900 0
16725433333232 2928966 0
16742352232313 3925596 0
16735242122213 4414817 0
16743252323222 3208644 0
16745233121213 3457542 0
16745232122222 3499729 0
16745232121313 3763156 0
17246351111111 3591918 0
16753241221112 3813577 0
16745233333313 5007757 0
17265433111313 5490951 0
17324561232332 2761857 0
17356241212313 2808887 0
17324561211323 3793014 0
17326452212111 5823552 0
17362451211311 2757474 0
17362451231321 3098173 0
17356242211331 4452798 0
17362452213311 4766224 0
17423653213232 3142314 0
17364251231231 3708137 0
17425631122112 3368445 0
17425631223113 3023179 0
17425631313113 3275793 0
17425631322113 3857526 0
17425631322332 4532415 0
17425631332112 3099611 0
17425631323223 3174341 0
17426531112233 3365676 0
17425631323112 3901933 0
17426531121212 3789569 0
17426531132312 3711541 0
17426531213123 4045536 0
17426531223221 2979853 0
17426531331332 3127127 0
17426532121211 3457528 0
17426531313131 3802740 0
17426531232233 4728648 0
17436521323232 2986161 0
17426532331331 3430814 0
17435622211133 4550706 0
17435623211123 4898154 0
17452363322132 3034040 0
17452363213232 3016560 0
17453262211133 3455563 0
17452633213232 3901937 0
17463251221331 2809338 0
17463251313113 3229798 0
17463251122112 3326258 0
17462352213311 3595058 0
17463251331221 2983665 0
17526431131121 3348766 0
17463251321231 3487888 0
17463251323112 3983241 0
17543261132111 3028153 0
17526431231321 3525358 0
17526432123233 4664345 0
17543261111111 4746895 0
17642533312211 3066752 0
17643251122112 3636802 0
17642531111111 3581325 0
17642531112233 4309188 0
21345762313223 3812116 0
21345762312323 4239755 0
21345671111111 4469353 0
21345762223322 5363992 0
21354671122112 3322104 0
21345763332233 4087240 0
21346752313322 4551768 0
21347562312323 5701705 0
21354671221112 3378675 0
21354672311123 3744787 0
21354671131313 4091249 0
21354672311132 4103198 0
21354761112233 3476532 0
21354761112311 3244064 0
21354673131113 4070415 0
21354761113322 3295544 0
21354761113211 3598709 0
21354761133311 3622751 0
21354761122211 4317990 0
21354762213311 3035217 0
21354763312211 3242611 0
21354672313211 11598626 0
21357462311111 4499293 0
21364753212212 3669148 0
21364752311111 3892294 0
21357463213331 4164078 0
21357642221132 4331534 0
21365742221312 3174064 0
21367451311331 3290916 0
21367452112112 3232414 0
21365742312323 3843167 0
21375462312233 3527086 0
21376541111123 3453213 0
21374653333121 3606834 0
21375463333211 3828821 0
21376541112311 3334204 0
21376541131133 3528564 0
21376541122211 4534349 0
21457631321123 4707750 0
21654372233321 3330622 0
21654372231323 3644384 0
21473563331312 4214695 0
21536742222131 4155448 0
21654373332221 3256075 0
21654373332122 3280187 0
21734652123131 3193180 0
23147562123131 4626074 0
23156471333132 3033596 0
23147652312323 3328931 0
23156471222132 3578509 0
23147651112323 3810847 0
23156473323332 3364824 0
23157461231333 3800256 0
23164573213133 3802596 0
23157462131123 4739724 0
23165471311133 3459844 0
23164753333313 3525175 0
23164752131312 3622100 0
23165471111111 3821340 0
23165472111332 3091067 0
23165471312132 3219602 0
23165472132332 3556191 0
23165472111122 3611154 0
23165472311111 3310245 0
23165473233221 3920275 0
23165741231312 4376521 0
23165741112323 4796224 0
23165742123131 4335741 0
23165742312323 4332833 0
23165742131321 5350362 0
23165742131333 6256321 0
23167542131222 3598359 0
23167541233322 3636671 0
23174652123131 3759675 0
23165743331312 6274012 0
23176452132221 3626321 0
23175463211222 3938484 0
23176453332233 3854677 0
23456173212332 2803406 0
23416752121211 4871165 0
23417563232123 3213678 0
23456173233122 3574536 0
23456713212332 2915417 0
23576412233321 3243538 0
23475162121112 4565240 0
23517462131333 4914843 0
23751461132123 2811105 0
23674153232321 2941749 0
23576412312323 3113178 0
23657142121112 4944923 0
23751463112321 2841764 0
23671452122333 6815955 0
23756143222331 3553592 0
23756411222312 4407232 0
24153672321233 3603700 0
23756413223312 4418420 0
23756413322312 4626786 0
23756413222112 4606970 0
24157362323111 3241914 0
24173652323231 2997527 0
24157361313212 3288925 0
24167353132232 4773868 0
24315762213323 3607209 0
24315761122322 3954295 0
24351671212211 4527626 0
24315673311311 5678591 0
24351761212232 3862537 0
24351673111133 4607295 0
24351761111123 5470474 0
24351673311311 5333532 0
24367513111121 3013962 0
24367511323112 4032040 0
24376512222122 4953138 0
24516732233111 3679958 0
24536713231232 3679741 0
24531673123121 4128195 0
24561372111131 3596788 0
24537613231322 4770161 0
24563712121232 4615177 0
24563711121212 4579683 0
24571362221213 4266945 0
24563713121222 5916984 0
24615371112332 3414469 0
24571631121212 4253608 0
24615731122313 4494071 0
24615372213311 6475879 0
24615732213311 3711403 0
24615732233321 4410736 0
24615732111323 5434668 0
24615731132333 6154399 0
24615733311122 3867876 0
24617532233321 4914713 0
24615733113323 6329088 0
24637512311132 4601118 0
24651731113223 3595159 0
24651731333333 3238648 0
24715363311332 3884336 0
24715631111111 4076743 0
24715631122133 3267046 0
24715631122121 4061860 0
24715632313223 2966316 0
24715633112111 2917963 0
24715633131131 3958985 0
24716532323231 4605870 0
24731562311231 3327741 0
24736512222332 4784950 0
24731561111111 5704167 0
24751362221231 5925859 0
24763151111111 3804483 0
24761531221223 4642907 0
24765313222112 3914456 0
24751362321113 7138402 0
25134672233321 3216531 0
25134672312323 3090112 0
25134672313211 4132000 0
25137461111111 4154688 0
25137461211323 2868377 0
25163741112323 3789362 0
25314673111313 7753319 0
25314673111331 7411893 0
25364173223231 2787454 0
25314673131311 7658389 0
25341673113311 6383709 0
25341762313223 5406685 0
25364172311231 5892935 0
25367411211122 3942213 0
25413672323111 5933722 0
25436712123122 3240287 0
25436711311313 3485173 0
25436712132122 3551871 0
25436712123332 3586811 0
25413763121222 4130254 0
25436712323231 3238161 0
25436713232321 3483882 0
25436713332122 3303081 0
25471362323132 3451610 0
25463713212332 3670462 0
25634713321232 4014182 0
25471631312213 5200862 0
25631741212121 6380656 0
25641371213132 3879208 0
25714632123131 4131296 0
25714632223331 3667706 0
25716431212223 3864541 0
25714633121333 4005629 0
25716433223213 3650907 0
25734162221111 3637535 0
25734613113323 4930222 0
25731642232211 6421227 0
25714632313211 10230350 0
25736411133113 3950155 0
25736141233232 4150679 0
25736141111123 4374776 0
25736411231321 3564856 0
25736411321312 3042824 0
25736413123112 3170732 0
25736411331113 3773718 0
25741361232113 4378719 0
25741632312323 3336334 0
25741632222323 3695123 0
25743611233232 3464245 0
25763142223133 4205649 0
25763411332322 3191176 0
26135742213323 3672863 0
26135742132221 3988991 0
26135742332312 3802559 0
26153473132121 3317571 0
26153473131131 3397047 0
26153471122121 3743517 0
26175432331133 4074401 0
26345711223113 2751941 0
26154372332213 7380726 0
26371453112111 3239443 0
26317451212211 5895145 0
26415732121223 3178897 0
26415731322323 3192215 0
26415732233321 3941616 0
26435712222122 5830018 0
26435712233321 4311110 0
26435712311132 4107967 0
26435712322322 5424762 0
26437512122312 3620863 0
26435713311122 4059447 0
26453172211133 4005697 0
26435713333133 4939540 0
26453711333333 3608203 0
26513471122121 3819051 0
26517343333313 4655662 0
26534713333313 4990322 0
26543171123111 3063446 0
26543171111111 3766489 0
26573413331312 4122001 0
26547313131323 4986351 0
26714531212133 3987119 0
26715433231322 3671373 0
26714532121133 4309578 0
26741351232113 3180157 0
27134561131133 3691716 0
27154632311132 3314422 0
26743512121232 4981044 0
27314652313211 4025285 0
27415632323231 3986127 0
27365412321212 4812563 0
27415363131113 4660015 0
27416532133232 3308934 0
27435612122222 3570471 0
27416533321232 4017646 0
27453161123111 2948556 0
27415633321322 4915787 0
27453161132111 3460805 0
27516341111111 3622899 0
27456133132223 3759158 0
27534162311111 3344951 0
27534161111111 3604238 0
27536412332312 3630087 0
27534612311132 3913218 0
27534161111123 4801088 0
27543611111132 3018097 0
27543611111123 4248926 0
27546312231122 6387939 0
27615433313213 3243861 0
27614353311332 4056750 0
27615431312333 4410032 0
27615432113321 4660187 0
27613543333133 4670686 0
27634511131133 3635343 0
27634512233321 3405119 0
27643513311233 5289547 0
31247651113232 3237587 0
31256471231222 3632637 0
31246753312211 4503101 0
31247651323232 3823515 0
31257462222221 4318451 0
31257462312311 3574961 0
31257643311122 3758203 0
31264572122213 3697274 0
31264573132313 3553821 0
31264573222223 3653496 0
31264752132122 3686291 0
31264752313121 3921584 0
31265471111111 4640037 0
31265471122112 3269638 0
31265471122133 3739040 0
31265471312213 3322528 0
31265471313113 3087284 0
31265471321111 2909870 0
31265472312233 3322175 0
31265472233321 4668415 0
31265741233331 4608454 0
31267542222233 4303478 0
31267542313133 4665821 0
31275461112233 4750279 0
31275461322233 4797056 0
31275462133211 4000360 0
31275462223211 4018734 0
31275462312212 4255667 0
31275462311213 4215247 0
31276452133322 3296038 0
31275463311122 4579661 0
31452671323211 2740886 0
31276452313313 3876738 0
31452672322331 2919558 0
31452671332232 2905577 0
31456722111221 3669728 0
31462751111111 3915808 0
31462751113322 3373092 0
31475261322233 3531151 0
31475262331313 4225119 0
31475262333221 3512918 0
31527643332122 2939448 0
31564272213311 3266279 0
31524673332122 4988929 0
31564272212111 5625018 0
31624751112233 3091115 0
31564273113311 3564145 0
31572461122133 3633615 0
31624753312211 3031300 0
31627452221333 4694227 0
31754621331122 4514068 0
31654272313322 5135827 0
32145671132222 3338747 0
32145671221112 3579693 0
32145671123333 3557962 0
31765242322121 4422320 0
32145671111111 6163853 0
32145672212222 3389076 0
32145672113333 3345017 0
32145671333333 3551655 0
32145673112222 3028242 0
32146751232323 3440505 0
32145673311113 3455747 0
32146752232223 4228776 0
32147562313223 3035196 0
32147651132222 4854362 0
32147651123333 5316578 0
32147562333233 5435147 0
32147652231332 4768312 0
32147651213333 5487638 0
32147652113333 4915892 0
32147651312222 5048753 0
32147652233213 6278499 0
32147653112222 4951579 0
32147652331322 5172588 0
32147652332213 6076307 0
32156471232332 2900931 0
32156472332132 3014723 0
32156472312332 3062137 0
32156471113211 3147250 0
32156471111111 3948260 0
32156473223123 2813723 0
32156472332321 3312965 0
32156472333332 3425206 0
32156742333131 3108867 0
32156742311123 3096540 0
32157641232323 3461599 0
32156742313223 3672065 0
32156741112323 5739038 0
32164571111231 2999568 0
32157642231323 3485638 0
32164571111111 4296261 0
32164571232323 3086632 0
32164572232223 3674100 0
32164572233321 3582465 0
32164572232313 3666783 0
32164572312323 3456740 0
32165741111132 3333848 0
32164573323212 3269094 0
32165741111111 5163863 0
32165742331112 3086451 0
32165741233223 3206226 0
32165743311131 3266932 0
32165742211112 4195675 0
32167451111111 4314911 0
32167451222222 3308124 0
32167451213333 3446426 0
32167451312222 3286858 0
32167453222313 2934501 0
32167451333111 3179528 0
32167453313333 3391130 0
32167452211121 3397564 0
32167453321232 3344260 0
32174561232233 3868617 0
32174561112323 4191371 0
32174561232113 4375120 0
32174652332132 3069483 0
32175461113112 3075708 0
32174652312332 3008995 0
32174562231212 3506141 0
32175461111111 4427487 0
32175461221112 3178630 0
32175461333111 3281166 0
32175462233111 3460649 0
32417653132121 2785391 0
32417652132131 3207445 0
32175462312323 4605831 0
32417562113321 5202280 0
32416753121222 5436557 0
32451762331121 2840769 0
32456173212332 3655419 0
32465172132131 2886213 0
32456711233133 6903231 0
32465172112121 3518400 0
32465172133121 3021640 0
32465173123121 3168713 0
32465172332321 3378532 0
32465173132121 3260201 0
32465173133111 3526958 0
32476513232231 3349239 0
32546713323212 3664858 0
32475161232323 3858645 0
32465173233221 3773909 0
32475163331222 3962605 0
32517463131311 5444621 0
32547611131112 3154012 0
32547611121113 3397771 0
32547611213111 3224842 0
32547612111311 3283008 0
32547613111211 3223345 0
32547611312111 3376804 0
32561471113133 3707347 0
32561471121311 3324517 0
32561471131211 3356158 0
32561471122211 3593430 0
32561472133313 3224380 0
32561473222223 3043965 0
32561472213122 3212520 0
32561471311121 3401879 0
32561471211131 4253282 0
32561473323212 3086274 0
32567412122222 3550547 0
32567412131312 4395438 0
32576142313223 3478574 0
32567413131212 3486748 0
32615473332122 3588258 0
32567413133333 4274345 0
32567412222212 5400188 0
32647153132121 2806527 0
32647152133121 4090593 0
32647512333233 5689289 0
32657412111212 4215419 0
32714652332132 3252127 0
32657143121213 4290570 0
32671453123313 4416551 0
32674152113333 5100969 0
32716452123212 4863941 0
32741651121311 4445635 0
32741651131211 3514833 0
32745611223332 3138309 0
32741651211131 3271491 0
32741651311121 3400812 0
32741652111113 3585730 0
32741653111112 3580169 0
32745612322331 3059183 0
32745612313322 3646642 0
32751643321232 3771144 0
32754163211123 3241391 0
32761452121313 3583586 0
32761452222212 3569652 0
32761452122222 3809768 0
32756141233121 3865187 0
32765411112221 3534703 0
32761453133333 3649689 0
32761453121312 4994852 0
32765411131112 3059588 0
32765411121113 3205666 0
32765412221312 3180426 0
32765411331113 3342840 0
32765411133113 3345543 0
32765412323222 3303630 0
32765413122212 3036928 0
32765413223312 3017876 0
32765413322312 2982502 0
34125672131213 3429208 0
34125672221222 3574124 0
32765413231223 3585162 0
34125672131312 3814295 0
34127651121113 3196107 0
34127651131112 3156252 0
34125673133333 3920005 0
34127653111211 3209735 0
34127652111311 3185053 0
34127651213111 3244220 0
34127651312111 3389464 0
34162752132212 6545024 0
34165271131211 3380316 0
34165271121311 3609791 0
34165271112212 3902291 0
34165272323333 3252688 0
34165271311121 3172374 0
34165271311133 3490157 0
34165271211131 4153449 0
34165273222322 2923137 0
34165273311131 3206979 0
34167252213323 3730930 0
34165273133312 4082471 0
34172562132332 3696765 0
34175263321232 3787144 0
34172562313331 3952861 0
34216572213122 5107551 0
34261572132131 2868021 0
34261572133121 3009501 0
34261573123121 3075726 0
34265712212132 4791980 0
34275162112322 3449549 0
34275161312213 3579529 0
34275162213221 3791078 0
34516271111111 3697421 0
34517622231323 3796658 0
34516272312332 4054719 0
34521672223232 3514365 0
34516722313223 4550457 0
34526713232312 3242984 0
34527612211322 5360938 0
34527612231122 5219438 0
34527612231332 5727340 0
34561272122123 4968247 0
34561272122321 5189787 0
34527613312133 5312407 0
34527612331322 5221563 0
34561272212213 6294707 0
34561273221233 4924394 0
34561272213122 5152900 0
34561272232211 6086037 0
34561273233131 4879279 0
34561273321133 5313057 0
34561273311233 5108840 0
34561273313321 5823625 0
34562171321231 3161539 0
34562171321111 3240141 0
34561721111111 4008304 0
34561273321223 4995353 0
34621572132131 3358417 0
34567212223232 4094912 0
34562172232313 4176368 0
34617252123212 4460958 0
34617252111212 4503135 0
34617522221333 4246063 0
34617252132212 4769020 0
34625172111212 4817826 0
34651271123111 3307434 0
34627512232313 3385107 0
34651272332132 3158016 0
34721652131213 4176862 0
34716522223211 4304457 0
34721652121313 4615716 0
34715262221123 4846663 0
34675212222122 4926273 0
34725612231332 3197623 0
34725612111113 3144755 0
34725611212211 3650154 0
34725612231212 3643270 0
34725612121322 3635354 0
34721653333313 4125333 0
34721652222212 4387905 0
34721652221222 4673297 0
34725612322232 3414583 0
34761252323222 3183385 0
34725612331322 3374493 0
34725613111133 3352199 0
34725613311113 3363528 0
34725613111112 3456023 0
34725613132223 3375011 0
35126741232212 4045283 0
35162473323131 3219214 0
35162472122231 3215514 0
35162473332131 3190249 0
35162473122221 3163962 0
35162473332122 3578176 0
35126742231233 4031179 0
35162472123233 4109422 0
35127462331331 4257131 0
35246171113322 3116882 0
35246172213311 3472354 0
35246171111111 3578727 0
35167242132212 4059883 0
35172461232323 3855964 0
35162742213323 4150808 0
35174262231113 4252200 0
35174262213131 4829071 0
35267141223233 2942104 0
35271461322233 3191677 0
35426712311312 3157957 0
35416721113112 3185630 0
35426712131132 3566638 0
35416723232213 4298613 0
35417622223133 4665565 0
35267141321132 6145304 0
35461272222323 3277836 0
35461271321231 3157981 0
35426713131113 3425825 0
35426713111313 3780483 0
35426713312211 3616989 0
35462171131313 3505971 0
35461271111231 3709153 0
35462171212121 3672635 0
35462171221223 3025895 0
35462172312131 3201564 0
35462172223331 3300212 0
35462171332331 3390563 0
35462173123211 3360138 0
35462173221221 3615019 0
35462172213311 3619380 0
35462173131311 3749919 0
35472163222313 3288565 0
35462712322322 4033652 0
35472163231322 3642423 0
35617423131332 3551285 0
35614722321233 3892896 0
35476122221111 3736029 0
35624712121232 5055986 0
35624712321212 5885950 0
36125471213111 3116589 0
36125471111333 3408838 0
35762142222113 3981025 0
35714623111322 4299630 0
36125471212112 4830242 0
35624712321332 4951056 0
35624712331232 4991085 0
35721642221213 6620153 0
36125472121223 2978535 0
36125471312111 3277196 0
36125472111311 3104111 0
36125473111211 3337349 0
36125473323233 3530292 0
36125473232222 3652289 0
36125471222111 4915590 0
36125743222331 5689824 0
36127451333222 3073242 0
36147251131211 3677636 0
36147251121311 3510424 0
36145272131312 3702802 0
36145273333313 4264108 0
36145272122222 4163460 0
36147251211131 3826492 0
36145272131213 5413979 0
36217541223311 2746148 0
36147251311121 3202729 0
36147253111112 3434653 0
36152742131321 4013815 0
36147252111113 4092602 0
36152741231312 4551816 0
36217452131333 4671630 0
36172452133133 4816540 0
36217543213112 2893163 0
36241573212332 3032483 0
36521472331121 3204087 0
36241753212311 3508847 0
36521472113321 3796420 0
36417522123311 3889104 0
36415272123212 4331555 0
36514272212111 5390049 0
36527411131133 3217924 0
36527412111113 3170674 0
36527412221312 3263445 0
36527412231122 3297834 0
36527412322232 3351268 0
36527412131222 3723538 0
36527412211322 3757978 0
36527413111112 3345411 0
36527413311311 3134089 0
36541272323222 3148987 0
36547213331333 3750979 0
36547212221222 4162198 0
36547212121313 4120891 0
36547212131312 4386843 0
36547212122222 4366813 0
36542712121322 4886370 0
36714252232223 3274678 0
36714522122213 3642445 0
36712542121121 4776951 0
36714521232113 4521104 0
36714522121322 4494802 0
36712542121112 5093873 0
36712542122111 5035122 0
36712542121211 5616023 0
36721452122123 3046628 0
36714523132322 3634039 0
36714523132223 3704082 0
36721451131331 3194739 0
36721452131111 3376091 0
36721452122321 3413285 0
36721452121322 3652246 0
36721452122213 3649513 0
36721452223232 3266681 0
36721453113113 3551464 0
36721453121111 4313309 0
36725411121212 5411641 0
36725411131313 5428296 0
36725411313131 5467369 0
36725411212121 5443805 0
36725412111212 5861775 0
36725412121112 5416972 0
36725412121211 5580251 0
36725412121232 5444885 0
36725413131113 5615254 0
36725412321212 5673364 0
36725412123212 5769543 0
36725413111313 6248705 0
36725413131311 6561613 0
36741252122333 4949457 0
36741252122321 5130317 0
36741252122123 5491600 0
36745211211221 2976175 0
36745212121223 3102829 0
36745212122312 3877289 0
36741253233131 5227273 0
36741252123323 5297500 0
36745212122333 3293253 0
36745212131111 3114130 0
36745212123323 3702773 0
36745213131131 3054258 0
36745212223232 3270841 0
36745213121111 4016469 0
36745213133111 3351869 0
36745213232213 3196715 0
36751243222322 3353632 0
36752142123221 3351638 0
36752142122132 3578089 0
36752143132232 2982982 0
36752143211132 3387562 0
36752143133222 3633470 0
37246511112233 4102147 0
36754123232222 5836744 0
37256142321233 3860812 0
37415622333221 4345989 0
37426513132313 4997408 0
37561241311112 3307422 0
37612453122233 3355980 0
37516422333311 3407342 0
37452162323312 3587207 0
37614521323232 2938930 0
37612542221111 3935326 0
37614252221123 4293472 0
37614521111111 4497369 0
37614522111221 3330556 0
37614522323312 3307105 0
37614522313322 3942190 0
37614522113321 3782647 0
37614523232213 3724140 0
37615422223133 4197128 0
37615422211133 4142006 0
37615421113322 4169715 0
37615422313121 3902865 0
37615422313331 4189552 0
37624152311213 4293480 0
37615423121132 4428005 0
37624512231212 3457790 0
37624513131323 3683502 0
37624511232233 3876554 0
37624512121322 4474368 0
37624513231313 3591530 0
37641252222323 3809271 0
37642513122221 3859050 0
37642152213311 4482767 0
37645122312221 3252520 0
37652141113232 3146295 0
37651422312311 4365844 0
37651242211133 4645042 0
41236753232321 3468293 0
37652143231322 3551788 0
37654212311222 4098278 0
41237561313131 4887709 0
41325762313223 3298298 0
41325763131233 3152061 0
41325671212211 3542711 0
41263751312222 5285784 0
41357622313112 2827147 0
41352671212112 4926259 0
41352671222111 5110187 0
41352671212121 5077630 0
41532761233133 4157737 0
41563273113311 3718917 0
41367253111133 4640754 0
41532672313211 6223759 0
41625373121213 3476782 0
41576322212222 4582338 0
41625731222231 4052473 0
41657321222312 3732731 0
41673521111111 3929416 0
41625372313211 9866521 0
41673252212222 4835223 0
41635721212121 5943212 0
41723562313211 3760461 0
41725361232113 4254514 0
41725361321213 5135856 0
41725362221213 4397199 0
41725362313211 4745359 0
41725363121222 4097085 0
41725363121231 3922714 0
41725362313223 4777594 0
41725631211122 3649165 0
41725632322331 3195516 0
41725631111111 4686680 0
41725633121123 3329618 0
41725633111133 3450330 0
41725633211111 3810140 0
41726352313322 3623303 0
41726532312233 4503252 0
41735263123223 3406105 0
41735262312233 4228085 0
41735261323313 4511324 0
41752631222123 3110385 0
41736522332231 3289294 0
41735621233232 3541686 0
41735622313322 4135981 0
41736521233232 4245386 0
41752632311123 3405768 0
41752632312323 3131627 0
41765231233232 3500151 0
41762533123331 3938396 0
41756233121231 3839179 0
41762532221333 4287308 0
41756231321213 4917578 0
41765322221312 3180823 0
41752632313211 11721134 0
41765322313211 6846336 0
42137653132121 2746714 0
42137653122131 3258068 0
41765323122212 3352462 0
42137561123333 4315354 0
42136752131312 4565190 0
42157633231322 4335106 0
42165373223123 2724433 0
42163751121212 5016762 0
42315673112111 2924782 0
42367153111121 2997162 0
42167532131333 4689165 0
42351671212211 4225908 0
42351763231133 6203320 0
42561733323122 2899064 0
42367153211123 3286281 0
42516372233111 4098293 0
42573613322231 3339676 0
42573612323231 3604150 0
42613572313211 3755171 0
42615372213311 4816706 0
42615371313332 6039700 0
42651372213311 3189311 0
42615372221213 4396282 0
42615372313211 4895893 0
42651733311122 4009354 0
42751632321233 4270201 0
42673512232133 4402034 0
42751632323231 3414341 0
43176252123131 3234906 0
43167251232212 3894774 0
43176252311132 3440677 0
43126572133313 4607877 0
43216573132121 2874570 0
43216573132223 3217538 0
43216573212311 3156131 0
43527612312323 3061964 0
43512671313332 3640313 0
43561271111111 3448103 0
43216573212332 4547161 0
43571262122222 4420296 0
43572612312323 3627554 0
43576211123222 3855344 0
43572161111111 4120118 0
43615271333312 3279825 0
43615272113321 3635324 0
43621752213323 4796273 0
43617521223221 4787630 0
43576212112232 4841147 0
43651722323132 3485256 0
43675211221331 3672589 0
43675122222122 5469399 0
43721653231313 4210112 0
45167323322231 3506074 0
43751623123313 4258272 0
43765212222122 5340588 0
45176231131313 7572284 0
45176231331113 7340094 0
45176231133113 7556752 0
45176233131113 7774099 0
45213672221123 4084543 0
45273162222122 4738145 0
45176321131133 6407001 0
45312671222312 3073688 0
45276131131133 5592400 0
45312672233321 3204842 0
45312672223331 3423615 0
45312673222112 3057390 0
45312673132313 5495165 0
45312761113211 3521781 0
45312761133311 3360276 0
45312673231313 5423808 0
45312672313211 10045190 0
45312762311111 3376400 0
45312762221111 4120791 0
45321671212211 3680660 0
45321671221121 3683379 0
45327612222323 3937116 0
45362712122222 4679346 0
45321673113311 6106493 0
45367211111132 3551483 0
45367122223133 4002566 0
45367213111133 3815106 0
45367211211122 3758854 0
45376121331311 4331311 0
45376121131133 5913008 0
45376211333123 3507896 0
45612372331121 3114272 0
45612373112231 3194245 0
45376213333322 3246760 0
45612371133221 3689829 0
45376213131323 5551836 0
45612373132121 3049994 0
45612373322111 2949527 0
45612373132223 3358982 0
45612373332221 3170869 0
45612373332122 3145381 0
45613271331221 3606836 0
45621373123331 3966743 0
45613272233111 4530445 0
45621732233333 3952599 0
45621732212123 4122444 0
45621373211111 4951439 0
45671231132231 2841929 0
45623713322321 2777351 0
45623712332123 2898187 0
45637123332122 2798525 0
45637123132121 3194228 0
45671233112132 3055234 0
45673212212132 3680671 0
45673213211222 3760120 0
45732612233321 3053516 0
45713623223132 3023936 0
45721363322231 3395345 0
45721363321313 3519294 0
45736121122211 4965767 0
46123571111111 3704845 0
46125731333123 3669288 0
46123573232123 4548467 0
46135272133313 4339323 0
46127351131313 4598216 0
46127352131333 5179946 0
46153273131131 5248695 0
46127353131323 5560272 0
46157233333232 3197781 0
46215372121223 3386306 0
46157321331233 3832854 0
46273512122312 3393784 0
46273513221212 3229449 0
46257132211133 4168142 0
46215372313211 5855317 0
46257313312211 6526622 0
46275311123222 3965005 0
46275312132212 4392818 0
46275312112232 4980297 0
46275312232133 3870568 0
46275313121222 4074358 0
46275312313211 4713418 0
46352171211233 2928496 0
46321752111131 3587431 0
46275313312211 4708611 0
46352172113231 2713984 0
46372511221331 3978965 0
46375212132131 2936454 0
46375211211332 2944415 0
46375212113111 3230556 0
46375212132221 3239850 0
46375212332222 3163569 0
46375213333121 2979087 0
46375213123121 3661801 0
46375213112111 4010176 0
46513272332111 3103570 0
46512371331221 3869225 0
46512372113321 4200077 0
46527133111121 3000065 0
46513273113221 3090551 0
46572312132122 3215470 0
46523711331332 3704218 0
46572311223122 3940698 0
47123651233232 3321889 0
46721533123313 4105177 0
47123562232133 4480422 0
47126532133133 3795687 0
47132562311111 3626284 0
47132652233321 3617777 0
47126351233232 4532366 0
47132563222331 4852417 0
47152361233232 2996723 0
47135622132332 3391418 0
47136252133112 4790023 0
47156233223312 3187633 0
47156233211132 3688642 0
47156233233113 3759500 0
47156231332313 3857354 0
47152631322131 3852677 0
47156321111111 3878799 0
47156233322312 3060569 0
47156321133311 3930007 0
47156322332312 3007976 0
47156322332132 2877972 0
47156322313232 3079858 0
47156322132311 3335298 0
47156323223123 3316212 0
47163522131222 3227214 0
47162351322122 3372959 0
47165321232113 4374699 0
47165322232133 3773901 0
47165322132212 4389514 0
47165322133112 5006899 0
47165322313211 4917196 0
47165321322131 6370967 0
47251632131312 4362084 0
47251363131113 5109179 0
47216352131333 5268415 0
47256133212311 3326450 0
47256133321232 3282269 0
47265312122222 3532520 0
47265312131312 3681306 0
47352612123131 3166787 0
47352612311132 3261816 0
47321651311133 3692206 0
47265312313211 9856145 0
47621532232331 2876694 0
47621533231121 3002919 0
47512632312323 3132781 0
47352612313211 6153058 0
47632152233321 3051632 0
47632153232321 3453041 0
47632153212311 3749907 0
47653213232111 2743064 0
47652132231323 3748475 0
47653213211231 4687120 0
47632513212332 4846179 0
51264731113322 3173713 0
51264732213311 2991739 0
51324671211122 3443393 0
51267342312233 5289963 0
51324672212111 4450444 0
51324761111123 3885931 0
51324673113311 5243880 0
51324763113332 3746913 0
51367241211113 3047060 0
51342672212111 4243260 0
51423671221331 3233239 0
51342763312223 7522842 0
51426731111111 3775661 0
51623471321111 2758394 0
51426733312211 3436229 0
51472633331312 4350619 0
51472361131313 4583943 0
51623743313321 4065879 0
51624731312123 3937012 0
51624733323113 4297269 0
51647231113232 2945934 0
51632741323232 3061718 0
51724362122222 3741565 0
51642371122313 4129201 0
51723643131311 4329509 0
51642731113322 4502941 0
51724363121213 3674188 0
51726433123313 4371739 0
52134761232113 3454902 0
52147631121311 3496559 0
51742632323231 3603576 0
52147631131211 3650910 0
51742632323333 3911767 0
51732643121213 4567149 0
52147631211131 3141526 0
52147631311121 3207169 0
52163471333123 2851245 0
52147632111113 3471514 0
52163471312111 3076332 0
52163471213111 3118947 0
52163471112122 3629944 0
52147633111112 4473630 0
52163472111311 3107158 0
52163472131222 3056444 0
52163473221323 3052936 0
52163473111211 3292844 0
52163473111331 3257250 0
52167432121313 3886663 0
52167342121232 4326325 0
52163473323332 5242283 0
52167432131213 4134174 0
52167432122222 4745745 0
52174633223123 4095000 0
52167433331333 3938569 0
52314761322122 3687814 0
52167433133333 4586568 0
52341671122211 3758278 0
52341671311313 3053332 0
52314673311311 6468304 0
52341671111111 10272666 0
52341673133111 3239574 0
52341672232313 3524374 0
52341673232213 3454858 0
52341673232333 3079868 0
52341672211112 3792999 0
52341672323222 3842549 0
52341672323312 5052566 0
52341673323212 4963343 0
52367412322232 3331911 0
52374161112323 3437518 0
52376413222223 3733400 0
52361472131312 3894177 0
52367142211121 3975265 0
52463173212332 4475189 0
52361472121313 4710684 0
52463713212332 4492310 0
52713461232323 3057922 0
52673413232123 3098100 0
52641733212311 3263152 0
52641733232321 3323011 0
52471631323112 3444579 0
52471631223113 3359959 0
52614372313211 5564550 0
52714361232113 5052916 0
52731641323112 2819165 0
52731641233112 2924244 0
52736141322233 3324959 0
52714633223123 3325982 0
52714633213223 3321364 0
52741362313211 3823858 0
52741362313223 4366095 0
52741632122333 4928217 0
52741633221233 4922980 0
52741633313312 4854126 0
52741632232211 4993506 0
52741632212213 5155775 0
52741633313321 5227543 0
52741632212231 5364819 0
52741632123323 6087471 0
52741633321223 5788591 0
52743612131111 3177114 0
52743611112131 3332318 0
52743611111213 3335016 0
52743613121111 3847201 0
52743611111312 4120531 0
52743611113121 4190468 0
52741633323311 5059657 0
52761431111213 3310409 0
52761433121111 3241530 0
52761432131111 3376185 0
52761431111312 3332447 0
52761431113121 3513958 0
52761431112131 3466879 0
52763143222331 5138539 0
52763411222312 6834619 0
52763411333123 4653045 0
53126471231321 3312067 0
53126471321321 3552548 0
53126471231231 4152712 0
52763413322312 6841076 0
52763413222112 7067428 0
52763413223312 7048662 0
53147262123131 3254694 0
53146272123233 4682037 0
53421671321111 4360544 0
53274163211222 4257246 0
53162743312223 7623010 0
53467211321111 2771974 0
53421671321231 2904201 0
53426171112233 3364764 0
53476121323112 3619665 0
53462711113322 4385463 0
53476121323322 3727179 0
53614721212121 4627876 0
53621471331221 3043087 0
53642171111111 3724823 0
53721463223312 3845251 0
53724612121112 4554147 0
53714622233111 5147595 0
53672142221213 6262902 0
53726143333121 3273034 0
53741621323112 3357903 0
53741621332112 3463595 0
53742612323333 3973662 0
53761242121211 4518138 0
53761242221213 4791179 0
53761242321212 4485006 0
54123673233323 3640388 0
53762143222331 3830691 0
53762413322123 4184057 0
54126371331221 3094699 0
54127632131213 4439136 0
54127632222212 4211122 0
54127633131212 4440158 0
54127633133333 4652744 0
54163271133221 3429709 0
54127633333313 4325342 0
54163272233111 4452766 0
54167231121113 3095160 0
54167231333213 3103078 0
54167231131112 3139906 0
54167231221211 3352029 0
54167232112112 3331856 0
54167232333113 3085205 0
54167232133313 3527822 0
54167233232333 3978451 0
54167233331213 3507025 0
54231671123111 3326653 0
54172633132313 4350336 0
54217632132212 6421559 0
54231673123121 2914992 0
54261373123121 3169938 0
54217362233213 7181626 0
54261732231233 3920744 0
54276132233312 3808020 0
54312671131331 3270154 0
54312672212111 3573425 0
54317261113112 2927468 0
54317621111222 3835323 0
54321672212231 4883275 0
54321672212213 5210508 0
54312673311311 6076897 0
54321672232211 5097694 0
54321761211221 3175032 0
54321673313312 7389149 0
54321673313321 7590216 0
54326171321231 3111009 0
54326171112233 3060756 0
54326171111231 4319563 0
54321763113113 4295903 0
54321673323311 7569531 0
54327612223232 3467063 0
54361272223232 3535170 0
54326711112212 3969962 0
54362711111231 2949925 0
54362711323112 3602578 0
54367121113211 3611953 0
54362171113133 3687373 0
54367121112212 4378826 0
54367122311111 3617877 0
54367122211121 4003824 0
54367121113331 4989663 0
54367123311113 3600915 0
54367211222132 5010789 0
54367211132222 4916253 0
54367211333213 5339382 0
54367211213333 6139689 0
54367212231122 5193046 0
54367212233213 4992308 0
54367212211322 6096467 0
54367212332213 5130752 0
54371261113331 3771014 0
54367212333113 5382438 0
54367213312133 5667930 0
54367213112222 5790652 0
54371621113322 3031253 0
54376121322233 3546307 0
54371621113112 4423281 0
54376211111222 3352349 0
54376211111132 3636300 0
54376211113133 3791562 0
54612372222131 3977746 0
54612371112311 5393090 0
54612732112223 3753450 0
54621371133311 3497572 0
54612733322213 3803316 0
54637211132111 2958151 0
54621372211121 3828075 0
54712361323313 3836349 0
54671232221213 4042605 0
54712362223322 4020007 0
54716322313223 3169859 0
54716321112323 3830517 0
54716232222113 3982545 0
54721632133232 3318799 0
54721631311133 3399451 0
54721631122121 3587385 0
54721632212222 3536157 0
54721633231322 3291953 0
54721632212231 3087290 0
54721633313321 3538689 0
54721633333331 3108969 0
54721631111111 12218939 0
54723612221222 3925450 0
54723612131312 4796563 0
54761233322321 3437737 0
54723612222212 4019862 0
54723613121312 4412066 0
54723613333313 4457046 0
54763212322232 3253679 0
56123471223221 4547654 0
56123471222312 4791143 0
56123471331332 5822599 0
56123472331331 4513888 0
56123472322121 4807681 0
56123471333123 5001289 0
56123473133132 5311488 0
56123473133231 4471783 0
56123473222112 4622525 0
56123473223312 4611930 0
56123473322312 4780539 0
56124371111231 2876538 0
56127433332323 3521767 0
56132472333332 3586184 0
56124371232323 3951671 0
56132473211111 3480389 0
56132473213211 3481453 0
56143273332323 4348366 0
56147231222132 7745941 0
56147231333213 4817034 0
56147232233213 5012787 0
56147232333113 5023183 0
56147232332213 5180745 0
56173421113112 2919883 0
56174232323333 3938941 0
56147322333233 4464977 0
56213471111111 3984769 0
56243173133111 4280168 0
56243713121333 4382743 0
56174321232113 4841269 0
56213743313333 4698102 0
56247132333233 3598336 0
56271433111313 4817463 0
56271433123313 4701237 0
56321473233323 3187917 0
56274132331133 3832359 0
56271433132313 4938371 0
56321742211112 4759988 0
56274312313211 5587675 0
56324171221331 3136124 0
56327413213112 3124071 0
56327411211332 3160961 0
56347211213111 3222202 0
56341273131212 4095947 0
56347122333233 4092642 0
56341273121213 4565066 0
56347211331131 2968886 0
56347211312111 3051631 0
56347211222132 3294371 0
56347212111221 5368470 0
56347212232223 3576743 0
56347212123233 3721482 0
56347213111211 3882061 0
56347212111311 4053143 0
56423171231231 2873448 0
56347213131332 3404982 0
56423171231321 3500530 0
56423171321321 3162058 0
56423173132121 3255081 0
56423173133111 3565660 0
56423172112121 3598627 0
56432713122122 3740246 0
56712341232113 3261185 0
56712343211123 3578954 0
56721343123331 3866868 0
56721432312233 4489359 0
56723411222312 3031620 0
56723411131112 3090635 0
56723411113313 3312006 0
56723411121113 3366202 0
56723412122312 2969988 0
56723413221212 3131492 0
56723413222112 3085514 0
56723412323222 3246097 0
56741231121311 3261598 0
56723413331111 3133552 0
56741231131211 4232092 0
56732143122113 4340435 0
56741231311121 3144695 0
56741233111112 3557181 0
56741232111113 3600412 0
56741231211131 4109865 0
56743212122222 3940260 0
56743213121312 4232965 0
56743212221222 4675173 0
56743213121213 4872915 0
57214361323232 2939050 0
57164322131312 3539734 0
57123461111111 3782626 0
56743213331333 4603379 0
57236141322233 3114188 0
57236141113232 3204848 0
57236141323232 4554872 0
57214632212213 6378416 0
57241631322113 2832071 0
57241631323112 2744762 0
57246131112233 3554265 0
57264132111323 3961922 0
57321642311132 3294547 0
57321641311112 3286157 0
57364212213311 4462752 0
57364213332122 2956953 0
57642311113322 3292000 0
61234573232213 3266169 0
61234572231323 3623338 0
57364212313211 3758999 0
61257343232123 3253070 0
61274351313131 4353000 0
61235741313131 5742824 0
61352472233321 3047296 0
61274532231323 3568404 0
61453721111111 3897507 0
61452731311313 4467448 0
61352472313211 6018276 0
61453721311112 3150005 0
61453723111121 3109807 0
61472532123332 3481680 0
61472533112111 2952502 0
61534721112311 3510560 0
61527431111111 4073977 0
61534272311132 4061531 0
61534721113211 3309769 0
61572432312323 3321939 0
61543271112311 3624918 0
61543271111111 4276393 0
62135472132131 3063249 0
62135471122121 3551162 0
62134572321323 4336185 0
61734523222331 4526411 0
62135473122131 2960466 0
62135473132121 3473019 0
62135473131131 3548048 0
62135473123121 3869798 0
62135473232231 3269534 0
62135473322321 3485247 0
62135743222331 3620169 0
62135743312223 6033437 0
62147353132121 2812574 0
62154733321121 2970163 0
62147353123121 3326959 0
62157342132212 4228803 0
62173543232132 3276019 0
62174533311212 4129529 0
62174351122133 4572021 0
62317453112111 2890681 0
62374511322311 2827022 0
62371453311311 4006875 0
62317453312211 4655032 0
62351743112123 5347030 0
62374513312112 2701842 0
62374513112321 3328321 0
62435172211133 4871287 0
62435711222222 3272435 0
62471532232133 3413073 0
62453713311122 4126353 0
62435172311132 5225434 0
62475131322323 3292541 0
62543711311112 3000927 0
62531472321233 3627486 0
62543711211113 3554173 0
63125743131233 3205942 0
62735143223213 3989949 0
63125743133312 3395737 0
62571432321233 4448029 0
63125741112323 6026364 0
63142571111111 3692383 0
63142573112123 5007679 0
63142571132321 5153219 0
63172452312323 2982851 0
63247511123132 3058153 0
63174522332132 3264177 0
63251743133231 4626084 0
63172452313211 6122909 0
63452711311313 3544558 0
63452712333221 3343282 0
63471522123131 3760316 0
63471522332132 3371191 0
63472512123332 3707175 0
63471522323132 4127111 0
63574212123131 3229476 0
63512743313333 4799022 0
63541271212211 5654963 0
63574212313211 5222471 0
63542713121333 5263672 0
63712542221111 3482831 0
63714521112323 3932067 0
63714252123131 4057930 0
63714522332132 2982579 0
63721541233322 3394520 0
63725141233121 3934048 0
63724153121213 4694400 0
63725141112323 5789089 0
63725143122113 4418579 0
63725142223133 4809626 0
63725142123131 5309963 0
63741252222323 3677158 0
63745123122212 3217616 0
63741522123131 3794749 0
63742511232221 3764161 0
63725143123313 6212271 0
63751423122311 3966505 0
63751242221321 4505691 0
63752141111111 4811473 0
63752143123223 3074017 0
63752141123213 3174799 0
63752142332132 2932760 0
63752141122211 4053847 0
63752143212323 3008613 0
63752411223212 3086067 0
63752143223123 3534787 0
63752411333213 5195597 0
63752412322112 3230113 0
63754213122122 3385301 0
63752412312323 4023062 0
63752412333113 5183652 0
64125371131313 5316133 0
64231572311132 3874432 0
64257131113223 3441230 0
64157321133212 7049576 0
64271533221212 3657324 0
64275131312123 3990768 0
64275131212223 4130562 0
64275132211133 4935530 0
64275132232133 4777693 0
64275133312211 3805315 0
64275133231112 4519991 0
64275311112332 3643025 0
64275311222222 3157189 0
64275313312211 3368986 0
64321572132131 3361003 0
64321572311132 3763166 0
64321572111131 4044954 0
64351272132131 3378825 0
64325713121222 6723896 0
64531273122131 3020074 0
64531272132131 3083264 0
64357212313211 3863576 0
64357213312211 4280508 0
64357213231322 4681367 0
64531271212211 5467712 0
64531273123121 3962447 0
64531273311311 3307459 0
64531273312211 3079033 0
65123471233232 2824424 0
64713253112111 2880279 0
64572131122223 3354437 0
65123471112311 3253677 0
65123472312311 3381540 0
65132471212112 3513726 0
65132471222111 3396928 0
65132472131231 3063377 0
65132471231321 3909034 0
65132473111331 3909167 0
65132471323121 3767409 0
65132472233321 4013429 0
65132472212231 5072061 0
65132473313312 3181632 0
65132473323311 3254445 0
65132741223323 3170968 0
65174232123131 3368362 0
65134721233232 3588739 0
65172431132333 3878073 0
65132743222331 3977151 0
65147321232113 4579509 0
65174232133313 3344586 0
65174233331213 3514049 0
65174323223123 3540353 0
65174322313211 3603697 0
65174233323212 3691234 0
65174232323312 3713414 0
65213741111111 3935523 0
65241371111111 3774314 0
65243712121322 5005867 0
65274131311313 3089377 0
65274133132223 3339360 0
65274132123332 3355258 0
65274131312213 3480897 0
65271341332331 3697521 0
65271432231233 3773196 0
65274131111111 4444339 0
65274133232321 3010408 0
65417323223123 2976617 0
65314272311132 3102274 0
65274133312223 3272078 0
65417323232123 3229493 0
65417321232113 3229718 0
65321472111122 3970941 0
65314272313211 5156233 0
65423713321322 3606329 0
65742311212313 3164115 0
65723143321313 3225774 0
65432173232321 3519640 0
65714323223123 3459243 0
65471231132213 4223079 0
67132541133311 5616891 0
67145323133312 3539306 0
65732411333123 6905532 0
67234513332122 3231825 0
67245131313323 3361467 0
67231543323122 4126515 0
67231541323112 4111650 0
67154233323332 5234333 0
67215343333133 4373944 0
67245311133233 4028797 0
67245311112311 4984514 0
67254313311113 3341789 0
67321451111123 3225774 0
67312541121221 3340837 0
67321451112311 3465655 0
67312452233321 3438416 0
67312542221111 4262685 0
67254311131133 5396267 0
67321451212211 5618058 0
67321452111122 3354207 0
67321542232133 3561799 0
67321451311133 3606228 0
67341252222323 3784640 0
67321453113311 3760076 0
67342512222113 3823352 0
67345122232133 4814967 0
67345122223133 4990379 0
67345212111122 3251978 0
67345211111123 3219025 0
67345211113322 3245185 0
67345211112233 3346571 0
67345211111132 3472882 0
67345211311133 3545796 0
67345211211122 3597801 0
67345213111133 3826840 0
67354212212222 3471313 0
67354212311132 3510204 0
67354211212121 3653935 0
67354121111111 3714952 0
67354212111221 3700192 0
67354213111313 4271915 0
67354211313113 5339063 0
67354211333111 5318317 0
67435121332112 2908206 0
67435123123121 2922120 0
67412353332221 3137718 0
67354213211132 3466552 0
67354213313333 3490409 0
67412531131133 3839735 0
67354213131311 4076580 0
67412353132121 4029897 0
71234563231322 3877175 0
67452313321232 4129427 0
71263542323123 4960704 0
71264533131323 4994456 0
71264533221323 4929906 0
71263541333222 4912018 0
71264533231313 5258053 0
71264533231223 5770155 0
71326453132121 3151240 0
71326451211311 3223588 0
71423653213232 3408392 0
71423563213232 3639535 0
71345262132131 3636197 0
71362453113311 3828053 0
71365423331312 4421381 0
71326543333313 4667520 0
71432561323232 2858516 0
71432563323113 3079139 0
71432563323122 3302790 0
71432562111221 3414917 0
71432563232213 3633114 0
71432561232323 3662060 0
71426353312211 3631770 0
71426533333223 4106632 0
71432563332113 3101336 0
71435262222122 3856815 0
71435263333133 4296590 0
71435623333331 4229980 0
71435261322233 4253843 0
71435263311122 4217304 0
71435263333223 4337096 0
71435263211123 4511202 0
71452363213232 3326742 0
71456321322323 3364619 0
71456322111221 3522946 0
71453262222221 3556773 0
71436253333112 4647293 0
71462531113322 4222184 0
71452632222131 4442197 0
71453623311122 4843413 0
71462532111212 3636247 0
71462532121112 3754973 0
71462533221113 3699256 0
71463523331222 3783593 0
71462533111223 4518446 0
71523463331312 4747446 0
71523463131311 4813178 0
71523463231313 4980504 0
71543622111131 3020913 0
71562433123232 3445660 0
71543623111121 3359363 0
71542633132322 3573087 0
71532463221332 3668253 0
71546233331213 4610644 0
71534262122222 4638664 0
71546322231212 4781727 0
72136541322233 3240609 0
72143651121113 3292319 0
72143563222331 3286303 0
71563243221221 3878749 0
72134562312212 4374984 0
71643523331213 4834854 0
71643252231212 4705735 0
71625433213133 6193739 0
72145631233223 3135394 0
72143651312111 3134723 0
72143652111311 3193533 0
72143653111211 3177985 0
72145633232231 3146926 0
72143651213111 3187150 0
72143651131112 3504544 0
72145633312223 5073596 0
72165431113331 3237923 0
72146352232223 3752686 0
72163453133333 3790954 0
72163453121213 3921639 0
72164353131113 4556134 0
72163453131212 4432478 0
72163453331333 4667508 0
72163452122222 4660199 0
72165433111112 3164748 0
72165432111113 3367400 0
72165432323312 3256381 0
72165433121333 3495370 0
72165433221233 3331478 0
72165433233323 3599867 0
72165432211112 3679383 0
72165432111122 4477783 0
72345611221223 2757837 0
72345611222222 2990639 0
72165433321223 3096604 0
72345611133113 3029895 0
72345611331332 3230480 0
72345612122111 3450924 0
72165433331213 3411809 0
72345611111111 4397549 0
72345612331331 2733248 0
72345613221221 2913399 0
72361453232333 3139492 0
72356143211123 3127026 0
72356141232113 3265481 0
72356141112323 3533101 0
72345613333331 3679716 0
72361542333233 5616404 0
72513641232323 3262428 0
72365412222212 3437017 0
72365413331333 3643463 0
72365413131212 3573014 0
72513641233322 3803267 0
72516342313223 3546325 0
72365413121312 4888785 0
72435163333313 5160039 0
72541632131111 3183803 0
72541631112131 3468610 0
72541631111213 3332608 0
72541631113121 3603460 0
72531463321232 3895297 0
72541631111312 3705030 0
72534163211123 4060808 0
72541633121111 3948657 0
72543162311111 3038383 0
72543163211111 3376425 0
72543612331331 4502156 0
72543611221223 4478640 0
72543611332331 4756581 0
72543611223221 4691140 0
72543611331332 5295337 0
72543613132232 5734523 0
72546311323112 3147708 0
72546313323212 3515610 0
72543613221221 4841095 0
72543613133222 4632964 0
72561342313223 4727178 0
72543613223312 5343936 0
72543613322312 5524896 0
72561432213122 5611100 0
72563411111213 3281536 0
72563411111312 3222299 0
72563411113121 3518384 0
72561433221233 4977780 0
72561433321223 5270623 0
72561433321133 5338204 0
72563411112131 4428083 0
72561433311233 6402200 0
72563413121111 3148578 0
72563412131111 3193138 0
72643513212311 3312872 0
72643513212332 3080509 0
73146522113231 2992902 0
73246153312211 3195006 0
73456123231322 3648570 0
73125463133132 3694657 0
73542613132121 3094179 0
73542613132322 3156490 0
73516243323113 3167169 0
73516243332131 3377637 0
73542163321133 4250757 0
73564213321322 4094254 0
73614251112323 4195932 0
73541262321212 4228656 0
73615421113322 3283773 0
73615243123313 4201055 0
73615243331312 4230356 0
73615242223133 4445558 0
73615243213313 4343028 0
73615241113322 4568907 0
73615243332311 4381326 0
73615241112323 5574418 0
73625143121213 3492065 0
73615423333331 3457658 0
73615423213211 4360663 0
73625412222323 3581746 0
73625143333313 3646377 0
73625141112323 4105861 0
73624513332131 5029925 0
73624513121132 5597811 0
73645211223113 2907192 0
73645122222311 3826553 0
73645121113211 4002265 0
73642511113232 4060594 0
73642511113322 4047650 0
73642513223222 4423747 0
73642511111111 4714265 0
73645211231111 3714967 0
73645211321111 2907482 0
73645211332112 3024458 0
73645213112231 3139092 0
73645213333112 3331775 0
73651241113322 3512052 0
73652413211312 3757296 0
73652413331321 4219849 0
73654122111122 4671048 0
73654122221111 3250448 0
74123563323221 3008597 0
73654211111132 3843353 0
74123653133132 4881220 0
74123652322121 4689135 0
74123653133222 4834907 0
74123653132232 5999708 0
74123653133231 4453441 0
74125631313311 3178809 0
74125632121121 3323806 0
74125632122111 3078649 0
74125633131233 3026299 0
74125632321332 3086056 0
74125632131111 3175598 0
74125633121111 3885484 0
74125633132232 2753998 0
74125633133222 2912675 0
74125633133312 3874703 0
74125633332323 3636418 0
74132562122111 3515143 0
74132562121121 3754824 0
74132561321231 4042122 0
74126352333122 4300642 0
74132563132112 3534669 0
74132563131221 4333722 0
74152363132232 4313377 0
74136522322121 4386000 0
74156322122123 3284480 0
74152363133132 4341879 0
74152363133231 4333238 0
74152363133222 4904930 0
74156323132331 3182563 0
74156323133123 3285175 0
74156322313223 3373057 0
74156322122321 3365125 0
74163252112211 3379404 0
74163251121122 3647224 0
74163253121111 3616553 0
74163252131111 3642382 0
74163253131332 3039350 0
74163253133132 2994877 0
74163253133231 3090882 0
74163253133213 3243934 0
74163253332323 3313158 0
74165231131313 5391058 0
74165231212121 5457257 0
74165231121212 5730833 0
74165232121211 5483822 0
74165232121112 5415931 0
74165231313131 5628131 0
74165232111212 5693595 0
74165233111313 5924840 0
74165233131113 5435796 0
74165233131323 5464108 0
74165233131311 5768129 0
74213652323132 3142198 0
74251633111313 4303831 0
74165233231313 5886715 0
74165233132313 5882503 0
74312652333332 3609515 0
74265312333233 3613586 0
74256311321222 5988915 0
74256313111232 6963500 0
74321563311131 3869521 0
74321653233323 3937838 0
74325612221222 3426791 0
74325163131323 4205787 0
74325613131212 3431230 0
74325613121312 4366612 0
74325613133333 3681112 0
74361253211231 3031707 0
74365211121221 3304036 0
74365211213111 3113453 0
74361253112132 4150411 0
74365211312111 3072058 0
74365211313113 3401184 0
74365211333111 3387837 0
74365212111311 3136178 0
74365212222323 3226417 0
74365212333332 3070174 0
74365213121333 3200669 0
74365213111211 3284732 0
74512361322233 4177534 0
74512362313223 3121390 0
74521632222212 4194145 0
74513263121222 6371621 0
74523611121113 3287351 0
74521633333313 4282238 0
74521633121312 4332191 0
74521633133333 4786546 0
74521633121213 4708469 0
74523611131112 3403735 0
74523611213111 3357040 0
74523611312111 3189007 0
74523612111311 3317539 0
74523613111211 3179758 0
74561231111222 3348840 0
74561232111113 3399818 0
74532163123223 3814498 0
74561232221111 3768916 0
74561233111112 3674043 0
74561233131233 3301548 0
74561233233323 3889376 0
74561233311233 3308135 0
74563211232332 3276946 0
74561233321133 3261011 0
74561233321313 3977032 0
74653213133222 3852560 0
75132463233233 3822168 0
75143263231313 4637969 0
75234161322233 3274113 0
75146321323331 4215430 0
75213642223133 3652854 0
75234162221111 4326537 0
75231463211123 5298755 0
75236143213232 3059115 0
75241632222323 3749412 0
75243162211322 6398278 0
75243613213232 2948399 0
75243611113232 3378496 0
75246313212311 3487026 0
75246131333312 4146072 0
75246313332332 3390227 0
75246313312211 3388694 0
75246311111111 7829406 0
75264132223331 3142038 0
75261432123233 3861725 0
75264133121333 3393433 0
75264132121232 4012470 0
75264132321212 4219047 0
75264133331213 3440108 0
75264311223122 3673641 0
75264313231112 4215991 0
75314621133221 2747107 0
75314623113122 3088722 0
75316241231231 4333038 0
75312463333133 4334969 0
75314621313212 5991323 0
75321461311112 3360002 0
75321463132121 3042834 0
75346122133133 3866877 0
75346211133122 3222495 0
75346211211311 4093331 0
75346211311211 3038050 0
75346213112132 2910397 0
75346212323333 3881661 0
75346213132121 3039461 0
75346213132322 3065940 0
75346213332122 3255983 0
75412631223332 2806726 0
75416323232213 3759126 0
75613243131332 4343371 0
75431263133213 4295656 0
75462132123212 5681526 0
75641323232111 3202321 0
75634123323122 3386793 0
75613243133213 3532920 0
75642132213311 3095690 0
76123453233323 3307303 0
76143252131312 3649242 0
76125343333133 4391668 0
76143252221222 3710719 0
76143253331333 3479636 0
76143253131212 3757227 0
76143253333313 4879900 0
76145231121113 3088062 0
76145231131112 3337484 0
76145231122112 5351167 0
76145231221112 5341555 0
76145231311331 3009533 0
76145232123332 3226005 0
76145232331313 3103764 0
76145232233213 3989003 0
76145232332213 4126951 0
76145233232333 3133348 0
76145233133213 3297246 0
76215341231231 3573287 0
76213543311332 3716251 0
76154323333112 3840517 0
76213543213133 3961931 0
76215433333133 4229019 0
76231451123111 3381292 0
76245311131121 2957007 0
76245311121131 3281625 0
76253141123132 2896228 0
76245313123121 3129519 0
76245312132131 3192741 0
76245311213312 3126936 0
76245313122122 3107555 0
76253141211332 2840661 0
76253413322312 3914024 0
76254133311323 6254980 0
76312453211111 3378942 0
76312453311311 3714511 0
76312542321212 3626544 0
76254313211111 5567662 0
76312452212111 5776444 0
76312542322121 3404803 0
76312543322222 4507700 0
76315241223113 2971005 0
76315241113112 3049506 0
76315241112113 3557415 0
76315241322122 3145856 0
76315241323313 3314941 0
76315241332112 3035340 0
76315243211231 2885101 0
76315243323323 3468191 0
76321452122123 4962001 0
76321452122333 4957720 0
76321452122321 5064034 0
76321452123323 5752278 0
76321452212231 4804492 0
76321453233131 5274819 0
76321452213122 5043835 0
76321453311233 6022208 0
76321543211111 3217027 0
76321453321133 5026467 0
76321542211112 4788624 0
76321453323311 5773901 0
76321453313312 5662132 0
76324151112233 3301347 0
76321543311131 3553841 0
76324151112323 3985564 0
76324153323122 3265804 0
76325411111213 3412749 0
76325411111312 4211766 0
76325411112131 3116975 0
76325411113121 3418738 0
76325411122121 3377266 0
76325411331311 3639692 0
76325412112121 4241219 0
76325412231212 3643121 0
76325412333233 3622929 0
76341251111213 3329002 0
76325413222223 3355867 0
76341251111312 4151477 0
76341251113121 3360640 0
76341251221121 3523986 0
76341251112131 3665301 0
76341251311313 3375472 0
76341252232313 3294020 0
76341253233131 2993132 0
76341252323333 3612280 0
76341253221212 3718248 0
76342511323112 2983916 0
76342511111231 2822960 0
76342511111321 3628999 0
76342512232223 3574128 0
76342513213112 4344923 0
76342513323122 3158173 0
76342513323212 3401743 0
76342513322111 4522161 0
76345122213311 3112837 0
76345122211121 3724865 0
76345122211112 4646851 0
76345122311111 3758588 0
76345123312211 2983670 0
76345123211111 3170972 0
76345123311131 3496145 0
76345123311113 3663433 0
76351421113322 3202528 0
76351423321232 3381247 0
76351421112323 4299535 0
76354121121212 3955718 0
76354121122121 3321825 0
76354121311313 3387103 0
76354121313131 3729691 0
76354122111212 4336224 0
76354123211132 3207505 0
76354122212222 3444261 0
76354122112121 3609623 0
76354123211123 3689627 0
76354212213323 3424037 0
76354212312233 3520903 0
76354212313322 3750766 0
76354123313333 3764963 0
76421351131121 2741405 0
76354213222223 3383624 0
76354213312223 3173521 0
76354212333332 3449586 0
76514321232113 3381264 0
76514321112323 3663029 0
76512343332311 5488232 0
76512343213313 5502387 0
76521433232333 3271861 0
76523413223231 3454049 0
76524313331222 4271659 0
76541232131213 5633307 0
76541232221222 3462937 0
76541233121213 3571939 0
76541233331333 3846065 0
76541233333313 4351853 0
76543211223221 3077038 0
76543211212112 3786580 0
76543211332331 3072487 0
76543212132323 3381522 0
76543211333333 3394134 0
76543211111111 7363416 0
76543212222221 3248007 0
76543212323213 3335490 0
76543213113131 3358825 0
