12345672121232 14582 0
12345672123212 13404 0
12345672321212 13555 0
12345673131323 12927 0
12345673132313 15914 0
12345673231313 15248 0
12345761111111 11203 0
12346571111231 9995 0
12346751113133 12865 0
12347561112212 14119 0
12347651111111 23151 0
12347651122112 18718 0
12347651133311 16964 0
12347652111221 15394 0
12347652123233 18570 0
12347652123332 21999 0
12347652223232 9750 0
12347653111133 16507 0
12347653132223 16702 0
12347653132322 15988 0
12347653332323 11219 0
12354671111111 12843 0
12354761112323 11528 0
12354762121112 15734 0
12354762121211 15305 0
12354762311123 12914 0
12354763131131 13101 0
12354763133111 12524 0
12354763211123 9803 0
12356471113133 12705 0
12356741133131 11702 0
12356741313131 11587 0
12356743113131 12141 0
12357461111222 12073 0
12357461113331 11865 0
12357462211112 10720 0
12357641113331 12735 0
12364571112212 14590 0
12364751112212 10976 0
12364751113133 11262 0
12364753311131 9399 0
12365471111111 15955 0
12365471211122 16488 0
12365471313113 15440 0
12365472223232 10030 0
12365472321233 18182 0
12365473232312 16339 0
12365473332323 9926 0
12365741113331 13370 0
12367451123333 11990 0
12367451132222 11431 0
12367451213333 12288 0
12367451312222 16341 0
12367452113333 13571 0
12367453112222 11329 0
12367541112212 13585 0
12367541113331 15812 0
12367541331131 9649 0
12374561121212 11412 0
12374561211212 12070 0
12374562111212 16253 0
12374651111222 14506 0
12375461111222 13151 0
12375641113112 13424 0
12376451111222 14925 0
12376451113133 12653 0
12376451221211 10270 0
12376541112323 9498 0
12376541232233 13189 0
12376541322233 10778 0
12376542121232 13355 0
12376542123212 12360 0
12376543133132 13785 0
12376543133231 13859 0
12456731132321 19725 0
12456731233223 12167 0
12456733223321 12432 0
12463751231231 13269 0
12467351131121 10471 0
12467351231321 8988 0
12473561132123 12634 0
12536741112323 17576 0
12537461332112 11910 0
12543671111111 16430 0
12543671211212 16245 0
12543671331113 16088 0
12543672121121 16795 0
12543672321332 18192 0
12543672322232 9912 0
12543672331232 16505 0
12543673111331 16027 0
12543673221323 16473 0
12543673231223 16387 0
12543673233323 12494 0
12546371221331 14370 0
12563472131213 10605 0
12563473131212 12853 0
12564733323122 11860 0
12567433232333 9891 0
12576343212221 18879 0
12637451132111 18253 0
12637451332112 14538 0
12643571321321 12717 0
12645371131121 12682 0
12673542331133 18650 0
12734561112323 16765 0
12734561322233 17244 0
12734562313223 16997 0
12745631111111 26319 0
12745632111122 17061 0
12745632212213 16566 0
12745632222221 15116 0
12745632232211 16500 0
12745633131131 16562 0
12745633313312 16024 0
12745633313333 15626 0
12745633323311 16138 0
12753462231323 12849 0
12763452322232 10041 0
12765432121313 10721 0
12765432222212 12297 0
12765433121213 10182 0
12765433331333 10593 0
13245671321111 13206 0
13246571111111 8802 0
13246571112233 9229 0
13246571113232 12811 0
13246572321332 16127 0
13246572331232 13028 0
13246573221233 12935 0
13246573321223 13103 0
13246752133211 18689 0
13247563212131 19702 0
13254761322233 13136 0
13254761323322 12551 0
13254762321233 16684 0
13254763323122 13979 0
13257641112233 16867 0
13265741112323 12838 0
13265742131312 16732 0
13267451122211 10811 0
13267451311133 9529 0
13267541111132 16011 0
13267541232212 13071 0
13274651112323 11174 0
13275461112233 18889 0
13275463213211 14953 0
13275641112233 10302 0
13275641112323 9592 0
13275642131333 13724 0
13275643212221 14485 0
13276451113211 18737 0
13276451233133 14566 0
13276541133122 21506 0
13276541213312 26748 0
13276541321123 22825 0
13276541322311 23698 0
13276541323112 13394 0
13276541323322 13020 0
13276542323312 12898 0
13276543323122 14755 0
13462571111111 17557 0
13462572213311 17215 0
13527461211113 11801 0
13542671231231 12633 0
13546271213213 9730 0
13546271231231 15483 0
13546271321321 12539 0
13572641122133 13637 0
13576241312213 16092 0
13576241321321 13118 0
13627451332112 12205 0
13642571221223 11707 0
13642571223221 11453 0
13642573221221 13184 0
13645271221331 13001 0
13647521111111 11457 0
13675241112323 16315 0
13675242331313 15407 0
13725642332132 15191 0
13754262123323 28930 0
13762451321321 12877 0
13764251211311 9801 0
13764252323231 14596 0
13765422121211 19049 0
14263751131121 11449 0
14267351321321 13696 0
14275633323122 14127 0
14325671111111 33786 0
14325672112121 17229 0
14325672231323 17610 0
14325672323222 9865 0
14325673123232 17768 0
14325673232333 9938 0
14325673311131 16974 0
14327652131213 9700 0
14327653121213 10348 0
14352672212111 12487 0
14356721112323 17749 0
14356721322233 22706 0
14367252322232 10414 0
14367523311113 15146 0
14523672121313 10884 0
14523673121312 12387 0
14527631121311 10962 0
14527631131211 8974 0
14527631133311 16062 0
14527631211131 11866 0
14527631311121 11845 0
14527632122213 15499 0
14527632212111 17246 0
14527632333332 21764 0
14527633132322 16875 0
14527633312133 15106 0
14536273311311 13362 0
14537622231323 12596 0
14563272323222 9536 0
14567231312213 18229 0
14567231321123 17928 0
14573261333111 12268 0
14625731111111 16810 0
14625731131121 12421 0
14625731322233 22971 0
14625732112121 13449 0
14625732113321 16714 0
14625732213323 14563 0
14625732233111 15191 0
14625733133111 12160 0
14632571111111 18878 0
14632571321132 12406 0
14652733321331 12931 0
14673251111111 12349 0
14723651111213 9933 0
14723651111312 12793 0
14723651112131 11014 0
14723651113121 10069 0
14723651211212 16581 0
14723652322121 14653 0
14723652331232 16757 0
14723653232222 16424 0
14723653313111 16212 0
14723653321313 16809 0
14725361111111 10093 0
14725361111123 14915 0
14725361322332 22876 0
14725362211121 14406 0
14725363211213 14788 0
14725363213121 14030 0
14725363223213 15816 0
14725363311113 13752 0
14726531223122 15814 0
14726531232122 15938 0
14726531233313 14567 0
14726531333312 14737 0
14726532232313 12478 0
14726533323122 12638 0
14735621221112 13994 0
14735621223113 14008 0
14735621223332 28110 0
14735621233112 14522 0
14735621323112 14848 0
14735621332112 12740 0
14735621333111 12712 0
14735621333222 21184 0
14736251111132 8820 0
14736251112332 11605 0
14736253222223 11469 0
14736521132222 13118 0
14736521133131 14248 0
14736521211212 12959 0
14736521213333 13479 0
14736521221313 15460 0
14736521321231 13077 0
14736521322233 9503 0
14736521332121 15258 0
14736523112222 13011 0
14736523113131 13063 0
14752363222121 14204 0
14752363232222 13767 0
14752363233131 13032 0
14752631111111 12293 0
14752631112311 16017 0
14752631323223 22105 0
14752632332132 13087 0
14752633213223 14060 0
14752633222223 13387 0
14752633223123 13696 0
14752633223231 23548 0
14753261221112 10996 0
14753261323112 15995 0
14753261333111 11266 0
14762351221331 16401 0
14762351321231 14133 0
14762351331221 13632 0
14763251221223 14879 0
14763251222312 11501 0
14763251332331 11132 0
14763251333123 10807 0
14763252322121 8912 0
14763253132232 9117 0
14763253133132 8960 0
14763253133222 10177 0
14763253133231 9413 0
14763253221221 10718 0
14763253222112 11321 0
14763521113211 9744 0
14763521113223 11424 0
14763523222331 12801 0
14765231111213 11997 0
14765231111312 11869 0
14765231112131 11362 0
14765231113121 9269 0
14765231133131 16443 0
14765232211211 16726 0
14765232232322 16723 0
14765232331313 17043 0
14765233113131 16575 0
14765233323332 16716 0
15236471111111 12808 0
15236473231121 12961 0
15243671331221 13366 0
15246371331332 12280 0
15246371332331 11625 0
15246372331331 11288 0
15267431223113 11807 0
15273641112323 18012 0
15324673113311 17159 0
15342671211311 9670 0
15346271321321 13258 0
15367421211113 19192 0
15367421223113 14731 0
15367423211123 15340 0
15426371111111 17617 0
15426371112233 17503 0
15463271313113 12017 0
15624732123212 15420 0
15624732133313 14675 0
15624732333332 14099 0
15627431223113 10742 0
15627431322113 15333 0
15627431332112 10985 0
15634722123332 11916 0
15634722321233 11050 0
15637423211123 11028 0
15642371111111 11389 0
15642372213311 8743 0
15642372231332 13855 0
15642372331322 12318 0
15642373212311 10671 0
15642373221323 13233 0
15642373231223 14003 0
15643271221331 11633 0
15643271331221 12048 0
15643273223111 9390 0
15647233213232 13108 0
15672341113232 14094 0
15672341323112 13091 0
15672342323312 12088 0
15672343213232 13413 0
15672433312133 20423 0
15724362212132 13787 0
15724631111111 15428 0
15724631211311 14006 0
15724631322233 23879 0
15724632123233 15816 0
15724632313223 22220 0
15724632323231 14296 0
15724632323333 13026 0
15724633132322 11978 0
15734622331223 13684 0
15746321111111 17190 0
15746321323211 11437 0
15746322313112 11046 0
15762342122213 16056 0
15763241111111 12348 0
15763242323132 13423 0
16243571132132 10350 0
16243571231231 13904 0
16243571321321 12108 0
16245371231231 14071 0
16254733312223 16032 0
16257431132111 11673 0
16257433223123 14020 0
16273541122133 17351 0
16273541321321 14038 0
16275341312213 11852 0
16275343122221 16768 0
16327453232333 10162 0
16342571331221 12935 0
16345271111111 29663 0
16345271133131 17651 0
16345271222111 18247 0
16345272322232 12179 0
16345272333212 16571 0
16345273122323 18488 0
16345273233323 15571 0
16347252131312 11752 0
16347253121312 10381 0
16357421223113 12250 0
16374521112323 18153 0
16374523211123 17570 0
16423572112121 12598 0
16427531211311 11341 0
16427531231321 8732 0
16427532333233 18471 0
16453271111111 19079 0
16453271211113 14164 0
16453272111131 14512 0
16475233132313 19021 0
16523473332323 10015 0
16523741112212 12735 0
16524731112212 16213 0
16524731112233 13033 0
16524731113133 13632 0
16527341111111 10522 0
16527431123333 10738 0
16527431222132 10640 0
16527431312222 14618 0
16527431333213 10124 0
16527432113333 10223 0
16527432211322 11086 0
16527432231122 9323 0
16527432231332 9192 0
16527432331322 9540 0
16527432333113 10119 0
16527433312133 9292 0
16532471111222 13147 0
16534271111111 10733 0
16534271111132 8959 0
16534273211111 10922 0
16534723211123 11538 0
16537421111222 12763 0
16537421113322 12380 0
16537421113331 13122 0
16537421223113 10856 0
16537421233112 15630 0
16537421332112 10668 0
16542371221331 10627 0
16542371331221 10972 0
16542372112331 12214 0
16543271221223 15709 0
16543271223221 10464 0
16543271331332 11907 0
16543271332331 11746 0
16543272331331 10261 0
16543273221221 11008 0
16543721111111 9429 0
16543721113211 9001 0
16547233332323 10721 0
16547321113331 14950 0
16572431111111 12616 0
16572433213223 13764 0
16573241123123 10729 0
16573241312312 9736 0
16574231113133 13134 0
16723451122133 15951 0
16723451322311 16374 0
16725431121311 9757 0
16725431131211 9942 0
16725431211122 16767 0
16725431211131 12126 0
16725431311121 8896 0
16725432211121 18231 0
16725432232223 15615 0
16725433113311 16048 0
16725433122212 15085 0
16725433333232 16140 0
16735242122213 14134 0
16742352232313 11660 0
16743252323222 9626 0
16745232121313 10125 0
16745232122222 9729 0
16745233121213 9690 0
16745233333313 11936 0
16753241221112 12147 0
17246351111111 16692 0
17265433111313 20278 0
17324561211323 17377 0
17324561232332 10849 0
17326452212111 20587 0
17356241212313 11760 0
17356242211331 23523 0
17362451211311 8465 0
17362451231321 9168 0
17362452213311 14897 0
17364251231231 15261 0
17423653213232 13289 0
17425631122112 13880 0
17425631223113 12854 0
17425631313113 12713 0
17425631322113 14385 0
17425631322332 22922 0
17425631323112 15048 0
17425631323223 21262 0
17425631332112 14052 0
17426531112233 10848 0
17426531121212 13668 0
17426531132312 15317 0
17426531213123 15420 0
17426531223221 12763 0
17426531232233 13059 0
17426531313131 13159 0
17426531331332 13764 0
17426532121211 12028 0
17426532331331 16273 0
17435622211133 9348 0
17435623211123 9522 0
17436521323232 10321 0
17452363213232 10891 0
17452363322132 9377 0
17452633213232 15154 0
17453262211133 10909 0
17462352213311 9155 0
17463251122112 11244 0
17463251221331 12783 0
17463251313113 11226 0
17463251321231 12833 0
17463251323112 15598 0
17463251331221 13451 0
17526431131121 11268 0
17526431231321 9165 0
17526432123233 14945 0
17543261111111 19685 0
17543261132111 14123 0
17642531111111 17211 0
17642531112233 22734 0
17642533312211 17961 0
17643251122112 12192 0
21345671111111 13211 0
21345762223322 17057 0
21345762312323 12879 0
21345762313223 9823 0
21345763332233 14054 0
21346752313322 13625 0
21347562312323 25443 0
21354671122112 12185 0
21354671131313 16104 0
21354671221112 12130 0
21354672311123 13956 0
21354672311132 10529 0
21354672313211 27751 0
21354673131113 14466 0
21354761112233 23692 0
21354761112311 13639 0
21354761113211 14272 0
21354761113322 25046 0
21354761122211 15338 0
21354761133311 13251 0
21354762213311 22553 0
21354763312211 21998 0
21357462311111 17420 0
21357463213331 13731 0
21357642221132 19959 0
21364752311111 16011 0
21364753212212 13447 0
21365742221312 13518 0
21365742312323 17409 0
21367451311331 11486 0
21367452112112 9997 0
21374653333121 17470 0
21375462312233 9451 0
21375463333211 16784 0
21376541111123 11668 0
21376541112311 12644 0
21376541122211 14538 0
21376541131133 12541 0
21457631321123 23827 0
21473563331312 19621 0
21536742222131 17872 0
21654372231323 14827 0
21654372233321 13106 0
21654373332122 11331 0
21654373332221 12588 0
21734652123131 16997 0
23147562123131 12728 0
23147651112323 12008 0
23147652312323 8794 0
23156471222132 14227 0
23156471333132 14224 0
23156473323332 13343 0
23157461231333 18636 0
23157462131123 19108 0
23164573213133 12795 0
23164752131312 15107 0
23164753333313 14218 0
23165471111111 9983 0
23165471311133 13444 0
23165471312132 14722 0
23165472111122 13373 0
23165472111332 14479 0
23165472132332 15902 0
23165472311111 16301 0
23165473233221 24293 0
23165741112323 9599 0
23165741231312 14993 0
23165742123131 8058 0
23165742131321 16960 0
23165742131333 23104 0
23165742312323 13043 0
23165743331312 23118 0
23167541233322 15999 0
23167542131222 15125 0
23174652123131 8522 0
23175463211222 14756 0
23176452132221 16970 0
23176453332233 16789 0
23416752121211 16401 0
23417563232123 11884 0
23456173212332 11074 0
23456173233122 11583 0
23456713212332 12370 0
23475162121112 13690 0
23517462131333 16681 0
23576412233321 16568 0
23576412312323 16483 0
23657142121112 21285 0
23671452122333 29489 0
23674153232321 9728 0
23751461132123 11179 0
23751463112321 11113 0
23756143222331 14074 0
23756411222312 11357 0
23756413222112 11707 0
23756413223312 11401 0
23756413322312 11973 0
24153672321233 13148 0
24157361313212 12294 0
24157362323111 12330 0
24167353132232 24098 0
24173652323231 8752 0
24315673311311 18298 0
24315761122322 18419 0
24315762213323 9713 0
24351671212211 14359 0
24351673111133 15275 0
24351673311311 16726 0
24351761111123 23728 0
24351761212232 14059 0
24367511323112 15895 0
24367513111121 11517 0
24376512222122 16621 0
24516732233111 9290 0
24531673123121 16406 0
24536713231232 15028 0
24537613231322 15870 0
24561372111131 10049 0
24563711121212 13180 0
24563712121232 13693 0
24563713121222 19353 0
24571362221213 15274 0
24571631121212 14912 0
24615371112332 14238 0
24615372213311 27054 0
24615731122313 15227 0
24615731132333 22683 0
24615732111323 17293 0
24615732213311 9700 0
24615732233321 13395 0
24615733113323 22655 0
24615733311122 7624 0
24617532233321 21460 0
24637512311132 12496 0
24651731113223 17711 0
24651731333333 13898 0
24715363311332 14039 0
24715631111111 15700 0
24715631122121 14627 0
24715631122133 14765 0
24715632313223 21254 0
24715633112111 9749 0
24715633131131 14480 0
24716532323231 18653 0
24731561111111 18853 0
24731562311231 12292 0
24736512222332 18980 0
24751362221231 22693 0
24751362321113 26378 0
24761531221223 23970 0
24763151111111 11708 0
24765313222112 20292 0
25134672233321 16908 0
25134672312323 16991 0
25134672313211 18634 0
25137461111111 12290 0
25137461211323 10958 0
25163741112323 15613 0
25314673111313 16875 0
25314673111331 16049 0
25314673131311 16599 0
25341673113311 19450 0
25341762313223 22694 0
25364172311231 19454 0
25364173223231 10709 0
25367411211122 12306 0
25413672323111 19567 0
25413763121222 19285 0
25436711311313 13390 0
25436712123122 14821 0
25436712123332 12858 0
25436712132122 16412 0
25436712323231 15820 0
25436713232321 12228 0
25436713332122 13246 0
25463713212332 13485 0
25471362323132 9692 0
25471631312213 19791 0
25631741212121 26340 0
25634713321232 14654 0
25641371213132 17298 0
25714632123131 10689 0
25714632223331 13480 0
25714632313211 25717 0
25714633121333 17014 0
25716431212223 16740 0
25716433223213 17270 0
25731642232211 27276 0
25734162221111 12410 0
25734613113323 20710 0
25736141111123 10638 0
25736141233232 17057 0
25736411133113 16766 0
25736411231321 11030 0
25736411321312 14017 0
25736411331113 15882 0
25736413123112 14907 0
25741361232113 12711 0
25741632222323 14599 0
25741632312323 13054 0
25743611233232 13124 0
25763142223133 11933 0
25763411332322 9921 0
26135742132221 18348 0
26135742213323 9472 0
26135742332312 17570 0
26153471122121 11889 0
26153473131131 10666 0
26153473132121 13853 0
26154372332213 34730 0
26175432331133 17794 0
26317451212211 20604 0
26345711223113 11387 0
26371453112111 11111 0
26415731322323 14178 0
26415732121223 13700 0
26415732233321 17206 0
26435712222122 22015 0
26435712233321 12892 0
26435712311132 7081 0
26435712322322 17152 0
26435713311122 8369 0
26435713333133 17519 0
26437512122312 15372 0
26453172211133 11905 0
26453711333333 17443 0
26513471122121 13807 0
26517343333313 21913 0
26534713333313 19738 0
26543171111111 15692 0
26543171123111 14867 0
26547313131323 19227 0
26573413331312 15855 0
26714531212133 17093 0
26714532121133 19730 0
26715433231322 13317 0
26741351232113 14799 0
26743512121232 21612 0
27134561131133 12702 0
27154632311132 17572 0
27314652313211 18504 0
27365412321212 15579 0
27415363131113 13298 0
27415632323231 15719 0
27415633321322 16021 0
27416532133232 10354 0
27416533321232 14863 0
27435612122222 14437 0
27453161123111 13559 0
27453161132111 15293 0
27456133132223 12458 0
27516341111111 9656 0
27534161111111 8542 0
27534161111123 13685 0
27534162311111 9269 0
27534612311132 8718 0
27536412332312 17280 0
27543611111123 17843 0
27543611111132 13128 0
27546312231122 29827 0
27613543333133 20483 0
27614353311332 17252 0
27615431312333 18080 0
27615432113321 12743 0
27615433313213 14338 0
27634511131133 14811 0
27634512233321 8551 0
27643513311233 23277 0
31246753312211 11708 0
31247651113232 8475 0
31247651323232 11970 0
31256471231222 13223 0
31257462222221 19349 0
31257462312311 15314 0
31257643311122 11633 0
31264572122213 14739 0
31264573132313 13767 0
31264573222223 13242 0
31264752132122 18476 0
31264752313121 18489 0
31265471111111 18167 0
31265471122112 12497 0
31265471122133 15261 0
31265471312213 14512 0
31265471313113 12229 0
31265471321111 10302 0
31265472233321 25814 0
31265472312233 14410 0
31265741233331 15843 0
31267542222233 17519 0
31267542313133 17786 0
31275461112233 12190 0
31275461322233 12250 0
31275462133211 15021 0
31275462223211 15203 0
31275462311213 16801 0
31275462312212 16543 0
31275463311122 9338 0
31276452133322 15404 0
31276452313313 16779 0
31452671323211 11388 0
31452671332232 11437 0
31452672322331 11605 0
31456722111221 11860 0
31462751111111 17937 0
31462751113322 17353 0
31475261322233 18553 0
31475262331313 19560 0
31475262333221 15547 0
31524673332122 15254 0
31527643332122 15137 0
31564272212111 19021 0
31564272213311 11812 0
31564273113311 13110 0
31572461122133 9613 0
31624751112233 17320 0
31624753312211 16986 0
31627452221333 19581 0
31654272313322 16193 0
31754621331122 23980 0
31765242322121 22984 0
32145671111111 23102 0
32145671123333 15834 0
32145671132222 15666 0
32145671221112 17135 0
32145671333333 15550 0
32145672113333 16137 0
32145672212222 15118 0
32145673112222 14905 0
32145673311113 17203 0
32146751232323 12965 0
32146752232223 14124 0
32147562313223 11532 0
32147562333233 18289 0
32147651123333 9825 0
32147651132222 9302 0
32147651213333 10981 0
32147651312222 9874 0
32147652113333 9513 0
32147652231332 9798 0
32147652233213 15102 0
32147652331322 10341 0
32147652332213 15001 0
32147653112222 9106 0
32156471111111 10911 0
32156471113211 15733 0
32156471232332 21384 0
32156472312332 13233 0
32156472332132 13092 0
32156472332321 22539 0
32156472333332 12759 0
32156473223123 11825 0
32156741112323 11341 0
32156742311123 10712 0
32156742313223 10388 0
32156742333131 14216 0
32157641232323 12497 0
32157642231323 12871 0
32164571111111 17190 0
32164571111231 9957 0
32164571232323 12856 0
32164572232223 14488 0
32164572232313 14423 0
32164572233321 22592 0
32164572312323 22347 0
32164573323212 12449 0
32165741111111 16278 0
32165741111132 14981 0
32165741233223 23921 0
32165742211112 13432 0
32165742331112 14329 0
32165743311131 12006 0
32167451111111 15782 0
32167451213333 17315 0
32167451222222 14813 0
32167451312222 15275 0
32167451333111 15158 0
32167452211121 16347 0
32167453222313 16192 0
32167453313333 15869 0
32167453321232 15967 0
32174561112323 9527 0
32174561232113 10746 0
32174561232233 11312 0
32174562231212 13684 0
32174652312332 11999 0
32174652332132 11005 0
32175461111111 17361 0
32175461113112 10055 0
32175461221112 12480 0
32175461333111 12399 0
32175462233111 14728 0
32175462312323 23951 0
32416753121222 16164 0
32417562113321 16451 0
32417652132131 15306 0
32417653132121 13432 0
32451762331121 10951 0
32456173212332 13868 0
32456711233133 26168 0
32465172112121 12715 0
32465172132131 12790 0
32465172133121 13140 0
32465172332321 22627 0
32465173123121 13887 0
32465173132121 14092 0
32465173133111 13515 0
32465173233221 23011 0
32475161232323 15480 0
32475163331222 13994 0
32476513232231 12361 0
32517463131311 20494 0
32546713323212 12225 0
32547611121113 12503 0
32547611131112 10447 0
32547611213111 10727 0
32547611312111 10829 0
32547612111311 10198 0
32547613111211 9701 0
32561471113133 18259 0
32561471121311 8967 0
32561471122211 18581 0
32561471131211 9750 0
32561471211131 15378 0
32561471311121 12128 0
32561472133313 14800 0
32561472213122 15393 0
32561473222223 16881 0
32561473323212 15729 0
32567412122222 9798 0
32567412131312 10676 0
32567412222212 11525 0
32567413131212 10263 0
32567413133333 11183 0
32576142313223 17194 0
32615473332122 14474 0
32647152133121 17459 0
32647153132121 13504 0
32647512333233 20355 0
32657143121213 19683 0
32657412111212 17588 0
32671453123313 18825 0
32674152113333 25524 0
32714652332132 11945 0
32716452123212 16336 0
32741651121311 13189 0
32741651131211 10608 0
32741651211131 10062 0
32741651311121 11912 0
32741652111113 10766 0
32741653111112 11038 0
32745611223332 16028 0
32745612313322 16136 0
32745612322331 16149 0
32751643321232 13029 0
32754163211123 17247 0
32756141233121 17363 0
32761452121313 9429 0
32761452122222 10344 0
32761452222212 9624 0
32761453121312 11933 0
32761453133333 9998 0
32765411112221 17803 0
32765411121113 9138 0
32765411131112 9183 0
32765411133113 16622 0
32765411331113 16625 0
32765412221312 14842 0
32765412323222 11423 0
32765413122212 14378 0
32765413223312 15758 0
32765413231223 16630 0
32765413322312 15789 0
34125672131213 9550 0
34125672131312 10390 0
34125672221222 10066 0
34125673133333 10263 0
34127651121113 10334 0
34127651131112 9640 0
34127651213111 10530 0
34127651312111 10462 0
34127652111311 10106 0
34127653111211 9751 0
34162752132212 25870 0
34165271112212 18195 0
34165271121311 10339 0
34165271131211 10070 0
34165271211131 12759 0
34165271311121 9225 0
34165271311133 16453 0
34165272323333 15896 0
34165273133312 17300 0
34165273222322 16092 0
34165273311131 16322 0
34167252213323 16453 0
34172562132332 18811 0
34172562313331 18082 0
34175263321232 13293 0
34216572213122 25460 0
34261572132131 10482 0
34261572133121 11775 0
34261573123121 11474 0
34265712212132 17288 0
34275161312213 9522 0
34275162112322 15300 0
34275162213221 16610 0
34516271111111 10995 0
34516272312332 17650 0
34516722313223 11624 0
34517622231323 12138 0
34521672223232 10784 0
34526713232312 9054 0
34527612211322 12165 0
34527612231122 11162 0
34527612231332 13609 0
34527612331322 12183 0
34527613312133 11835 0
34561272122123 10634 0
34561272122321 10399 0
34561272212213 15430 0
34561272213122 9427 0
34561272232211 15232 0
34561273221233 9463 0
34561273233131 9932 0
34561273311233 9963 0
34561273313321 11712 0
34561273321133 10136 0
34561273321223 8987 0
34561721111111 12234 0
34562171321111 10890 0
34562171321231 8060 0
34562172232313 14491 0
34567212223232 12177 0
34617252111212 12947 0
34617252123212 13666 0
34617252132212 13943 0
34617522221333 14394 0
34621572132131 12620 0
34625172111212 15118 0
34627512232313 11261 0
34651271123111 9728 0
34651272332132 15062 0
34675212222122 23187 0
34715262221123 19238 0
34716522223211 18448 0
34721652121313 14467 0
34721652131213 12499 0
34721652221222 14223 0
34721652222212 12849 0
34721653333313 10022 0
34725611212211 17167 0
34725612111113 8791 0
34725612121322 15707 0
34725612231212 15336 0
34725612231332 16101 0
34725612322232 12103 0
34725612331322 15741 0
34725613111112 11056 0
34725613111133 16444 0
34725613132223 15822 0
34725613311113 16349 0
34761252323222 9431 0
35126741232212 17617 0
35126742231233 17747 0
35127462331331 21744 0
35162472122231 14694 0
35162472123233 13145 0
35162473122221 15100 0
35162473323131 15730 0
35162473332122 13499 0
35162473332131 14895 0
35162742213323 15410 0
35167242132212 20169 0
35172461232323 15826 0
35174262213131 18563 0
35174262231113 17354 0
35246171111111 16866 0
35246171113322 16641 0
35246172213311 16854 0
35267141223233 11896 0
35267141321132 19698 0
35271461322233 16400 0
35416721113112 11081 0
35416723232213 14615 0
35417622223133 13326 0
35426712131132 19944 0
35426712311312 14225 0
35426713111313 12961 0
35426713131113 11800 0
35426713312211 9979 0
35461271111231 11952 0
35461271321231 8284 0
35461272222323 12592 0
35462171131313 12634 0
35462171212121 12789 0
35462171221223 13090 0
35462171332331 15388 0
35462172213311 10092 0
35462172223331 12703 0
35462172312131 15814 0
35462173123211 14575 0
35462173131311 13176 0
35462173221221 13740 0
35462712322322 17408 0
35472163222313 9537 0
35472163231322 10975 0
35476122221111 12696 0
35614722321233 14735 0
35617423131332 14950 0
35624712121232 11734 0
35624712321212 16695 0
35624712321332 11660 0
35624712331232 12320 0
35714623111322 23051 0
35721642221213 26294 0
35762142222113 17691 0
36125471111333 17866 0
36125471212112 20244 0
36125471213111 9217 0
36125471222111 20458 0
36125471312111 10537 0
36125472111311 10073 0
36125472121223 14362 0
36125473111211 11619 0
36125473232222 16776 0
36125473323233 17963 0
36125743222331 20097 0
36127451333222 15790 0
36145272122222 10050 0
36145272131213 11367 0
36145272131312 10401 0
36145273333313 11952 0
36147251121311 11572 0
36147251131211 11656 0
36147251211131 12123 0
36147251311121 10128 0
36147252111113 12169 0
36147253111112 10852 0
36152741231312 21673 0
36152742131321 17773 0
36172452133133 17132 0
36217452131333 22093 0
36217541223311 11005 0
36217543213112 14517 0
36241573212332 12894 0
36241753212311 10007 0
36415272123212 19328 0
36417522123311 18590 0
36514272212111 18518 0
36521472113321 16137 0
36521472331121 16744 0
36527411131133 16449 0
36527412111113 9917 0
36527412131222 18511 0
36527412211322 17215 0
36527412221312 15708 0
36527412231122 14922 0
36527412322232 10023 0
36527413111112 10467 0
36527413311311 15917 0
36541272323222 9567 0
36542712121322 15761 0
36547212121313 10431 0
36547212122222 11676 0
36547212131312 11613 0
36547212221222 10329 0
36547213331333 12965 0
36712542121112 11983 0
36712542121121 11858 0
36712542121211 15813 0
36712542122111 12879 0
36714252232223 9534 0
36714521232113 12538 0
36714522121322 15769 0
36714522122213 14892 0
36714523132223 12907 0
36714523132322 12963 0
36721451131331 17125 0
36721452121322 15674 0
36721452122123 15155 0
36721452122213 15117 0
36721452122321 15706 0
36721452131111 12212 0
36721452223232 8725 0
36721453113113 18539 0
36721453121111 15298 0
36725411121212 12611 0
36725411131313 12809 0
36725411212121 13663 0
36725411313131 12563 0
36725412111212 13348 0
36725412121112 12424 0
36725412121211 13486 0
36725412121232 12722 0
36725412123212 13808 0
36725412321212 13928 0
36725413111313 15005 0
36725413131113 13604 0
36725413131311 15915 0
36741252122123 12544 0
36741252122321 12067 0
36741252122333 10594 0
36741252123323 11801 0
36741253233131 11869 0
36745211211221 15958 0
36745212121223 14579 0
36745212122312 18278 0
36745212122333 15129 0
36745212123323 17012 0
36745212131111 9186 0
36745212223232 9708 0
36745213121111 11889 0
36745213131131 16150 0
36745213133111 16130 0
36745213232213 15618 0
36751243222322 9665 0
36752142122132 20068 0
36752142123221 14808 0
36752143132232 13045 0
36752143133222 13897 0
36752143211132 12410 0
36754123232222 14502 0
37246511112233 22696 0
37256142321233 13168 0
37415622333221 17170 0
37426513132313 11870 0
37452162323312 11723 0
37516422333311 14802 0
37561241311112 9592 0
37612453122233 15546 0
37612542221111 14421 0
37614252221123 14337 0
37614521111111 17166 0
37614521323232 10014 0
37614522111221 12698 0
37614522113321 16311 0
37614522313322 16158 0
37614522323312 12564 0
37614523232213 14524 0
37615421113322 9920 0
37615422211133 8153 0
37615422223133 8360 0
37615422313121 13482 0
37615422313331 13995 0
37615423121132 14408 0
37624152311213 18395 0
37624511232233 11099 0
37624512121322 15947 0
37624512231212 14045 0
37624513131323 13592 0
37624513231313 13340 0
37641252222323 11968 0
37642152213311 11730 0
37642513122221 18727 0
37645122312221 14516 0
37651242211133 13538 0
37651422312311 17511 0
37652141113232 8019 0
37652143231322 13266 0
37654212311222 19022 0
41236753232321 11973 0
41237561313131 19359 0
41263751312222 25132 0
41325671212211 12373 0
41325762313223 17180 0
41325763131233 13955 0
41352671212112 11639 0
41352671212121 11446 0
41352671222111 12168 0
41357622313112 11693 0
41367253111133 12763 0
41532672313211 24484 0
41532761233133 16539 0
41563273113311 12946 0
41576322212222 14804 0
41625372313211 14570 0
41625373121213 14217 0
41625731222231 13472 0
41635721212121 19558 0
41657321222312 19835 0
41673252212222 15607 0
41673521111111 11745 0
41723562313211 15929 0
41725361232113 7510 0
41725361321213 17965 0
41725362221213 15738 0
41725362313211 9364 0
41725362313223 11325 0
41725363121222 13964 0
41725363121231 14116 0
41725631111111 12475 0
41725631211122 12889 0
41725632322331 23031 0
41725633111133 11844 0
41725633121123 14856 0
41725633211111 16343 0
41726352313322 9725 0
41726532312233 15784 0
41735261323313 19833 0
41735262312233 11605 0
41735263123223 16817 0
41735621233232 12879 0
41735622313322 15509 0
41736521233232 15705 0
41736522332231 9935 0
41752631222123 14031 0
41752632311123 11426 0
41752632312323 8701 0
41752632313211 27636 0
41756231321213 21339 0
41756233121231 17729 0
41762532221333 18434 0
41762533123331 17196 0
41765231233232 14416 0
41765322221312 14696 0
41765322313211 24749 0
41765323122212 14693 0
42136752131312 20003 0
42137561123333 21191 0
42137653122131 15462 0
42137653132121 13349 0
42157633231322 15341 0
42163751121212 20947 0
42165373223123 11199 0
42167532131333 18880 0
42315673112111 10611 0
42351671212211 13439 0
42351763231133 22831 0
42367153111121 15169 0
42367153211123 15421 0
42516372233111 11561 0
42561733323122 14612 0
42573612323231 10289 0
42573613322231 11030 0
42613572313211 15910 0
42615371313332 22534 0
42615372213311 10990 0
42615372221213 15405 0
42615372313211 10208 0
42651372213311 16427 0
42651733311122 12898 0
42673512232133 12457 0
42751632321233 16324 0
42751632323231 13085 0
43126572133313 15324 0
43167251232212 16996 0
43176252123131 17027 0
43176252311132 17097 0
43216573132121 12078 0
43216573132223 11114 0
43216573212311 12393 0
43216573212332 18582 0
43512671313332 16763 0
43527612312323 8914 0
43561271111111 10218 0
43571262122222 19668 0
43572161111111 11562 0
43572612312323 10519 0
43576211123222 18001 0
43576212112232 21492 0
43615271333312 14107 0
43615272113321 9341 0
43617521223221 24027 0
43621752213323 15867 0
43651722323132 10119 0
43675122222122 15135 0
43675211221331 13875 0
43721653231313 15060 0
43751623123313 15835 0
43765212222122 17214 0
45167323322231 15920 0
45176231131313 16591 0
45176231133113 16129 0
45176231331113 16072 0
45176233131113 17301 0
45176321131133 19553 0
45213672221123 17651 0
45273162222122 18655 0
45276131131133 18469 0
45312671222312 13153 0
45312672223331 11329 0
45312672233321 8620 0
45312672313211 25704 0
45312673132313 21068 0
45312673222112 13192 0
45312673231313 21067 0
45312761113211 13613 0
45312761133311 10934 0
45312762221111 15786 0
45312762311111 11938 0
45321671212211 12107 0
45321671221121 10492 0
45321673113311 18007 0
45327612222323 13371 0
45362712122222 19840 0
45367122223133 11881 0
45367211111132 12603 0
45367211211122 11434 0
45367213111133 11544 0
45376121131133 17946 0
45376121331311 14885 0
45376211333123 15889 0
45376213131323 21363 0
45376213333322 14819 0
45612371133221 23628 0
45612372331121 22655 0
45612373112231 22316 0
45612373132121 13676 0
45612373132223 13537 0
45612373322111 20642 0
45612373332122 13293 0
45612373332221 13986 0
45613271331221 13241 0
45613272233111 15905 0
45621373123331 13091 0
45621373211111 19718 0
45621732212123 17240 0
45621732233333 17219 0
45623712332123 12314 0
45623713322321 10858 0
45637123132121 14937 0
45637123332122 13584 0
45671231132231 12005 0
45671233112132 12429 0
45673212212132 19167 0
45673213211222 17749 0
45713623223132 15209 0
45721363321313 16832 0
45721363322231 14873 0
45732612233321 16282 0
45736121122211 15710 0
46123571111111 10877 0
46123573232123 16192 0
46125731333123 20307 0
46127351131313 13434 0
46127352131333 13974 0
46127353131323 13921 0
46135272133313 14286 0
46153273131131 15748 0
46157233333232 9505 0
46157321331233 14037 0
46215372121223 14489 0
46215372313211 21188 0
46257132211133 11718 0
46257313312211 27533 0
46273512122312 14945 0
46273513221212 14284 0
46275311123222 14404 0
46275312112232 18113 0
46275312132212 15534 0
46275312232133 7875 0
46275312313211 9696 0
46275313121222 13977 0
46275313312211 11227 0
46321752111131 10174 0
46352171211233 11380 0
46352172113231 11408 0
46372511221331 14234 0
46375211211332 21193 0
46375212113111 15797 0
46375212132131 12229 0
46375212132221 16047 0
46375212332222 14700 0
46375213112111 15957 0
46375213123121 13377 0
46375213333121 14286 0
46512371331221 15166 0
46512372113321 15353 0
46513272332111 9690 0
46513273113221 9620 0
46523711331332 19529 0
46527133111121 12523 0
46572311223122 16477 0
46572312132122 14177 0
46721533123313 19312 0
47123562232133 12450 0
47123651233232 14256 0
47126351233232 16093 0
47126532133133 22590 0
47132562311111 9680 0
47132563222331 18696 0
47132652233321 10628 0
47135622132332 14678 0
47136252133112 21012 0
47152361233232 12985 0
47152631322131 17513 0
47156231332313 17818 0
47156233211132 13712 0
47156233223312 15544 0
47156233233113 17043 0
47156233322312 14666 0
47156321111111 13842 0
47156321133311 13665 0
47156322132311 15489 0
47156322313232 15532 0
47156322332132 12020 0
47156322332312 15585 0
47156323223123 13078 0
47162351322122 14165 0
47163522131222 14533 0
47165321232113 7954 0
47165321322131 23511 0
47165322132212 15400 0
47165322133112 17653 0
47165322232133 7441 0
47165322313211 10290 0
47216352131333 17286 0
47251363131113 23531 0
47251632131312 19570 0
47256133212311 8424 0
47256133321232 12442 0
47265312122222 14477 0
47265312131312 14937 0
47265312313211 14343 0
47321651311133 11739 0
47352612123131 16905 0
47352612311132 17086 0
47352612313211 24516 0
47512632312323 17838 0
47621532232331 11150 0
47621533231121 13422 0
47632152233321 9028 0
47632153212311 10924 0
47632153232321 10159 0
47632513212332 20425 0
47652132231323 13296 0
47653213211231 23912 0
47653213232111 11144 0
51264731113322 17080 0
51264732213311 16394 0
51267342312233 20293 0
51324671211122 10156 0
51324672212111 13289 0
51324673113311 16922 0
51324761111123 15663 0
51324763113332 13401 0
51342672212111 13701 0
51342763312223 14789 0
51367241211113 9994 0
51423671221331 13321 0
51426731111111 17385 0
51426733312211 16906 0
51472361131313 14679 0
51472633331312 15531 0
51623471321111 9817 0
51623743313321 20001 0
51624731312123 17015 0
51624733323113 21466 0
51632741323232 9786 0
51642371122313 17745 0
51642731113322 10999 0
51647231113232 9003 0
51723643131311 18163 0
51724362122222 14815 0
51724363121213 14504 0
51726433123313 16389 0
51732643121213 19931 0
51742632323231 13780 0
51742632323333 12468 0
52134761232113 17625 0
52147631121311 11200 0
52147631131211 11216 0
52147631211131 10014 0
52147631311121 10705 0
52147632111113 10382 0
52147633111112 13279 0
52163471112122 17031 0
52163471213111 10059 0
52163471312111 9994 0
52163471333123 15810 0
52163472111311 9043 0
52163472131222 14302 0
52163473111211 9518 0
52163473111331 17347 0
52163473221323 15584 0
52163473323332 22084 0
52167342121232 15519 0
52167432121313 12669 0
52167432122222 12303 0
52167432131213 10547 0
52167433133333 11972 0
52167433331333 10575 0
52174633223123 12990 0
52314673311311 20496 0
52314761322122 17784 0
52341671111111 26657 0
52341671122211 16982 0
52341671311313 15212 0
52341672211112 17510 0
52341672232313 16980 0
52341672323222 10103 0
52341672323312 20201 0
52341673133111 15508 0
52341673232213 16992 0
52341673232333 8975 0
52341673323212 19896 0
52361472121313 11969 0
52361472131312 10289 0
52367142211121 13180 0
52367412322232 10350 0
52374161112323 16934 0
52376413222223 11929 0
52463173212332 17055 0
52463713212332 16512 0
52471631223113 14755 0
52471631323112 14580 0
52614372313211 9908 0
52641733212311 8475 0
52641733232321 11244 0
52673413232123 15068 0
52713461232323 8865 0
52714361232113 10367 0
52714633213223 12526 0
52714633223123 11273 0
52731641233112 13915 0
52731641323112 13149 0
52736141322233 8809 0
52741362313211 12470 0
52741362313223 11071 0
52741632122333 10112 0
52741632123323 12788 0
52741632212213 9748 0
52741632212231 9657 0
52741632232211 9386 0
52741633221233 9812 0
52741633313312 9175 0
52741633313321 10050 0
52741633321223 11026 0
52741633323311 9388 0
52743611111213 10127 0
52743611111312 12889 0
52743611112131 11028 0
52743611113121 12775 0
52743612131111 9536 0
52743613121111 11613 0
52761431111213 10898 0
52761431111312 10179 0
52761431112131 10650 0
52761431113121 10793 0
52761432131111 11605 0
52761433121111 9835 0
52763143222331 18345 0
52763411222312 15429 0
52763411333123 11051 0
52763413222112 15875 0
52763413223312 15633 0
52763413322312 15330 0
53126471231231 17006 0
53126471231321 11989 0
53126471321321 15563 0
53146272123233 15056 0
53147262123131 15875 0
53162743312223 14510 0
53274163211222 19346 0
53421671321111 14260 0
53421671321231 8841 0
53426171112233 8631 0
53462711113322 10105 0
53467211321111 10218 0
53476121323112 15378 0
53476121323322 15437 0
53614721212121 15454 0
53621471331221 12838 0
53642171111111 17412 0
53672142221213 25547 0
53714622233111 19336 0
53721463223312 19729 0
53724612121112 16023 0
53726143333121 14177 0
53741621323112 14425 0
53741621332112 15260 0
53742612323333 13302 0
53761242121211 12999 0
53761242221213 14092 0
53761242321212 12851 0
53762143222331 13942 0
53762413322123 14353 0
54123673233323 11399 0
54126371331221 13154 0
54127632131213 12881 0
54127632222212 12561 0
54127633131212 13808 0
54127633133333 11909 0
54127633333313 10368 0
54163271133221 18869 0
54163272233111 17719 0
54167231121113 9841 0
54167231131112 9920 0
54167231221211 17244 0
54167231333213 15007 0
54167232112112 16932 0
54167232133313 16398 0
54167232333113 15708 0
54167233232333 10853 0
54167233331213 16223 0
54172633132313 15315 0
54217362233213 32355 0
54217632132212 25943 0
54231671123111 15089 0
54231673123121 15125 0
54261373123121 12268 0
54261732231233 16802 0
54276132233312 16269 0
54312671131331 9422 0
54312672212111 11005 0
54312673311311 17875 0
54317261113112 9984 0
54317621111222 13220 0
54321672212213 11955 0
54321672212231 10904 0
54321672232211 11584 0
54321673313312 15882 0
54321673313321 15726 0
54321673323311 16584 0
54321761211221 9364 0
54321763113113 14390 0
54326171111231 13866 0
54326171112233 9369 0
54326171321231 9133 0
54326711112212 13407 0
54327612223232 10445 0
54361272223232 11499 0
54362171113133 12885 0
54362711111231 10243 0
54362711323112 15263 0
54367121112212 16409 0
54367121113211 13088 0
54367121113331 17182 0
54367122211121 12103 0
54367122311111 13545 0
54367123311113 10872 0
54367211132222 10095 0
54367211213333 12917 0
54367211222132 9516 0
54367211333213 9866 0
54367212211322 12498 0
54367212231122 10174 0
54367212233213 9586 0
54367212332213 9839 0
54367212333113 9738 0
54367213112222 10790 0
54367213312133 10650 0
54371261113331 13175 0
54371621113112 14560 0
54371621113322 9721 0
54376121322233 9654 0
54376211111132 12843 0
54376211111222 12919 0
54376211113133 14776 0
54612371112311 23029 0
54612372222131 13326 0
54612732112223 16448 0
54612733322213 16238 0
54621371133311 10450 0
54621372211121 10982 0
54637211132111 9795 0
54671232221213 19871 0
54712361323313 18192 0
54712362223322 17100 0
54716232222113 17513 0
54716321112323 17923 0
54716322313223 17229 0
54721631111111 33770 0
54721631122121 17189 0
54721631311133 15680 0
54721632133232 16960 0
54721632212222 16064 0
54721632212231 14969 0
54721633231322 16251 0
54721633313321 15405 0
54721633333331 14171 0
54723612131312 12227 0
54723612221222 13010 0
54723612222212 11031 0
54723613121312 11486 0
54723613333313 12267 0
54761233322321 16618 0
54763212322232 10412 0
56123471222312 10078 0
56123471223221 10169 0
56123471331332 13574 0
56123471333123 9745 0
56123472322121 10253 0
56123472331331 10231 0
56123473133132 11246 0
56123473133231 10231 0
56123473222112 9195 0
56123473223312 9021 0
56123473322312 9371 0
56124371111231 9819 0
56124371232323 14940 0
56127433332323 10902 0
56132472333332 11624 0
56132473211111 8578 0
56132473213211 11705 0
56143273332323 13003 0
56147231222132 16324 0
56147231333213 11128 0
56147232233213 11600 0
56147232332213 12258 0
56147232333113 11140 0
56147322333233 13582 0
56173421113112 10317 0
56174232323333 11662 0
56174321232113 9809 0
56213471111111 9855 0
56213743313333 15566 0
56243173133111 12994 0
56243713121333 14813 0
56247132333233 12549 0
56271433111313 14404 0
56271433123313 14579 0
56271433132313 15011 0
56274132331133 13292 0
56274312313211 9740 0
56321473233323 9676 0
56321742211112 15546 0
56324171221331 13213 0
56327411211332 16445 0
56327413213112 15928 0
56341273121213 12259 0
56341273131212 10283 0
56347122333233 13549 0
56347211213111 10784 0
56347211222132 15189 0
56347211312111 10259 0
56347211331131 16093 0
56347212111221 22042 0
56347212111311 10984 0
56347212123233 17139 0
56347212232223 17259 0
56347213111211 10107 0
56347213131332 16005 0
56423171231231 13371 0
56423171231321 13322 0
56423171321321 14637 0
56423172112121 11521 0
56423173132121 12716 0
56423173133111 11183 0
56432713122122 15687 0
56712341232113 17312 0
56712343211123 16944 0
56721343123331 16198 0
56721432312233 17775 0
56723411113313 16400 0
56723411121113 10988 0
56723411131112 10390 0
56723411222312 14878 0
56723412122312 14130 0
56723412323222 9188 0
56723413221212 14222 0
56723413222112 15031 0
56723413331111 15855 0
56732143122113 20410 0
56741231121311 10200 0
56741231131211 13247 0
56741231211131 13030 0
56741231311121 9959 0
56741232111113 11610 0
56741233111112 11409 0
56743212122222 10071 0
56743212221222 11993 0
56743213121213 12086 0
56743213121312 10023 0
56743213331333 13846 0
57123461111111 9698 0
57164322131312 14633 0
57214361323232 9764 0
57214632212213 27023 0
57236141113232 9035 0
57236141322233 9367 0
57236141323232 14113 0
57241631322113 13579 0
57241631323112 13260 0
57246131112233 9694 0
57264132111323 16802 0
57321641311112 14941 0
57321642311132 15865 0
57364212213311 10944 0
57364212313211 11142 0
57364213332122 10844 0
57642311113322 17077 0
61234572231323 12555 0
61234573232213 9851 0
61235741313131 15430 0
61257343232123 13534 0
61274351313131 15484 0
61274532231323 12388 0
61352472233321 17214 0
61352472313211 23428 0
61452731311313 13076 0
61453721111111 17003 0
61453721311112 15612 0
61453723111121 16856 0
61472532123332 11532 0
61472533112111 11015 0
61527431111111 11734 0
61534272311132 9967 0
61534721112311 15709 0
61534721113211 14454 0
61543271111111 11053 0
61543271112311 10540 0
61572432312323 8702 0
61734523222331 18137 0
62134572321323 14421 0
62135471122121 13214 0
62135472132131 14232 0
62135473122131 13046 0
62135473123121 15395 0
62135473131131 13206 0
62135473132121 14527 0
62135473232231 24791 0
62135473322321 23502 0
62135743222331 13629 0
62135743312223 22217 0
62147353123121 15199 0
62147353132121 13411 0
62154733321121 11628 0
62157342132212 15012 0
62173543232132 12140 0
62174351122133 15229 0
62174533311212 18997 0
62317453112111 9219 0
62317453312211 14279 0
62351743112123 20019 0
62371453311311 13126 0
62374511322311 12819 0
62374513112321 12748 0
62374513312112 11246 0
62435172211133 8947 0
62435172311132 8983 0
62435711222222 16872 0
62453713311122 14400 0
62471532232133 10684 0
62475131322323 14598 0
62531472321233 14323 0
62543711211113 15119 0
62543711311112 13560 0
62571432321233 13660 0
62735143223213 17989 0
63125741112323 22451 0
63125743131233 15347 0
63125743133312 14350 0
63142571111111 11731 0
63142571132321 25306 0
63142573112123 25053 0
63172452312323 16439 0
63172452313211 23111 0
63174522332132 12372 0
63247511123132 12314 0
63251743133231 23640 0
63452711311313 11645 0
63452712333221 11730 0
63471522123131 20816 0
63471522323132 18390 0
63471522332132 20469 0
63472512123332 11391 0
63512743313333 15722 0
63541271212211 18596 0
63542713121333 19416 0
63574212123131 18068 0
63574212313211 24440 0
63712542221111 13682 0
63714252123131 9882 0
63714521112323 11856 0
63714522332132 10845 0
63721541233322 15045 0
63724153121213 17248 0
63725141112323 10859 0
63725141233121 14199 0
63725142123131 9595 0
63725142223133 8683 0
63725143122113 14882 0
63725143123313 23135 0
63741252222323 12577 0
63741522123131 10739 0
63742511232221 17148 0
63745123122212 13642 0
63751242221321 14689 0
63751423122311 17347 0
63752141111111 15712 0
63752141122211 12901 0
63752141123213 14812 0
63752142332132 13459 0
63752143123223 14841 0
63752143212323 15304 0
63752143223123 13921 0
63752411223212 14126 0
63752411333213 20476 0
63752412312323 10909 0
63752412322112 14795 0
63752412333113 20613 0
63754213122122 16702 0
64125371131313 25646 0
64157321133212 26553 0
64231572311132 10840 0
64257131113223 14957 0
64271533221212 15098 0
64275131212223 14118 0
64275131312123 13987 0
64275132211133 9490 0
64275132232133 8538 0
64275133231112 15069 0
64275133312211 10116 0
64275311112332 17764 0
64275311222222 14504 0
64275313312211 17577 0
64321572111131 18287 0
64321572132131 19859 0
64321572311132 20322 0
64325713121222 26188 0
64351272132131 13242 0
64357212313211 12422 0
64357213231322 17281 0
64357213312211 10738 0
64531271212211 18517 0
64531272132131 11530 0
64531273122131 12040 0
64531273123121 14100 0
64531273311311 12943 0
64531273312211 11798 0
64572131122223 15887 0
64713253112111 10573 0
65123471112311 8348 0
65123471233232 13223 0
65123472312311 11638 0
65132471212112 15434 0
65132471222111 15018 0
65132471231321 13893 0
65132471323121 17633 0
65132472131231 14335 0
65132472212231 21156 0
65132472233321 10880 0
65132473111331 14248 0
65132473313312 11998 0
65132473323311 12257 0
65132741223323 10092 0
65132743222331 14146 0
65134721233232 14923 0
65147321232113 13835 0
65172431132333 17025 0
65174232123131 8804 0
65174232133313 13939 0
65174232323312 13753 0
65174233323212 14072 0
65174233331213 14520 0
65174322313211 11244 0
65174323223123 12293 0
65213741111111 12342 0
65241371111111 13496 0
65243712121322 16919 0
65271341332331 19258 0
65271432231233 13141 0
65274131111111 16686 0
65274131311313 12031 0
65274131312213 14749 0
65274132123332 13022 0
65274133132223 13721 0
65274133232321 10778 0
65274133312223 14366 0
65314272311132 16738 0
65314272313211 24724 0
65321472111122 12278 0
65417321232113 17239 0
65417323223123 15740 0
65417323232123 16074 0
65423713321322 16612 0
65432173232321 12382 0
65471231132213 17189 0
65714323223123 13320 0
65723143321313 14093 0
65732411333123 15791 0
65742311212313 12671 0
67132541133311 15240 0
67145323133312 16937 0
67154233323332 12027 0
67215343333133 13634 0
67231541323112 16011 0
67231543323122 16575 0
67234513332122 12155 0
67245131313323 15274 0
67245311112311 20135 0
67245311133233 13157 0
67254311131133 17164 0
67254313311113 9975 0
67312452233321 8972 0
67312541121221 9336 0
67312542221111 12587 0
67321451111123 11457 0
67321451112311 12315 0
67321451212211 18304 0
67321451311133 11697 0
67321452111122 11116 0
67321453113311 14989 0
67321542232133 10969 0
67341252222323 12430 0
67342512222113 13381 0
67345122223133 9377 0
67345122232133 8893 0
67345211111123 13215 0
67345211111132 13995 0
67345211112233 22883 0
67345211113322 21782 0
67345211211122 13030 0
67345211311133 13515 0
67345212111122 12746 0
67345213111133 13807 0
67354121111111 10092 0
67354211212121 13402 0
67354211313113 20621 0
67354211333111 20474 0
67354212111221 14071 0
67354212212222 15133 0
67354212311132 8645 0
67354213111313 16887 0
67354213131311 16251 0
67354213211132 11329 0
67354213313333 14655 0
67412353132121 17475 0
67412353332221 14040 0
67412531131133 13057 0
67435121332112 12171 0
67435123123121 12235 0
67452313321232 12571 0
71234563231322 13218 0
71263541333222 24177 0
71263542323123 25484 0
71264533131323 11466 0
71264533221323 11787 0
71264533231223 14100 0
71264533231313 11938 0
71326451211311 11513 0
71326453132121 15015 0
71326543333313 20122 0
71345262132131 15109 0
71362453113311 12797 0
71365423331312 18861 0
71423563213232 13451 0
71423653213232 12617 0
71426353312211 8665 0
71426533333223 19045 0
71432561232323 16505 0
71432561323232 10043 0
71432562111221 12890 0
71432563232213 12446 0
71432563323113 14465 0
71432563323122 12579 0
71432563332113 14436 0
71435261322233 10469 0
71435262222122 13413 0
71435263211123 8192 0
71435263311122 8457 0
71435263333133 13948 0
71435263333223 14315 0
71435623333331 20468 0
71436253333112 20124 0
71452363213232 12791 0
71452632222131 18291 0
71453262222221 15718 0
71453623311122 14489 0
71456321322323 11829 0
71456322111221 12298 0
71462531113322 12843 0
71462532111212 12183 0
71462532121112 13471 0
71462533111223 16521 0
71462533221113 15460 0
71463523331222 17557 0
71523463131311 14284 0
71523463231313 15109 0
71523463331312 14435 0
71532463221332 12922 0
71534262122222 16578 0
71542633132322 12075 0
71543622111131 13758 0
71543623111121 14642 0
71546233331213 14689 0
71546322231212 15006 0
71562433123232 9460 0
71563243221221 20419 0
71625433213133 26259 0
71643252231212 14508 0
71643523331213 15845 0
72134562312212 18658 0
72136541322233 17438 0
72143563222331 13109 0
72143651121113 10374 0
72143651131112 10673 0
72143651213111 10290 0
72143651312111 9845 0
72143652111311 9786 0
72143653111211 9887 0
72145631233223 16002 0
72145633232231 16131 0
72145633312223 20053 0
72146352232223 11577 0
72163452122222 11891 0
72163453121213 10247 0
72163453131212 11469 0
72163453133333 10136 0
72163453331333 11327 0
72164353131113 15231 0
72165431113331 16319 0
72165432111113 9816 0
72165432111122 21816 0
72165432211112 18546 0
72165432323312 15889 0
72165433111112 8966 0
72165433121333 17504 0
72165433221233 15571 0
72165433233323 11569 0
72165433321223 14567 0
72165433331213 15121 0
72345611111111 16517 0
72345611133113 16069 0
72345611221223 15199 0
72345611222222 14509 0
72345611331332 17264 0
72345612122111 16523 0
72345612331331 14817 0
72345613221221 14989 0
72345613333331 18083 0
72356141112323 17887 0
72356141232113 17103 0
72356143211123 16796 0
72361453232333 9801 0
72361542333233 18391 0
72365412222212 9366 0
72365413121312 12037 0
72365413131212 9849 0
72365413331333 10486 0
72435163333313 20344 0
72513641232323 8353 0
72513641233322 12228 0
72516342313223 8755 0
72531463321232 12387 0
72534163211123 9110 0
72541631111213 10894 0
72541631111312 11783 0
72541631112131 11248 0
72541631113121 11660 0
72541632131111 9510 0
72541633121111 12326 0
72543162311111 13778 0
72543163211111 15349 0
72543611221223 8857 0
72543611223221 9624 0
72543611331332 11119 0
72543611332331 9603 0
72543612331331 9144 0
72543613132232 15538 0
72543613133222 10611 0
72543613221221 9810 0
72543613223312 12300 0
72543613322312 12667 0
72546311323112 13237 0
72546313323212 11807 0
72561342313223 14792 0
72561432213122 12780 0
72561433221233 11149 0
72561433311233 16291 0
72561433321133 11498 0
72561433321223 11416 0
72563411111213 10363 0
72563411111312 9634 0
72563411112131 13338 0
72563411113121 10632 0
72563412131111 9694 0
72563413121111 9697 0
72643513212311 12648 0
72643513212332 14794 0
73125463133132 20469 0
73146522113231 11657 0
73246153312211 17396 0
73456123231322 12739 0
73516243323113 14189 0
73516243332131 14555 0
73541262321212 17807 0
73542163321133 21309 0
73542613132121 12695 0
73542613132322 10788 0
73564213321322 17215 0
73614251112323 9397 0
73615241112323 11528 0
73615241113322 11792 0
73615242223133 9247 0
73615243123313 13808 0
73615243213313 14211 0
73615243331312 13954 0
73615243332311 14370 0
73615421113322 16657 0
73615423213211 17141 0
73615423333331 15283 0
73624513121132 21751 0
73624513332131 22165 0
73625141112323 9331 0
73625143121213 13873 0
73625143333313 14326 0
73625412222323 13076 0
73642511111111 8921 0
73642511113232 11283 0
73642511113322 11263 0
73642513223222 16912 0
73645121113211 15682 0
73645122222311 13972 0
73645211223113 12421 0
73645211231111 17707 0
73645211321111 9888 0
73645211332112 12268 0
73645213112231 21340 0
73645213333112 15517 0
73651241113322 18580 0
73652413211312 16993 0
73652413331321 19733 0
73654122111122 12158 0
73654122221111 10771 0
73654211111132 15609 0
74123563323221 9316 0
74123652322121 10823 0
74123653132232 15796 0
74123653133132 11246 0
74123653133222 10915 0
74123653133231 10933 0
74125631313311 15977 0
74125632121121 18107 0
74125632122111 16717 0
74125632131111 9294 0
74125632321332 15978 0
74125633121111 12074 0
74125633131233 14479 0
74125633132232 14830 0
74125633133222 15469 0
74125633133312 16855 0
74125633332323 10414 0
74126352333122 12057 0
74132561321231 11085 0
74132562121121 16223 0
74132562122111 13283 0
74132563131221 16477 0
74132563132112 15428 0
74136522322121 11409 0
74152363132232 11732 0
74152363133132 11376 0
74152363133222 13098 0
74152363133231 11470 0
74156322122123 13549 0
74156322122321 13128 0
74156322313223 8710 0
74156323132331 15711 0
74156323133123 14953 0
74163251121122 17614 0
74163252112211 16970 0
74163252131111 12157 0
74163253121111 11981 0
74163253131332 14480 0
74163253133132 14987 0
74163253133213 16886 0
74163253133231 15467 0
74163253332323 9289 0
74165231121212 14518 0
74165231131313 13159 0
74165231212121 12726 0
74165231313131 13205 0
74165232111212 13498 0
74165232121112 13311 0
74165232121211 13518 0
74165233111313 13078 0
74165233131113 13085 0
74165233131311 12953 0
74165233131323 13681 0
74165233132313 13497 0
74165233231313 13448 0
74213652323132 15100 0
74251633111313 17950 0
74256311321222 22950 0
74256313111232 26650 0
74265312333233 12759 0
74312652333332 12036 0
74321563311131 12994 0
74321653233323 12177 0
74325163131323 14692 0
74325612221222 10212 0
74325613121312 11790 0
74325613131212 10211 0
74325613133333 9947 0
74361253112132 19827 0
74361253211231 16203 0
74365211121221 17769 0
74365211213111 9096 0
74365211312111 9133 0
74365211313113 16646 0
74365211333111 16610 0
74365212111311 9680 0
74365212222323 16725 0
74365212333332 15914 0
74365213111211 9866 0
74365213121333 15310 0
74512361322233 22301 0
74512362313223 17825 0
74513263121222 25607 0
74521632222212 10985 0
74521633121213 11909 0
74521633121312 11445 0
74521633133333 11877 0
74521633333313 11887 0
74523611121113 10555 0
74523611131112 11033 0
74523611213111 12516 0
74523611312111 10953 0
74523612111311 11305 0
74523613111211 10026 0
74532163123223 18655 0
74561231111222 16133 0
74561232111113 10049 0
74561232221111 17730 0
74561233111112 10314 0
74561233131233 14518 0
74561233233323 11815 0
74561233311233 15059 0
74561233321133 15006 0
74561233321313 17183 0
74563211232332 16534 0
74653213133222 20298 0
75132463233233 16897 0
75143263231313 19006 0
75146321323331 17812 0
75213642223133 11704 0
75231463211123 14469 0
75234161322233 8675 0
75234162221111 16471 0
75236143213232 12905 0
75241632222323 13126 0
75243162211322 29275 0
75243611113232 12363 0
75243613213232 13447 0
75246131333312 20458 0
75246311111111 11274 0
75246313212311 12199 0
75246313312211 8673 0
75246313332332 19686 0
75261432123233 10810 0
75264132121232 15818 0
75264132223331 9820 0
75264132321212 14169 0
75264133121333 15269 0
75264133331213 14303 0
75264311223122 17307 0
75264313231112 17940 0
75312463333133 15803 0
75314621133221 10717 0
75314621313212 19778 0
75314623113122 13009 0
75316241231231 15745 0
75321461311112 9878 0
75321463132121 14819 0
75346122133133 13200 0
75346211133122 22865 0
75346211211311 16729 0
75346211311211 15725 0
75346212323333 13578 0
75346213112132 21339 0
75346213132121 13850 0
75346213132322 12951 0
75346213332122 13255 0
75412631223332 10737 0
75416323232213 11971 0
75431263133213 19493 0
75462132123212 15885 0
75613243131332 17642 0
75613243133213 15405 0
75634123323122 12042 0
75641323232111 12808 0
75642132213311 17940 0
76123453233323 9656 0
76125343333133 17173 0
76143252131312 10099 0
76143252221222 9730 0
76143253131212 9938 0
76143253331333 9500 0
76143253333313 11717 0
76145231121113 8979 0
76145231122112 21786 0
76145231131112 10211 0
76145231221112 22106 0
76145231311331 16939 0
76145232123332 15885 0
76145232233213 16517 0
76145232331313 14816 0
76145232332213 16825 0
76145233133213 15896 0
76145233232333 9949 0
76154323333112 17852 0
76213543213133 19621 0
76213543311332 17440 0
76215341231231 13224 0
76215433333133 20301 0
76231451123111 9979 0
76245311121131 17353 0
76245311131121 9958 0
76245311213312 20866 0
76245312132131 13232 0
76245313122122 14827 0
76245313123121 13789 0
76253141123132 11573 0
76253141211332 11101 0
76253413322312 20364 0
76254133311323 22924 0
76254313211111 24175 0
76312452212111 18585 0
76312453211111 12001 0
76312453311311 14780 0
76312542321212 12578 0
76312542322121 16499 0
76312543322222 16493 0
76315241112113 17754 0
76315241113112 10230 0
76315241223113 12361 0
76315241322122 14498 0
76315241323313 15244 0
76315241332112 12516 0
76315243211231 20864 0
76315243323323 15203 0
76321452122123 8966 0
76321452122321 9566 0
76321452122333 9537 0
76321452123323 11353 0
76321452212231 10290 0
76321452213122 10673 0
76321453233131 10326 0
76321453311233 15360 0
76321453313312 12031 0
76321453321133 10138 0
76321453323311 12658 0
76321542211112 14818 0
76321543211111 12023 0
76321543311131 11624 0
76324151112233 8511 0
76324151112323 11768 0
76324153323122 11984 0
76325411111213 12199 0
76325411111312 15370 0
76325411112131 9087 0
76325411113121 10077 0
76325411122121 18732 0
76325411331311 18534 0
76325412112121 21887 0
76325412231212 15218 0
76325412333233 17085 0
76325413222223 16139 0
76341251111213 9988 0
76341251111312 12697 0
76341251112131 10566 0
76341251113121 9890 0
76341251221121 17847 0
76341251311313 16357 0
76341252232313 15778 0
76341252323333 18026 0
76341253221212 18122 0
76341253233131 14822 0
76342511111231 9810 0
76342511111321 17036 0
76342511323112 13264 0
76342512232223 12260 0
76342513213112 23718 0
76342513322111 25028 0
76342513323122 13214 0
76342513323212 12758 0
76345122211112 15824 0
76345122211121 13249 0
76345122213311 21578 0
76345122311111 14259 0
76345123211111 13100 0
76345123311113 13414 0
76345123311131 13959 0
76345123312211 21393 0
76351421112323 12646 0
76351421113322 8561 0
76351423321232 12686 0
76354121121212 15793 0
76354121122121 12063 0
76354121311313 12022 0
76354121313131 13206 0
76354122111212 14689 0
76354122112121 14018 0
76354122212222 14293 0
76354123211123 8905 0
76354123211132 10371 0
76354123313333 19990 0
76354212213323 15081 0
76354212312233 15029 0
76354212313322 16518 0
76354212333332 13137 0
76354213222223 13867 0
76354213312223 14291 0
76421351131121 9960 0
76512343213313 21944 0
76512343332311 22183 0
76514321112323 17760 0
76514321232113 17582 0
76521433232333 11162 0
76523413223231 18752 0
76524313331222 19855 0
76541232131213 11938 0
76541232221222 10453 0
76541233121213 9978 0
76541233331333 10731 0
76541233333313 12237 0
76543211111111 29477 0
76543211212112 19307 0
76543211223221 15561 0
76543211332331 15941 0
76543211333333 15110 0
76543212132323 16635 0
76543212222221 16840 0
76543212323213 17068 0
76543213113131 16404 0
