12346571111231 2519219 0
12345761111111 3393873 0
12345672123212 4859252 0
12345673131323 4923885 0
12345672121232 5066557 0
12345672321212 5100107 0
12345673231313 5663103 0
12345673132313 5829056 0
12346751113133 3504179 0
12347561112212 3209989 0
12347652111221 2702669 0
12347651133311 2998245 0
12347651122112 3290362 0
12347652123233 3195597 0
12347652123332 3939780 0
12347651111111 5309892 0
12347652223232 2981682 0
12347653111133 3181097 0
12347653132223 2723122 0
12347653132322 2661419 0
12347653332323 2998654 0
12354671111111 3748654 0
12354761112323 4965692 0
12354762121112 3536133 0
12354762311123 2890409 0
12354762121211 3843459 0
12354763133111 2925263 0
12356471113133 3096173 0
12354763131131 3219887 0
12354763211123 3425898 0
12356741133131 4214778 0
12356741313131 4384465 0
12357461111222 3392759 0
12356743113131 4412935 0
12357461113331 3263882 0
12357641113331 3165414 0
12357462211112 3362148 0
12364571112212 3530392 0
12364751112212 3025954 0
12364753311131 3054548 0
12364751113133 3182364 0
12365471111111 3739102 0
12365471211122 3172235 0
12365472223232 2940631 0
12365471313113 2629072 0
12365472321233 3396563 0
12365473232312 2675009 0
12365473332323 2683227 0
12365741113331 3201868 0
12367451123333 4739007 0
12367451132222 4323667 0
12367451213333 4601561 0
12367452113333 5083643 0
12367451312222 5621021 0
12367541331131 2905905 0
12367541112212 3960606 0
12367541113331 4537890 0
12367453112222 4586470 0
12374651111222 3549201 0
12374561121212 4394182 0
12374561211212 4329778 0
12374562111212 5136731 0
12375461111222 3425283 0
12375641113112 3241539 0
12376451111222 3607348 0
12376451113133 3444225 0
12376451221211 2972596 0
12376541322233 2950004 0
12376541112323 3588521 0
12376541232233 4255247 0
12376543133231 2634202 0
12376543133132 2649808 0
12376542121232 3281199 0
12376542123212 3025863 0
12456731233223 2849238 0
12456733223321 2867560 0
12463751231231 3038501 0
12456731132321 4800079 0
12473561132123 2885623 0
12467351231321 2625230 0
12467351131121 3031082 0
12536741112323 3097699 0
12543671331113 2755284 0
12537461332112 2901357 0
12543671211212 3004041 0
12543671111111 3843299 0
12543672121121 2813270 0
12543672331232 2671160 0
12543672321332 2907788 0
12543672322232 2817044 0
12543673111331 2746042 0
12543673231223 2755070 0
12543673221323 2878033 0
12543673233323 3498780 0
12546371221331 2878845 0
12564733323122 2756894 0
12563473131212 3351568 0
12563472131213 3574810 0
12637451332112 2538370 0
12567433232333 2854039 0
12637451132111 3380238 0
12576343212221 3529016 0
12643571321321 2798468 0
12734561112323 3080686 0
12645371131121 3133761 0
12673542331133 3873227 0
12734562313223 2609936 0
12734561322233 2722313 0
12745632111122 2998706 0
12745632222221 2876492 0
12745633131131 3208057 0
12745632212213 3538862 0
12745632232211 3420221 0
12745633313312 2808185 0
12745631111111 9110954 0
12745633323311 2844299 0
12745633313333 2989233 0
12763452322232 2893591 0
12753462231323 3212098 0
12765432121313 3261068 0
12765432222212 4935564 0
13245671321111 3268308 0
12765433331333 3379359 0
12765433121213 3699358 0
13246571111111 4113976 0
13246571112233 2779985 0
13246572321332 3264028 0
13246572331232 2948701 0
13246571113232 4307283 0
13246573221233 3050372 0
13246573321223 3109191 0
13247563212131 3384274 0
13246752133211 3796939 0
13254761322233 3215269 0
13254761323322 2764218 0
13254763323122 3271235 0
13254762321233 3816946 0
13257641112233 2810786 0
13267451122211 3444477 0
13265742131312 3964337 0
13265741112323 4631194 0
13267451311133 2889304 0
13267541232212 3365735 0
13267541111132 3687881 0
13274651112323 4086952 0
13275461112233 3092466 0
13275463213211 3058227 0
13275641112233 3742010 0
13275641112323 4639654 0
13275642131333 3528672 0
13275643212221 3778612 0
13276451233133 4045281 0
13276451113211 4065153 0
13276541321123 3005020 0
13276541133122 2995540 0
13276541322311 3870094 0
13276541213312 4026009 0
13276541323112 2529267 0
13276541323322 2638565 0
13276543323122 2911101 0
13276542323312 3009123 0
13462572213311 2699125 0
13542671231231 2582740 0
13462571111111 3235995 0
13527461211113 3221868 0
13546271213213 2886457 0
13546271321321 3199930 0
13546271231231 3725182 0
13572641122133 4099621 0
13627451332112 2867919 0
13576241321321 3222233 0
13642571221223 3824229 0
13576241312213 4003376 0
13645271221331 2677027 0
13647521111111 3119933 0
13642571223221 3816747 0
13642573221221 4326878 0
13675242331313 3085384 0
13725642332132 3171269 0
13675241112323 3422985 0
13754262123323 6132979 0
13762451321321 2683745 0
13764251211311 2458004 0
13764252323231 2844422 0
13765422121211 3816776 0
14263751131121 2870792 0
14267351321321 2914011 0
14275633323122 3096336 0
14325672112121 2810297 0
14325673123232 2900909 0
14325672323222 2837434 0
14325672231323 2907160 0
14325673232333 2722738 0
14327652131213 3165744 0
14325673311131 3300143 0
14325671111111 10579882 0
14352672212111 3029900 0
14356721112323 3142258 0
14327653121213 3368676 0
14356721322233 3681588 0
14367252322232 2912674 0
14523672121313 3256732 0
14367523311113 5127524 0
14527631131211 2903318 0
14527631133311 2803455 0
14527631121311 3014009 0
14527631211131 3173093 0
14523673121312 3929179 0
14527631311121 3128923 0
14527632122213 3157246 0
14527632212111 3209867 0
14537622231323 2984825 0
14527633132322 2931987 0
14527633312133 3020053 0
14536273311311 3383199 0
14527632333332 3780111 0
14563272323222 2750257 0
14567231321123 3426535 0
14567231312213 4002415 0
14625731322233 2919390 0
14625732112121 3065622 0
14573261333111 3263829 0
14625731131121 3238264 0
14625731111111 4063788 0
14625732213323 2883219 0
14625732113321 3417182 0
14625732233111 3172121 0
14625733133111 2859108 0
14632571321132 2946557 0
14652733321331 3192896 0
14673251111111 3965080 0
14632571111111 4981840 0
14723651112131 2900529 0
14723651111213 2877522 0
14723651111312 3659130 0
14723652322121 2472024 0
14723651211212 2648908 0
14723651113121 2779721 0
14723652331232 3045438 0
14723653232222 2766825 0
14723653313111 2866918 0
14725361111111 3289480 0
14723653321313 3512109 0
14725363211213 2789234 0
14725363213121 2702900 0
14725361111123 2873545 0
14725361322332 3086877 0
14725362211121 3571849 0
14725363223213 2844775 0
14726531223122 3167936 0
14725363311113 3637093 0
14726531333312 2630183 0
14726533323122 2765253 0
14726531233313 2825186 0
14726532232313 3263174 0
14726531232122 3171462 0
14735621223113 2634420 0
14735621221112 2852179 0
14735621223332 4168644 0
14735621332112 2587378 0
14735621333222 2586203 0
14735621333111 2757379 0
14735621323112 3339188 0
14735621233112 3508740 0
14736253222223 2880001 0
14736251112332 2843982 0
14736251111132 3088462 0
14736521133131 3077126 0
14736521211212 2950101 0
14736521221313 3126285 0
14736521213333 3023546 0
14736521132222 3122008 0
14736521322233 2820684 0
14736521332121 3553017 0
14736521321231 4227883 0
14752363222121 2720320 0
14736523113131 2957268 0
14752363233131 3116569 0
14736523112222 3139110 0
14752363232222 3498810 0
14752631112311 3204626 0
14752631323223 2842178 0
14752631111111 3854506 0
14752633223123 2889118 0
14752632332132 2747933 0
14752633213223 2798670 0
14752633223231 3136043 0
14752633222223 2981331 0
14753261221112 2826971 0
14753261333111 2834046 0
14753261323112 3512936 0
14762351331221 2669352 0
14762351221331 3254277 0
14762351321231 3487010 0
14763251222312 4662651 0
14763251221223 5020396 0
14763252322121 4035609 0
14763251333123 4159788 0
14763251332331 4402404 0
14763253132232 3963729 0
14763253133132 3959532 0
14763253133222 4290492 0
14763253133231 4153307 0
14763253221221 3996698 0
14763521113223 2870566 0
14763521113211 3140733 0
14763253222112 4578681 0
14763523222331 2425242 0
14765231113121 2763259 0
14765231112131 3020756 0
14765231111213 3101024 0
14765231111312 3233983 0
14765232211211 2847450 0
14765231133131 2793231 0
14765232232322 2825352 0
14765233113131 2671605 0
15236473231121 2556029 0
14765233323332 2851017 0
14765232331313 2832967 0
15236471111111 3655473 0
15243671331221 2876068 0
15246371332331 3848000 0
15246371331332 3977656 0
15342671211311 2460254 0
15267431223113 2888077 0
15273641112323 3576386 0
15246372331331 3801530 0
15324673113311 4917168 0
15367421223113 2606587 0
15346271321321 2640564 0
15367421211113 3493267 0
15367423211123 3017963 0
15426371112233 2861060 0
15463271313113 3188416 0
15426371111111 3237577 0
15624732123212 3883009 0
15627431223113 2609207 0
15624732333332 3041548 0
15624732133313 3237674 0
15627431332112 2659471 0
15634722321233 2996250 0
15637423211123 3369915 0
15627431322113 3575537 0
15634722123332 4129605 0
15642372231332 3042753 0
15642372213311 2952962 0
15642371111111 6867711 0
15642372331322 2832480 0
15643271221331 2799750 0
15642373212311 2892175 0
15642373221323 3068391 0
15642373231223 3471292 0
15643273223111 2630136 0
15643271331221 2969942 0
15647233213232 2631820 0
15672341323112 2691011 0
15672343213232 2630399 0
15672342323312 3092564 0
15672341113232 3389479 0
15672433312133 3719171 0
15724631111111 3349167 0
15724362212132 3589471 0
15724631211311 2737064 0
15724632313223 2862243 0
15724631322233 3093133 0
15724632323231 3174928 0
15724632323333 3151256 0
15724632123233 3865564 0
15724633132322 2650720 0
15734622331223 3180707 0
15746322313112 2378258 0
15746321323211 2532849 0
15763242323132 2691913 0
15763241111111 3748735 0
15746321111111 4224292 0
15762342122213 4415602 0
16243571132132 2684899 0
16243571231231 2899646 0
16243571321321 2778314 0
16257433223123 2589165 0
16245371231231 3008899 0
16257431132111 3053071 0
16273541122133 4390539 0
16254733312223 5188438 0
16275341312213 3650071 0
16273541321321 3889767 0
16342571331221 2973630 0
16327453232333 2805263 0
16275343122221 2994584 0
16345271111111 6399365 0
16345271133131 2887750 0
16345271222111 3151700 0
16345272333212 2770997 0
16345272322232 3045172 0
16345273122323 3379523 0
16345273233323 3628585 0
16347252131312 4099893 0
16374523211123 2815852 0
16357421223113 3000171 0
16374521112323 3158130 0
16423572112121 3362223 0
16347253121312 3879525 0
16427531211311 2698465 0
16427531231321 2975551 0
16427532333233 4903046 0
16453271211113 2717973 0
16523473332323 2783125 0
16453272111131 2747830 0
16453271111111 4058203 0
16475233132313 4059201 0
16523741112212 3266436 0
16524731112233 3241774 0
16524731112212 3770014 0
16524731113133 3204862 0
16527341111111 3178561 0
16527431123333 4745377 0
16527431222132 4935806 0
16527431312222 5351132 0
16527431333213 4242408 0
16527432113333 4299688 0
16527432211322 4962439 0
16527432231332 4260339 0
16527432231122 4461795 0
16527432331322 4551215 0
16527432333113 4431101 0
16527433312133 4345698 0
16534271111132 2666187 0
16532471111222 3621123 0
16534271111111 3567596 0
16537421111222 2954499 0
16534273211111 3349542 0
16537421113322 2985080 0
16537421113331 3138110 0
16534723211123 4382146 0
16537421223113 2609348 0
16537421332112 2643784 0
16537421233112 3668611 0
16542371221331 2488524 0
16542371331221 2757526 0
16542372112331 3834910 0
16543271223221 3927411 0
16543271331332 4258097 0
16543271221223 5269521 0
16543271332331 4297483 0
16543272331331 3979119 0
16543721113211 2673678 0
16543721111111 3255635 0
16547233332323 3073803 0
16543273221221 4245596 0
16547321113331 3856932 0
16572431111111 3684652 0
16572433213223 2658908 0
16573241123123 3110282 0
16725431121311 2782235 0
16573241312312 2799171 0
16723451322311 2925229 0
16574231113133 3283600 0
16723451122133 3292822 0
16725431211122 2897467 0
16725431131211 2872637 0
16725431211131 3564426 0
16725433122212 2710342 0
16725431311121 2693477 0
16725432232223 2797818 0
16725433113311 2869018 0
16725432211121 3187425 0
16725433333232 2580077 0
16742352232313 3459162 0
16735242122213 3891597 0
16743252323222 2826438 0
16745233121213 3046424 0
16745232122222 3083839 0
16745232121313 3315643 0
16745233333313 4412015 0
16753241221112 3360722 0
17246351111111 3163080 0
17265433111313 4839290 0
17324561232332 2433535 0
17356241212313 2474655 0
17324561211323 3342444 0
17356242211331 3923532 0
17326452212111 5131441 0
17362451211311 2429510 0
17362451231321 2729922 0
17362452213311 4198895 0
17423653213232 2769562 0
17425631223113 2664215 0
17364251231231 3269021 0
17425631122112 2967670 0
17425631313113 2886071 0
17425631322113 3399077 0
17425631322332 3993949 0
17425631323112 3438024 0
17425631323223 2797497 0
17425631332112 2731420 0
17426531112233 2965826 0
17426531121212 3338872 0
17426531132312 3270702 0
17426531223221 2626426 0
17426531213123 3565080 0
17426531232233 4166479 0
17426531331332 2756456 0
17426532331331 3024042 0
17426532121211 3046312 0
17426531313131 3350229 0
17435622211133 4011325 0
17436521323232 2630945 0
17452363213232 2658504 0
17435623211123 4317308 0
17452363322132 2673383 0
17463251122112 2930683 0
17453262211133 3044840 0
17462352213311 3168242 0
17452633213232 3440684 0
17463251313113 2845891 0
17463251221331 2476454 0
17463251321231 3073248 0
17463251331221 2629741 0
17526431131121 2950815 0
17526431231321 3106488 0
17463251323112 3510105 0
17526432123233 4109268 0
17543261132111 2668034 0
17642531111111 3153981 0
17543261111111 4180304 0
17642533312211 2701546 0
17643251122112 3205229 0
17642531112233 3796261 0
21345671111111 3936562 0
21345762223322 4727756 0
21345762313223 3360151 0
21345763332233 3602536 0
21345762312323 3736896 0
21354671122112 2927159 0
21354671221112 2976852 0
21354671131313 3604101 0
21346752313322 4010693 0
21347562312323 5024285 0
21354672311123 3299211 0
21354672311132 3614817 0
21354761112311 2858039 0
21354761112233 3063239 0
21354761113211 3170623 0
21354761113322 2903649 0
21354673131113 3585712 0
21354672313211 10216524 0
21354761133311 3191699 0
21354761122211 3803788 0
21354762213311 2674067 0
21354763312211 2856951 0
21357463213331 3671035 0
21357642221132 3816979 0
21357462311111 3965460 0
21364753212212 3234937 0
21364752311111 3430729 0
21365742221312 2797021 0
21367451311331 2899833 0
21367452112112 2847800 0
21375462312233 3107397 0
21374653333121 3179793 0
21365742312323 3386251 0
21376541112311 2937564 0
21376541111123 3042447 0
21375463333211 3373898 0
21376541131133 3108729 0
21536742222131 3662979 0
21473563331312 3715412 0
21376541122211 3995035 0
21457631321123 4148521 0
21654373332122 2890807 0
21654372233321 2934115 0
21654372231323 3210734 0
21734652123131 2812285 0
21654373332221 2869407 0
23147652312323 2932900 0
23147651112323 3356446 0
23147562123131 4076180 0
23156471333132 2673568 0
23156473323332 2964765 0
23156471222132 3152975 0
23164753333313 3105890 0
23164752131312 3191599 0
23164573213133 3352100 0
23157461231333 3349686 0
23157462131123 4177435 0
23165471312132 2836289 0
23165471311133 3048018 0
23165471111111 3365344 0
23165472111332 2723229 0
23165472311111 2915955 0
23165472132332 3133605 0
23165472111122 3181404 0
23165473233221 3454752 0
23165742123131 3821040 0
23165741231312 3857991 0
23165741112323 4226419 0
23167541233322 3204481 0
23165742312323 3819124 0
23165742131321 4716287 0
23165743331312 5529600 0
23165742131333 5513745 0
23174652123131 3312618 0
23167542131222 3170712 0
23175463211222 3472122 0
23176452132221 3196643 0
23176453332233 3397144 0
23417563232123 2830843 0
23456173212332 2471070 0
23416752121211 4293179 0
23456713212332 2569540 0
23456173233122 3149919 0
23475162121112 4024460 0
23576412233321 2856762 0
23576412312323 2742208 0
23517462131333 4332573 0
23657142121112 4358178 0
23751461132123 2476861 0
23671452122333 6008728 0
23674153232321 2591652 0
23751463112321 2503351 0
23756143222331 3132191 0
23756411222312 3887326 0
23756413223312 3897459 0
23756413222112 4063492 0
24157362323111 2856204 0
24157361313212 2897918 0
24153672321233 3175382 0
23756413322312 4081093 0
24173652323231 2640431 0
24315761122322 3484384 0
24167353132232 4209634 0
24315673311311 5003412 0
24315762213323 3178440 0
24351673111133 4059280 0
24351671212211 3989238 0
24351673311311 4698929 0
24367513111121 2655297 0
24351761212232 3405501 0
24367511323112 3552898 0
24351761111123 4821278 0
24516732233111 3242321 0
24536713231232 3244173 0
24531673123121 3639312 0
24376512222122 4366769 0
24561372111131 3168619 0
24537613231322 4203251 0
24563712121232 4068458 0
24563711121212 4037562 0
24615371112332 3009031 0
24571631121212 3749140 0
24571362221213 3761242 0
24563713121222 5216783 0
24615731122313 3960909 0
24615732111323 4790102 0
24615731132333 5423539 0
24615372213311 5706605 0
24615732213311 3271304 0
24615733311122 3409150 0
24615732233321 3887880 0
24615733113323 5577651 0
24617532233321 4329966 0
24651731333333 2853769 0
24651731113223 3168196 0
24637512311132 4054001 0
24715363311332 3424012 0
24715631122133 2877896 0
24715631111111 3590046 0
24715631122121 3578640 0
24715633112111 2570596 0
24715632313223 2613170 0
24715633131131 3488613 0
24716532323231 4059515 0
24731562311231 2931657 0
24736512222332 4217223 0
24731561111111 5023875 0
24751362221231 5223149 0
24763151111111 3350287 0
24765313222112 3451723 0
24761531221223 4094139 0
24751362321113 6292087 0
25134672312323 2722106 0
25134672233321 2833549 0
25137461111111 3658597 0
25134672313211 3639122 0
25137461211323 2527064 0
25163741112323 3338744 0
25314673111313 6835623 0
25341762313223 4764535 0
25364172311231 5191764 0
25341673113311 5624778 0
25364173223231 2456009 0
25314673111331 6536075 0
25314673131311 6751581 0
25367411211122 3474092 0
25413672323111 5227709 0
25436712123122 2854991 0
25436711311313 3071037 0
25436712323231 2852808 0
25413763121222 3640918 0
25436713232321 3069861 0
25436712123332 3159934 0
25436712132122 3129647 0
25436713332122 2911016 0
25471362323132 3040538 0
25463713212332 3236375 0
25641371213132 3419170 0
25634713321232 3537009 0
25714632123131 3639538 0
25471631312213 4584090 0
25631741212121 5624074 0
25714632223331 3231581 0
25716433223213 3218341 0
25734162221111 3205394 0
25716431212223 3405851 0
25714633121333 3529034 0
25731642232211 5660292 0
25734613113323 4344722 0
25714632313211 9010953 0
25736411321312 2681611 0
25736411231321 3141402 0
25736411133113 3480669 0
25736141233232 3658525 0
25736141111123 3854666 0
25736413123112 2794302 0
25736411331113 3325227 0
25741361232113 3858512 0
25763411332322 2811864 0
25741632312323 2938995 0
25743611233232 3054288 0
25741632222323 3255340 0
25763142223133 3705886 0
26135742213323 3236424 0
26135742132221 3515182 0
26135742332312 3351264 0
26153473132121 2923773 0
26153473131131 2993225 0
26153471122121 3298512 0
26175432331133 3591707 0
26345711223113 2424715 0
26154372332213 6506556 0
26371453112111 2854097 0
26317451212211 5194386 0
26415732121223 2800926 0
26415731322323 2813284 0
26415732233321 3472895 0
26435712222122 5138392 0
26435712311132 3620305 0
26435712233321 3799826 0
26435712322322 4781704 0
26435713311122 3577448 0
26437512122312 3190280 0
26453172211133 3529827 0
26435713333133 4353598 0
26453711333333 3179605 0
26513471122121 3365669 0
26543171111111 3316803 0
26517343333313 4103755 0
26534713333313 4397352 0
26543171123111 2698981 0
26573413331312 3633724 0
26547313131323 4394911 0
26714531212133 3513543 0
26741351232113 2800751 0
26715433231322 3234732 0
26714532121133 3797643 0
26743512121232 4389840 0
27154632311132 2919191 0
27134561131133 3252847 0
27314652313211 3545413 0
27365412321212 4241675 0
27416532133232 2915337 0
27415632323231 3513418 0
27415363131113 4107518 0
27415633321322 4333200 0
27453161123111 2597577 0
27435612122222 3145956 0
27453161132111 3049222 0
27416533321232 3539592 0
27534161111111 3173731 0
27516341111111 3190326 0
27456133132223 3313310 0
27534161111123 4229628 0
27534162311111 2946810 0
27536412332312 3200098 0
27534612311132 3448069 0
27543611111123 3743359 0
27543611111132 2658257 0
27614353311332 3575982 0
27613543333133 4117344 0
27546312231122 5631522 0
27615433313213 2858418 0
27634511131133 3202672 0
27615431312333 3886691 0
27615432113321 4106222 0
27634512233321 2999902 0
31246753312211 3968228 0
27643513311233 4662478 0
31247651113232 2852441 0
31257462312311 3150557 0
31256471231222 3202512 0
31247651323232 3368631 0
31257462222221 3805111 0
31257643311122 3311582 0
31264573132313 3130641 0
31264572122213 3257538 0
31264573222223 3218925 0
31265471122112 2880597 0
31264752132122 3249708 0
31264752313121 3456182 0
31265471111111 4086493 0
31265471313113 2720203 0
31265471312213 2926861 0
31265471122133 3294199 0
31265471321111 2563877 0
31265472312233 2926459 0
31267542222233 3792571 0
31265472233321 4113128 0
31265741233331 4062953 0
31275461112233 4187850 0
31267542313133 4112085 0
31275461322233 4228466 0
31275462133211 3525858 0
31275462223211 3541899 0
31275462311213 3715123 0
31275462312212 3750879 0
31275463311122 4036392 0
31452671323211 2414515 0
31276452133322 2904556 0
31276452313313 3416223 0
31452671332232 2559843 0
31452672322331 2572398 0
31462751113322 2971402 0
31456722111221 3234044 0
31462751111111 3448396 0
31475261322233 3111297 0
31475262333221 3095894 0
31475262331313 3723078 0
31527643332122 2590190 0
31564272213311 2877735 0
31564273113311 3140239 0
31524673332122 4398352 0
31564272212111 4955782 0
31624753312211 2670116 0
31624751112233 2723041 0
31572461122133 3201764 0
31765242322121 3899325 0
31754621331122 3977243 0
31627452221333 4138797 0
31654272313322 4526956 0
32145671111111 5428476 0
32145671132222 2941513 0
32145671221112 3153293 0
32145671123333 3134248 0
32145673112222 2668096 0
32145672212222 2985126 0
32145672113333 2946880 0
32145671333333 3128863 0
32145673311113 3044116 0
32147562313223 2674385 0
32146751232323 3030973 0
32146752232223 3725549 0
32147651132222 4281366 0
32147651123333 4687850 0
32147651213333 4840212 0
32147562333233 4788573 0
32147651312222 4451630 0
32147652231332 4205850 0
32147652113333 4334918 0
32147652233213 5535884 0
32156471111111 3477701 0
32147652331322 4562385 0
32147653112222 4366849 0
32147652332213 5357699 0
32156471232332 2556358 0
32156472332132 2656762 0
32156472312332 2698395 0
32156471113211 2772604 0
32156473223123 2479695 0
32156472333332 3017544 0
32156472332321 2919260 0
32156741112323 5056448 0
32156742311123 2728290 0
32156742333131 2739885 0
32157641232323 3050090 0
32156742313223 3235329 0
32164571111231 2642614 0
32157642231323 3071054 0
32164571111111 3783620 0
32164571232323 2719487 0
32164572312323 3045297 0
32164572233321 3156010 0
32164572232223 3236246 0
32164572232313 3230050 0
32164573323212 2879890 0
32165741111132 2937070 0
32165741111111 4548500 0
32165742331112 2719256 0
32165741233223 2825419 0
32165743311131 2878414 0
32165742211112 3695969 0
32167451111111 3799848 0
32167451213333 3036101 0
32167451222222 2914060 0
32167451312222 2895308 0
32167453222313 2585751 0
32167451333111 2801195 0
32167453321232 2945726 0
32167452211121 2992879 0
32167453313333 2986555 0
32174561112323 3692450 0
32174561232113 3854738 0
32174561232233 3408435 0
32175461113112 2709961 0
32174652312332 2651448 0
32174562231212 3089249 0
32174652332132 2704945 0
32175461111111 3899199 0
32175461221112 2800261 0
32175462233111 3048787 0
32175461333111 2891125 0
32417653132121 2454307 0
32417652132131 2826260 0
32175462312323 4057956 0
32417562113321 4585632 0
32416753121222 4792343 0
32451762331121 2502948 0
32456173212332 3223223 0
32456711233133 6084185 0
32465172132131 2543377 0
32465172112121 3099585 0
32465172133121 2662417 0
32465173123121 2792065 0
32465172332321 2976631 0
32465173132121 2872754 0
32465173133111 3107553 0
32476513232231 2950915 0
32465173233221 3325642 0
32546713323212 3229768 0
32475161232323 3400699 0
32475163331222 3492970 0
32517463131311 4798982 0
32547611131112 2778003 0
32547611121113 2992838 0
32547611213111 2840304 0
32547612111311 2891604 0
32547613111211 2839176 0
32561471121311 2928270 0
32547611312111 2974247 0
32561471113133 3265582 0
32561471122211 3165061 0
32561471131211 2955958 0
32561473222223 2681056 0
32561473323212 2718618 0
32561472133313 2840030 0
32561471311121 2996248 0
32561472213122 2829865 0
32561471211131 3746311 0
32567412122222 3128672 0
32567412131312 3873193 0
32576142313223 3064240 0
32567413131212 3072229 0
32615473332122 3161806 0
32647152133121 3604481 0
32567413133333 3766390 0
32567412222212 4758950 0
32647153132121 2472968 0
32647512333233 5013027 0
32714652332132 2867076 0
32671453123313 3893083 0
32657412111212 3715347 0
32657143121213 3781857 0
32716452123212 4286835 0
32674152113333 4495695 0
32741651121311 3915980 0
32741651131211 3095912 0
32741651211131 2881675 0
32745611223332 2766250 0
32741651311121 2995448 0
32741653111112 3153245 0
32745612313322 3213153 0
32741652111113 3158531 0
32745612322331 2696672 0
32751643321232 3323029 0
32754163211123 2854999 0
32761452222212 3145020 0
32761452121313 3157530 0
32756141233121 3407189 0
32761452122222 3356675 0
32761453121312 4400280 0
32765411112221 3113453 0
32761453133333 3215434 0
32765411131112 2695007 0
32765411121113 2823811 0
32765412221312 2801757 0
32765412323222 2910264 0
32765411331113 2944959 0
32765411133113 2947156 0
32765413122212 2675461 0
32765413223312 2659229 0
32765413322312 2628058 0
34125672131213 3021515 0
32765413231223 3158489 0
34125672221222 3149016 0
34125673133333 3454078 0
34125672131312 3360836 0
34127651121113 2815492 0
34127651131112 2780075 0
34127651213111 2857743 0
34127653111211 2827322 0
34127652111311 2805574 0
34127651312111 2985787 0
34165271112212 3437507 0
34162752132212 5768841 0
34165271131211 2977508 0
34165271121311 3179805 0
34165272323333 2865079 0
34165271311121 2794382 0
34165271311133 3074502 0
34165271211131 3658818 0
34165273133312 3596459 0
34165273222322 2575559 0
34165273311131 2824966 0
34167252213323 3287552 0
34261572132131 2527561 0
34172562132332 3258936 0
34172562313331 3483679 0
34175263321232 3336768 0
34216572213122 4501764 0
34261572133121 2651804 0
34261573123121 2710689 0
34265712212132 4223993 0
34275162112322 3039830 0
34275161312213 3153688 0
34516271111111 3256001 0
34275162213221 3340452 0
34516272312332 3572804 0
34517622231323 3345243 0
34521672223232 3095766 0
34516722313223 4009590 0
34526713232312 2858003 0
34527612331322 4605370 0
34527612211322 4727176 0
34527612231122 4602686 0
34527612231332 5051563 0
34561272122123 4381684 0
34527613312133 4684570 0
34561272122321 4577432 0
34561272212213 5549687 0
34561273221233 4342599 0
34561273233131 4303449 0
34561272213122 4543426 0
34561272232211 5366024 0
34561273311233 4504504 0
34561273321133 4685045 0
34561273313321 5135181 0
34562171321231 2785750 0
34562171321111 2855190 0
34561721111111 3530142 0
34561273321223 4405379 0
34562172232313 3679316 0
34567212223232 3607204 0
34617252111212 3969915 0
34617252123212 3932544 0
34627512232313 2982118 0
34621572132131 2960555 0
34617522221333 3743266 0
34617252132212 4204494 0
34625172111212 4246431 0
34651272332132 2782795 0
34651271123111 2913881 0
34675212222122 4343053 0
34721652131213 3680281 0
34716522223211 3793646 0
34721652221222 4118238 0
34721652121313 4067591 0
34715262221123 4273003 0
34725611212211 3214965 0
34721653333313 3635293 0
34721652222212 3866296 0
34725612111113 2770251 0
34725612231332 2816941 0
34725612121322 3201827 0
34725612322232 3007715 0
34725612231212 3208783 0
34725612331322 2972846 0
34725613111112 3044046 0
34725613111133 2952306 0
34761252323222 2804150 0
34725613132223 2972925 0
34725613311113 2962783 0
35126741232212 3565174 0
35126742231233 3552574 0
35162472122231 2833086 0
35162472123233 3620484 0
35127462331331 3753582 0
35162473122221 2788091 0
35162473332131 2811402 0
35162473323131 2836583 0
35162473332122 3153631 0
35162742213323 3658626 0
35172461232323 3398802 0
35167242132212 3578825 0
35174262213131 4255896 0
35267141223233 2592025 0
35246171113322 2745621 0
35246172213311 3058993 0
35246171111111 3151386 0
35174262231113 3747691 0
35271461322233 2812047 0
35416721113112 2806927 0
35267141321132 5413648 0
35426712311312 2782865 0
35426712131132 3142925 0
35426713111313 3330418 0
35416723232213 3786815 0
35417622223133 4111900 0
35426713131113 3018067 0
35426713312211 3187253 0
35461271111231 3267983 0
35461271321231 2782570 0
35462171221223 2666732 0
35461272222323 2887785 0
35462171131313 3088728 0
35462171212121 3235751 0
35462171332331 2988233 0
35462172223331 2907785 0
35462172213311 3188895 0
35462172312131 2821281 0
35462173123211 2960806 0
35462173221221 3186113 0
35462173131311 3303663 0
35462712322322 3555433 0
35472163222313 2897646 0
35472163231322 3209146 0
35476122221111 3292013 0
35617423131332 3129435 0
35614722321233 3429833 0
35624712321332 4366073 0
35624712121232 4458165 0
35624712321212 5189758 0
35714623111322 3789212 0
35624712331232 4401652 0
35721642221213 5835775 0
36125471213111 2745166 0
36125471111333 3002582 0
35762142222113 3509031 0
36125471212112 4255480 0
36125471222111 4330973 0
36125472111311 2734381 0
36125471312111 2886958 0
36125472121223 2623742 0
36125473111211 2939662 0
36125473323233 3109466 0
36125473232222 3217571 0
36127451333222 2709414 0
36125743222331 5015040 0
36145272131312 3262910 0
36145272122222 3668438 0
36145272131213 4771111 0
36147251131211 3239489 0
36147251121311 3092200 0
36147251211131 3370854 0
36145273333313 3757653 0
36147251311121 2821250 0
36147253111112 3025425 0
36147252111113 3605183 0
36152741231312 4013042 0
36217543213112 2549021 0
36217541223311 2419537 0
36152742131321 3538065 0
36217452131333 4118397 0
36172452133133 4245799 0
36241573212332 2673140 0
36241753212311 3091454 0
36415272123212 3818012 0
36527411131133 2834617 0
36521472331121 2824444 0
36521472113321 3345482 0
36417522123311 3427326 0
36514272212111 4749189 0
36527412111113 2792928 0
36527412131222 3279922 0
36527412211322 3310708 0
36527412231122 2905372 0
36527412221312 2874619 0
36527413111112 2946638 0
36527412322232 2951883 0
36527413311311 2760824 0
36541272323222 2773821 0
36547212121313 3631101 0
36542712121322 4307445 0
36547213331333 3305135 0
36547212221222 3667428 0
36547212122222 3847609 0
36547212131312 3865112 0
36712542121112 4491513 0
36712542121121 4212752 0
36712542122111 4440333 0
36712542121211 4951629 0
36714522122213 3208857 0
36714252232223 2884999 0
36714523132223 3263489 0
36714522121322 3960074 0
36714521232113 3983192 0
36721451131331 2814834 0
36721452121322 3216675 0
36714523132322 3201776 0
36721452122123 2684016 0
36721452223232 2877310 0
36721452122321 3007047 0
36721452131111 2973835 0
36721452122213 3214163 0
36721453113113 3129018 0
36721453121111 3799134 0
36725411121212 4771851 0
36725411131313 4785856 0
36725411212121 4799965 0
36725411313131 4820615 0
36725412121112 4776159 0
36725412111212 5168598 0
36725412121211 4920631 0
36725412121232 4800856 0
36725412123212 5087499 0
36741252122123 4843759 0
36725413131113 4950649 0
36725412321212 5002365 0
36725413111313 5508942 0
36725413131311 5785631 0
36741252122333 4364732 0
36741252122321 4525502 0
36741252123323 4671333 0
36745211211221 2621913 0
36745212122333 2901231 0
36745212121223 2733367 0
36745212122312 3415816 0
36741253233131 4610382 0
36745212223232 2881196 0
36745212131111 2743092 0
36745212123323 3261994 0
36745213232213 2816101 0
36745213131131 2690507 0
36751243222322 2955305 0
36745213133111 2952635 0
36745213121111 3537643 0
36752143132232 2629067 0
36752142123221 2953571 0
36752142122132 3152774 0
36752143211132 2984786 0
36752143133222 3202428 0
37256142321233 3402130 0
37246511112233 3613947 0
36754123232222 5147225 0
37452162323312 3161279 0
37415622333221 3829674 0
37426513132313 4405622 0
37612453122233 2957273 0
37516422333311 3002542 0
37561241311112 2913739 0
37612542221111 3467134 0
37614252221123 3785336 0
37614521323232 2589466 0
37614522111221 2934096 0
37614521111111 3960476 0
37614522323312 2913531 0
37614523232213 3280743 0
37614522113321 3332168 0
37614522313322 3472804 0
37615421113322 3675493 0
37615422313121 3440019 0
37615422211133 3650870 0
37615422223133 3699162 0
37624511232233 3415425 0
37615422313331 3692248 0
37615423121132 3902687 0
37624152311213 3784224 0
37624512121322 3942183 0
37624512231212 3046467 0
37624513131323 3245183 0
37624513231313 3164051 0
37645122312221 2866155 0
37641252222323 3356197 0
37642513122221 3402430 0
37642152213311 3950184 0
37651242211133 4093866 0
37652143231322 3129199 0
37652141113232 2772367 0
37651422312311 3847243 0
41236753232321 3055305 0
41325671212211 3121212 0
37654212311222 3611278 0
41237561313131 4307997 0
41263751312222 4659061 0
41325762313223 2906493 0
41325763131233 2777770 0
41352671212112 4344466 0
41357622313112 2490588 0
41367253111133 4089756 0
41352671212121 4476823 0
41352671222111 4506481 0
41532672313211 5480897 0
41563273113311 3277171 0
41532761233133 3665127 0
41576322212222 4039162 0
41625373121213 3063706 0
41625731222231 3572634 0
41657321222312 3291273 0
41635721212121 5239196 0
41723562313211 3312430 0
41625372313211 8691890 0
41673521111111 3460296 0
41673252212222 4262459 0
41725362221213 3875294 0
41725361232113 3749465 0
41725361321213 4527035 0
41725363121231 3457601 0
41725363121222 3610710 0
41725362313211 4181118 0
41725631111111 4128301 0
41725362313223 4211082 0
41725632322331 2815934 0
41725631211122 3214627 0
41725633111133 3039467 0
41725633121123 2933783 0
41726352313322 3192548 0
41725633211111 3356658 0
41726532312233 3968792 0
41735261323313 3975674 0
41735263123223 3001875 0
41735621233232 3122655 0
41735262312233 3725224 0
41752631222123 2740944 0
41736522332231 2898511 0
41752632311123 3000722 0
41736521233232 3742632 0
41735622313322 3645175 0
41752632312323 2759417 0
41756231321213 4334368 0
41765322221312 2802938 0
41765231233232 3085718 0
41756233121231 3383686 0
41762533123331 3471336 0
41762532221333 3778623 0
41752632313211 10324510 0
41765323122212 2953946 0
41765322313211 6030974 0
42137653132121 2420228 0
42137653122131 2870867 0
42157633231322 3820380 0
42137561123333 3803585 0
42136752131312 4024187 0
42165373223123 2400488 0
42163751121212 4421323 0
42315673112111 2577005 0
42367153111121 2640422 0
42367153211123 2894517 0
42167532131333 4133739 0
42351671212211 3723791 0
42351763231133 5467489 0
42561733323122 2554562 0
42516372233111 3611243 0
42573613322231 2942958 0
42573612323231 3175759 0
42613572313211 3308062 0
42615372213311 4245207 0
42615371313332 5323735 0
42651372213311 2810069 0
42615372221213 3875137 0
42615372313211 4314138 0
42751632323231 3008735 0
42651733311122 3532747 0
42673512232133 3878941 0
42751632321233 3762493 0
43176252123131 2849197 0
43126572133313 4062197 0
43176252311132 3030362 0
43167251232212 3433144 0
43216573132223 2835031 0
43216573132121 2533462 0
43216573212311 2780996 0
43216573212332 4007788 0
43527612312323 2697134 0
43561271111111 3036641 0
43512671313332 3208934 0
43571262122222 3896812 0
43572612312323 3196619 0
43576211123222 3397992 0
43572161111111 3628276 0
43576212112232 4266917 0
43615271333312 2890784 0
43615272113321 3203359 0
43621752213323 4228332 0
43617521223221 4221677 0
43651722323132 3070315 0
43675211221331 3238582 0
43721653231313 3710484 0
43675122222122 4822298 0
45167323322231 3089846 0
43751623123313 3754154 0
43765212222122 4708126 0
45176231131313 6676415 0
45176321131133 5645025 0
45176231133113 6664086 0
45176231331113 6473072 0
45176233131113 6854062 0
45213672221123 3600182 0
45273162222122 4176924 0
45312671222312 2708927 0
45276131131133 4927388 0
45312672233321 2823788 0
45312672223331 3016363 0
45312673222112 2694552 0
45312673132313 4840890 0
45312761133311 2960602 0
45312673231313 4777604 0
45312761113211 3102993 0
45312672313211 8847787 0
45312762311111 2974754 0
45321671212211 3242905 0
45312762221111 3630628 0
45321671221121 3245531 0
45327612222323 3469418 0
45362712122222 4124859 0
45367122223133 3527024 0
45321673113311 5380854 0
45367211111132 3128923 0
45367211211122 3311564 0
45367213111133 3361367 0
45376121131133 5209539 0
45376211333123 3091676 0
45376213333322 2860910 0
45376121331311 3817016 0
45376213131323 4890563 0
45612372331121 2744417 0
45612373112231 2814661 0
45612373132121 2687729 0
45612371133221 3251538 0
45612373322111 2599090 0
45612373332122 2771634 0
45612373132223 2959599 0
45612373332221 2794067 0
45613271331221 3180781 0
45621373123331 3496981 0
45613272233111 3993139 0
45621373211111 4363690 0
45623713322321 2447178 0
45623712332123 2553603 0
45621732233333 3482797 0
45621732212123 3632691 0
45637123332122 2466155 0
45671231132231 2503935 0
45637123132121 2814728 0
45671233112132 2692101 0
45713623223132 2664251 0
45721363321313 3101612 0
45673212212132 3244041 0
45673213211222 3314092 0
45732612233321 2689786 0
45721363322231 2992347 0
46123571111111 3262649 0
45736121122211 4375853 0
46125731333123 3235676 0
46123573232123 4007282 0
46127351131313 4052948 0
46127352131333 4566673 0
46157233333232 2817659 0
46135272133313 3824985 0
46127353131323 4901240 0
46153273131131 4625987 0
46215372121223 2983981 0
46157321331233 3379184 0
46257132211133 3672962 0
46215372313211 5157656 0
46273512122312 2990201 0
46273513221212 2845735 0
46275311123222 3495181 0
46257313312211 5751467 0
46275312232133 3411570 0
46275312132212 3871616 0
46275312112232 4389850 0
46275312313211 4153278 0
46352171211233 2580090 0
46321752111131 3160594 0
46275313121222 3590848 0
46275313312211 4149950 0
46352172113231 2391066 0
46375211211332 2594643 0
46375212113111 2846206 0
46372511221331 3508774 0
46375212132131 2587973 0
46375212132221 2854910 0
46375212332222 2787310 0
46375213112111 3533689 0
46375213333121 2625356 0
46375213123121 3227269 0
46512371331221 3411661 0
46512372113321 3701960 0
46527133111121 2643007 0
46513272332111 2734940 0
46513273113221 2723723 0
46523711331332 3266304 0
46572312132122 2833896 0
46572311223122 3473179 0
46721533123313 3619192 0
47123562232133 3948026 0
47123651233232 2927752 0
47132562311111 3195200 0
47126532133133 3345227 0
47126351233232 3996073 0
47135622132332 2988691 0
47132652233321 3188053 0
47136252133112 4221859 0
47132563222331 4277036 0
47152361233232 2641191 0
47156233211132 3250215 0
47156231332313 3398713 0
47152631322131 3396393 0
47156233223312 2809408 0
47156233322312 2697587 0
47156233233113 3312838 0
47156321111111 3416220 0
47156322332132 2535911 0
47156322313232 2713022 0
47156322132311 2938860 0
47156321133311 3462423 0
47156323223123 2922374 0
47156322332312 2650556 0
47163522131222 2843847 0
47162351322122 2972667 0
47165322132212 3868684 0
47165321232113 3855843 0
47165322133112 4413547 0
47165321322131 5615415 0
47165322232133 3326506 0
47165322313211 4333011 0
47251363131113 4503652 0
47216352131333 4644446 0
47256133212311 2931171 0
47256133321232 2891726 0
47265312122222 3112814 0
47251632131312 3844732 0
47352612123131 2789090 0
47265312131312 3243768 0
47321651311133 3253545 0
47621532232331 2534558 0
47512632312323 2759896 0
47352612311132 2872654 0
47265312313211 8683273 0
47352612313211 5419034 0
47632152233321 2688012 0
47621533231121 2645413 0
47632153212311 3303495 0
47632153232321 3042108 0
47652132231323 3303453 0
47653213232111 2416619 0
47632513212332 4271468 0
47653213211231 4129932 0
51264732213311 2635254 0
51264731113322 2795825 0
51267342312233 4662195 0
51324671211122 3033375 0
51324761111123 3424786 0
51324763113332 3303747 0
51324672212111 3921238 0
51324673113311 4619644 0
51367241211113 2684303 0
51342672212111 3739113 0
51342763312223 6627848 0
51423671221331 2849926 0
51426733312211 3026972 0
51426731111111 3324882 0
51472361131313 4040057 0
51472633331312 3835655 0
51623471321111 2429864 0
51623743313321 3584065 0
51632741323232 2697159 0
51647231113232 2595289 0
51624731312123 3469772 0
51624733323113 3788671 0
51642371122313 3639343 0
51642731113322 3968307 0
51723643131311 3816114 0
51724362122222 3297175 0
51724363121213 3237615 0
52134761232113 3043285 0
51742632323231 3174792 0
51726433123313 3854552 0
51742632323333 3446446 0
51732643121213 4026072 0
52147631121311 3080035 0
52147631131211 3215929 0
52147631211131 2767290 0
52147631311121 2825144 0
52163471213111 2747580 0
52147632111113 3058065 0
52163471112122 3197540 0
52147633111112 3940777 0
52163471312111 2709857 0
52163471333123 2512507 0
52163472131222 2692900 0
52163473221323 2689366 0
52163472111311 2737019 0
52163473111211 2900821 0
52163473111331 2869629 0
52163473323332 4618403 0
52167432121313 3424837 0
52167342121232 3813018 0
52167432131213 3642721 0
52167433331333 3470405 0
52174633223123 3610116 0
52167433133333 4041360 0
52167432122222 4181010 0
52314673311311 5699573 0
52314761322122 3251188 0
52341671311313 2689930 0
52341672232313 3104231 0
52341671122211 3310588 0
52341672211112 3341187 0
52341672323222 3384624 0
52341671111111 9048078 0
52341673133111 2853888 0
52341672323312 4451247 0
52341673232333 2712773 0
52341673232213 3042836 0
52361472131312 3431484 0
52367142211121 3502622 0
52361472121313 4151050 0
52341673323212 4372860 0
52367412322232 2934882 0
52374161112323 3027208 0
52471631223113 2960357 0
52471631323112 3034668 0
52376413222223 3290471 0
52463713212332 3959293 0
52463173212332 3944775 0
52614372313211 4902451 0
52641733212311 2875124 0
52641733232321 2928049 0
52713461232323 2693569 0
52673413232123 2729729 0
52714633213223 2926818 0
52731641233112 2576542 0
52714633223123 2931041 0
52714361232113 4452457 0
52731641323112 2484114 0
52736141322233 2930401 0
52741362313211 3368037 0
52741362313223 3846904 0
52741632122333 4345591 0
52741632212231 4732158 0
52741632212213 4546115 0
52741632123323 5368322 0
52741633221233 4341962 0
52741632232211 4403034 0
52743611111213 2937675 0
52743611111312 3629610 0
52741633313312 4281667 0
52741633313321 4609663 0
52741633323311 4462970 0
52741633321223 5105021 0
52743611112131 2935170 0
52743611113121 3690761 0
52743612131111 2798457 0
52761431111213 2916168 0
52761431112131 3053725 0
52761431111312 2935306 0
52743613121111 3388499 0
52761431113121 3095386 0
52761433121111 2855036 0
52761432131111 2973770 0
52763411333123 4104470 0
52763143222331 4528933 0
52763413222112 6233555 0
52763413322312 6033710 0
52763411222312 6028521 0
52763413223312 6217082 0
53126471231321 2918498 0
53126471231231 3660251 0
53126471321321 3131232 0
53146272123233 4125604 0
53421671321231 2558646 0
53147262123131 2866707 0
53426171112233 2964766 0
53274163211222 3753088 0
53421671321111 3841559 0
53162743312223 6716438 0
53467211321111 2442066 0
53462711113322 3864558 0
53621471331221 2682511 0
53476121323112 3189546 0
53476121323322 3283786 0
53642171111111 3280174 0
53614721212121 4079191 0
53721463223312 3390647 0
53714622233111 4537003 0
53672142221213 5519901 0
53726143333121 2884876 0
53741621323112 2958519 0
53741621332112 3052004 0
53742612323333 3501520 0
53724612121112 4013994 0
53761242121211 3982792 0
53761242221213 4224482 0
53761242321212 3953720 0
54126371331221 2728022 0
54123673233323 3206734 0
53762143222331 3377622 0
53762413322123 3687276 0
54127632131213 3911522 0
54127632222212 3710523 0
54127633131212 3912610 0
54127633133333 4100018 0
54167231121113 2726524 0
54167231131112 2765777 0
54163271133221 3023488 0
54127633333313 3811745 0
54163272233111 3923581 0
54167231333213 2733811 0
54167232112112 2935156 0
54167231221211 2952724 0
54167232333113 2718108 0
54167232133313 3107214 0
54167233331213 3088999 0
54167233232333 3504710 0
54172633132313 3834398 0
54231671123111 2930620 0
54217632132212 5660224 0
54217362233213 6330722 0
54231673123121 2568560 0
54312671131331 2881793 0
54261373123121 2794095 0
54276132233312 3355978 0
54261732231233 3456120 0
54312672212111 3148411 0
54317261113112 2579319 0
54312673311311 5354842 0
54317621111222 3379761 0
54321672212231 4306536 0
54321672212213 4594046 0
54321672232211 4494261 0
54321673313312 6516633 0
54321761211221 2797504 0
54321673313321 6692288 0
54321763113113 3785947 0
54321673323311 6675728 0
54326171321231 2740552 0
54326171112233 2696197 0
54326171111231 3805661 0
54326711112212 3498133 0
54327612223232 3054528 0
54361272223232 3114384 0
54362171113133 3249392 0
54362711111231 2598933 0
54362711323112 3174371 0
54367121112212 3858598 0
54367121113211 3182473 0
54367122311111 3187305 0
54367122211121 3527611 0
54367121113331 4396676 0
54367123311113 3172556 0
54367211132222 4335828 0
54367211222132 4419631 0
54367211333213 4709393 0
54367211213333 5414739 0
54367212233213 4401596 0
54367212231122 4579003 0
54367212211322 5375858 0
54367212332213 4524124 0
54371261113331 3323374 0
54367212333113 4746765 0
54367213312133 4997523 0
54367213112222 5106402 0
54376121322233 3125093 0
54371621113322 2670024 0
54371621113112 3896965 0
54376211111222 2953302 0
54376211111132 3203702 0
54376211113133 3340386 0
54612372222131 3506350 0
54612371112311 4752612 0
54621371133311 3081034 0
54612733322213 3351468 0
54612732112223 3307606 0
54637211132111 2605901 0
54712361323313 3382216 0
54621372211121 3372266 0
54671232221213 3563526 0
54712362223322 3542950 0
54716322313223 2792006 0
54716321112323 3373652 0
54716232222113 3510550 0
54721631311133 2994567 0
54721632133232 2923362 0
54721632212222 3114498 0
54721631122121 3160103 0
54721632212231 2720237 0
54721633231322 2900076 0
54721633313321 3117556 0
54721631111111 10762227 0
54721633333331 2738625 0
54723612222212 3542085 0
54723612221222 3458699 0
54723612131312 4225972 0
54761233322321 3030242 0
54723613333313 3927275 0
54723613121312 3887240 0
54763212322232 2865878 0
56123471222312 4226003 0
56123471223221 4011998 0
56123471333123 4411605 0
56123471331332 5135882 0
56123472322121 4240666 0
56123472331331 3981921 0
56123473133132 4685003 0
56123473133231 3944768 0
56124371111231 2534001 0
56123473222112 4077107 0
56123473223312 4067894 0
56123473322312 4216586 0
56132472333332 3159420 0
56127433332323 3102021 0
56124371232323 3480950 0
56132473211111 3066138 0
56132473213211 3067355 0
56143273332323 3830250 0
56147231333213 4248458 0
56147231222132 6831535 0
56147232333113 4430239 0
56147232332213 4568079 0
56147232233213 4420283 0
56173421113112 2572660 0
56174232323333 3469973 0
56147322333233 3933572 0
56174321232113 4266324 0
56213471111111 3509131 0
56243173133111 3772974 0
56243713121333 3862905 0
56213743313333 4141531 0
56247132333233 3170260 0
56271433123313 4144288 0
56271433111313 4246339 0
56271433132313 4352979 0
56321473233323 2808230 0
56274132331133 3378259 0
56321742211112 4194261 0
56274312313211 4923093 0
56324171221331 2764592 0
56327411211332 2786342 0
56327413213112 2753903 0
56341273121213 4021992 0
56347211213111 2837755 0
56347211222132 2902080 0
56341273131212 3609150 0
56347122333233 3605755 0
56347211312111 2687903 0
56347211331131 2615654 0
56347212111311 3570500 0
56347212111221 4729412 0
56347213131332 2999424 0
56347212232223 3150251 0
56347213111211 3419497 0
56347212123233 3277959 0
56423171231231 2532202 0
56423171321321 2786428 0
56423171231321 3084295 0
56423172112121 3170575 0
56423173132121 2868332 0
56712341232113 2872263 0
56423173133111 3141485 0
56432713122122 3296747 0
56723411113313 2917567 0
56712343211123 3152276 0
56721343123331 3408830 0
56721432312233 3955478 0
56723412122312 2616551 0
56723411222312 2671284 0
56723411131112 2722302 0
56723411121113 2965204 0
56723412323222 2859589 0
56723413222112 2718606 0
56723413221212 2758654 0
56723413331111 2760356 0
56741231121311 2872892 0
56741231211131 3620218 0
56741231131211 3727807 0
56732143122113 3826460 0
56741231311121 2770019 0
56741232111113 3171417 0
56741233111112 3133250 0
56743212122222 3471979 0
56743213121312 3729896 0
56743212221222 4119797 0
56743213331333 4056361 0
56743213121213 4293902 0
57214361323232 2589148 0
57164322131312 3119143 0
57123461111111 3330787 0
57214632212213 5622573 0
57241631322113 2495325 0
57236141322233 2743180 0
57236141113232 2823197 0
57236141323232 4012477 0
57241631323112 2418317 0
57246131112233 3132292 0
57264132111323 3491692 0
57321641311112 2894995 0
57364213332122 2606065 0
57321642311132 2901892 0
57364212313211 3311220 0
57364212213311 3931898 0
57642311113322 2899837 0
61234573232213 2877318 0
61234572231323 3192141 0
61235741313131 5062439 0
61352472233321 2684460 0
61257343232123 2865564 0
61274532231323 3144025 0
61274351313131 3836601 0
61453721111111 3432143 0
61452731311313 3938168 0
61352472313211 5300339 0
61472533112111 2601640 0
61453721311112 2774972 0
61453723111121 2739525 0
61472532123332 3067078 0
61527431111111 3587803 0
61534721112311 3092506 0
61534272311132 3578646 0
61534721113211 2915543 0
61572432312323 2927453 0
61543271112311 3193089 0
61543271111111 3766012 0
62134572321323 3823256 0
61734523222331 3989833 0
62135472132131 2699097 0
62135473122131 2608524 0
62135471122121 3128729 0
62135473232231 2881184 0
62135473131131 3126182 0
62135473322321 3071224 0
62135473132121 3060743 0
62135473123121 3410411 0
62147353123121 2931648 0
62135743222331 3192225 0
62135743312223 5316684 0
62147353132121 2478199 0
62154733321121 2616942 0
62173543232132 2886396 0
62157342132212 3727684 0
62174351122133 4030191 0
62317453112111 2546607 0
62174533311212 3639161 0
62317453312211 4101075 0
62374511322311 2491097 0
62374513312112 2380549 0
62374513112321 2932111 0
62371453311311 3530857 0
62351743112123 4711029 0
62435172211133 4293201 0
62435711222222 2883377 0
62435172311132 4605387 0
62475131322323 2901741 0
62471532232133 3007800 0
62531472321233 3196119 0
62453713311122 3635894 0
62543711211113 3131166 0
62543711311112 2643858 0
62735143223213 3516402 0
62571432321233 3919012 0
63125743131233 2824948 0
63125743133312 2992286 0
63142571111111 3251645 0
63142571132321 4539883 0
63125741112323 5310347 0
63172452312323 2627824 0
63142573112123 4411808 0
63172452313211 5392279 0
63247511123132 2694143 0
63174522332132 2877468 0
63452711311313 3123497 0
63251743133231 4079525 0
63452712333221 2945870 0
63471522123131 3312398 0
63471522323132 3635782 0
63471522332132 2970173 0
63472512123332 3266929 0
63512743313333 4230117 0
63574212123131 2844467 0
63541271212211 4982840 0
63542713121333 4639586 0
63712542221111 3068756 0
63574212313211 4599152 0
63714252123131 3575211 0
63714522332132 2628935 0
63714521112323 3463581 0
63721541233322 2991132 0
63724153121213 4136625 0
63725141233121 3467767 0
63725141112323 5101345 0
63725142123131 4679775 0
63725142223133 4239191 0
63741252222323 3239661 0
63725143122113 3894951 0
63741522123131 3343717 0
63725143123313 5475476 0
63742511232221 3317813 0
63745123122212 2835249 0
63751423122311 3495927 0
63751242221321 3972101 0
63752141123213 2797236 0
63752142332132 2584535 0
63752141122211 3571732 0
63752141111111 4238411 0
63752411223212 2719845 0
63752143123223 2709239 0
63752143212323 2650256 0
63752143223123 3115646 0
63752412322112 2846607 0
63752412312323 3544427 0
63752412333113 4567168 0
63752411333213 4577540 0
63754213122122 2984176 0
64231572311132 3413726 0
64125371131313 4686264 0
64157321133212 6214045 0
64257131113223 3032803 0
64271533221212 3222671 0
64275131312123 3517533 0
64275131212223 3640788 0
64275132232133 4211114 0
64275132211133 4350171 0
64275133231112 3983982 0
64275133312211 3354234 0
64275311222222 2782034 0
64275313312211 2968665 0
64275311112332 3210745 0
64321572111131 3563562 0
64351272132131 2978475 0
64321572132131 2961362 0
64321572311132 3314793 0
64325713121222 5927361 0
64357212313211 3403318 0
64357213312211 3771318 0
64357213231322 4124689 0
64531271212211 4817725 0
64531272132131 2717390 0
64531273122131 2661339 0
64531273123121 3492605 0
64531273311311 2913949 0
64713253112111 2537382 0
64531273312211 2712609 0
64572131122223 2956092 0
65123471112311 2866484 0
65123471233232 2489208 0
65123472312311 2979586 0
65132471212112 3095908 0
65132472131231 2699951 0
65132471222111 2993026 0
65132471323121 3319908 0
65132471231321 3444527 0
65132472212231 4469195 0
65132473313312 2803577 0
65132473111331 3444349 0
65132472233321 3535805 0
65132741223323 2794707 0
65132473323311 2867965 0
65134721233232 3163913 0
65132743222331 3505437 0
65147321232113 4035372 0
65174232123131 2967477 0
65174232133313 2946743 0
65172431132333 3417897 0
65174323223123 3119973 0
65174233323212 3252298 0
65174322313211 3174262 0
65174233331213 3095908 0
65174232323312 3271750 0
65213741111111 3465505 0
65241371111111 3323594 0
65243712121322 4412972 0
65274131312213 3066223 0
65274131311313 2721951 0
65271341332331 3260540 0
65271432231233 3326285 0
65274131111111 3913618 0
65274133232321 2651940 0
65274133132223 2941973 0
65274132123332 2955682 0
65417321232113 2844747 0
65314272311132 2732397 0
65274133312223 2882067 0
65321472111122 3498751 0
65314272313211 4540852 0
65417323223123 2622834 0
65417323232123 2845046 0
65423713321322 3178452 0
65723143321313 2842571 0
65432173232321 3100977 0
65714323223123 3048964 0
65471231132213 3722054 0
65732411333123 6090725 0
65742311212313 2787470 0
67145323133312 3118969 0
67132541133311 4949472 0
67215343333133 3856221 0
67231541323112 3623201 0
67231543323122 3636044 0
67154233323332 4616020 0
67245131313323 2962256 0
67234513332122 2848897 0
67245311112311 4393038 0
67245311133233 3551419 0
67312541121221 2943523 0
67254313311113 2943993 0
67312452233321 3030146 0
67254311131133 4754780 0
67321451111123 2841802 0
67321451112311 3053172 0
67312542221111 3756165 0
67321451212211 4950628 0
67321452111122 2954846 0
67321451311133 3177404 0
67321542232133 3138813 0
67321453113311 3312790 0
67341252222323 3334685 0
67342512222113 3370511 0
67345122223133 4398035 0
67345122232133 4243639 0
67345211113322 2859049 0
67345211111123 2835711 0
67345211111132 3059506 0
67345211112233 2948364 0
67345212111122 2864455 0
67345211311133 3123636 0
67345211211122 3169469 0
67345213111133 3371158 0
67354211212121 3219523 0
67354121111111 3271982 0
67354211333111 4685385 0
67354211313113 4703626 0
67354212212222 3058384 0
67354212311132 3092496 0
67354212111221 3260038 0
67354213111313 3763508 0
67354213313333 3074950 0
67354213211132 3054306 0
67354213131311 3591414 0
67412353132121 3550678 0
67435123123121 2574692 0
67435121332112 2562382 0
67412353332221 2764600 0
67412531131133 3383740 0
71234563231322 3416161 0
67452313321232 3638858 0
71263541333222 4328362 0
71263542323123 4370583 0
71264533221323 4347503 0
71264533231313 4635524 0
71264533131323 4403154 0
71264533231223 5088208 0
71326451211311 2840173 0
71326453132121 2776999 0
71345262132131 3204027 0
71326543333313 4114242 0
71423653213232 3003886 0
71423563213232 3209522 0
71362453113311 3373817 0
71365423331312 3897452 0
71432561323232 2518048 0
71426353312211 3200462 0
71432561232323 3225458 0
71426533333223 3619769 0
71432563323113 2713336 0
71432563323122 2909902 0
71432562111221 3008147 0
71432563232213 3200447 0
71432563332113 2732141 0
71435262222122 3399802 0
71435261322233 3749821 0
71435263211123 3975986 0
71435623333331 3727475 0
71435263311122 3717026 0
71435263333133 3787157 0
71435263333223 3823431 0
71452363213232 2932419 0
71453262222221 3133977 0
71436253333112 4095711 0
71452632222131 3915472 0
71456321322323 2964446 0
71456322111221 3103357 0
71462531113322 3720297 0
71453623311122 4268590 0
71462532111212 3203398 0
71462533221113 3259834 0
71462532121112 3308406 0
71462533111223 3981960 0
71463523331222 3334976 0
71523463131311 4243027 0
71523463331312 4185450 0
71523463231313 4390605 0
71543622111131 2661250 0
71532463221332 3234407 0
71542633132322 3149028 0
71534262122222 4087714 0
71543623111121 2959423 0
71562433123232 3035954 0
71546233331213 4064368 0
71546322231212 4215016 0
71563243221221 3420591 0
71643252231212 4147322 0
71643523331213 4261948 0
71625433213133 5459427 0
72136541322233 2854816 0
72143651121113 2900179 0
72143563222331 2896993 0
72134562312212 3856171 0
72143651312111 2761216 0
72143651131112 3087197 0
72143651213111 2807636 0
72143652111311 2812992 0
72145633232231 2774318 0
72143653111211 2799552 0
72145631233223 2763956 0
72145633312223 4470290 0
72146352232223 3306788 0
72163453121213 3455661 0
72163453131212 3906151 0
72163452122222 4106631 0
72165431113331 2852147 0
72163453133333 3340358 0
72164353131113 4015806 0
72163453331333 4113130 0
72165432323312 2868447 0
72165432111113 2966113 0
72165432211112 3240620 0
72165432111122 3944106 0
72165433111112 2787926 0
72165433221233 2934885 0
72165433121333 3078586 0
72165433233323 3170981 0
72345611133113 2668881 0
72165433321223 2728128 0
72165433331213 3005046 0
72345611111111 3872579 0
72345611221223 2430082 0
72345611222222 2634523 0
72345611331332 2846508 0
72345612122111 3040118 0
72345612331331 2408411 0
72345613221221 2567213 0
72356141112323 3111684 0
72345613333331 3241622 0
72361453232333 2765403 0
72356143211123 2754530 0
72356141232113 2876660 0
72361542333233 4948604 0
72365412222212 3028544 0
72365413131212 3148090 0
72365413331333 3210340 0
72365413121312 4306932 0
72513641232323 2874149 0
72513641233322 3351359 0
72435163333313 4546849 0
72516342313223 3125223 0
72541631111213 2935358 0
72541631111312 3263417 0
72531463321232 3431706 0
72534163211123 3578010 0
72541632131111 2804711 0
72541631112131 3055258 0
72541631113121 3174294 0
72541633121111 3478371 0
72543162311111 2676194 0
72543163211111 2974485 0
72543611221223 3950904 0
72543611223221 4138182 0
72543612331331 3971414 0
72543611332331 4196088 0
72543611331332 4670747 0
72543613132232 5058402 0
72543613133222 4086869 0
72543613221221 4270838 0
72543613223312 4713492 0
72543613322312 4872950 0
72546311323112 2773839 0
72546313323212 3097134 0
72561342313223 4164760 0
72561432213122 4947321 0
72561433221233 4389937 0
72561433321133 4707068 0
72561433321223 4648152 0
72561433311233 5644945 0
72563411111213 2890559 0
72563411111312 2838057 0
72563411113121 3099115 0
72563411112131 3900328 0
72563412131111 2812780 0
72643513212311 2918963 0
72563413121111 2773424 0
72643513212332 2714915 0
73146522113231 2636868 0
73246153312211 2814404 0
73125463133132 3258195 0
73456123231322 3215143 0
73516243323113 2791388 0
73516243332131 2976821 0
73541262321212 3727119 0
73542163321133 3747054 0
73542613132322 2781163 0
73542613132121 2727002 0
73564213321322 3609153 0
73614251112323 3696385 0
73615243123313 3703277 0
73615242223133 3918892 0
73615241113322 4027519 0
73615241112323 4912854 0
73615421113322 2893274 0
73615243213313 3828487 0
73615243332311 3862366 0
73615243331312 3729242 0
73615423333331 3046820 0
73615423213211 3842503 0
73624513332131 4434934 0
73624513121132 4934301 0
73625143121213 3076689 0
73625141112323 3617117 0
73625412222323 3156098 0
73625143333313 3213118 0
73642511113232 3578201 0
73642511111111 4152229 0
73642511113322 3566349 0
73642513223222 3898760 0
73645211223113 2561584 0
73645211231111 3272469 0
73645122222311 3373636 0
73645121113211 3527718 0
73645211321111 2561502 0
73645213112231 2766091 0
73645211332112 2665365 0
73645213333112 2936066 0
73651241113322 3094462 0
73652413211312 3311520 0
73652413331321 3719222 0
73654122111122 4114977 0
74123563323221 2651305 0
73654122221111 2863425 0
73654211111132 3387368 0
74123652322121 4136035 0
74123653133231 3928485 0
74123653133222 4264770 0
74123653133132 4305406 0
74123653132232 5292046 0
74125632122111 2711830 0
74125632131111 2797053 0
74125631313311 2800010 0
74125632121121 2927914 0
74125633132232 2426520 0
74125633131233 2665995 0
74125632321332 2718614 0
74125633121111 3422528 0
74125633133222 2566502 0
74125633332323 3202977 0
74125633133312 3413390 0
74126352333122 3789502 0
74132562122111 3097148 0
74132562121121 3308574 0
74132561321231 3561915 0
74132563131221 3819639 0
74132563132112 3115413 0
74152363132232 3804633 0
74152363133132 3829569 0
74136522322121 3868779 0
74156322122123 2894228 0
74156322122321 2965202 0
74152363133231 3821736 0
74152363133222 4325988 0
74156323132331 2804681 0
74156322313223 2972162 0
74156323133123 2895170 0
74163251121122 3212579 0
74163253131332 2677196 0
74163252112211 2976604 0
74163252131111 3208254 0
74163253121111 3185582 0
74163253133213 2857724 0
74163253133231 2723303 0
74163253133132 2638846 0
74163253332323 2918343 0
74165231131313 4753050 0
74165231212121 4811898 0
74165231121212 5053216 0
74165231313131 4961945 0
74165232121112 4775559 0
74165232121211 4835493 0
74165232111212 5020159 0
74165233111313 5224187 0
74165233131113 4792961 0
74165233131323 4817703 0
74165233132313 5187095 0
74165233131311 5085614 0
74213652323132 2768427 0
74251633111313 3793450 0
74165233231313 5190447 0
74256311321222 5279048 0
74265312333233 3184038 0
74321563311131 3409573 0
74312652333332 3180718 0
74256313111232 6137817 0
74321653233323 3468746 0
74325163131323 3706851 0
74325612221222 3019260 0
74325613121312 3847399 0
74325613133333 3243623 0
74325613131212 3023250 0
74361253112132 3658049 0
74361253211231 2672727 0
74365211213111 2742539 0
74365211121221 2910778 0
74365211312111 2705901 0
74365211313113 2996247 0
74365212111311 2762745 0
74365212222323 2841918 0
74365211333111 2984356 0
74365212333332 2704688 0
74365213121333 2819167 0
74365213111211 2893700 0
74512361322233 3679848 0
74512362313223 2749342 0
74521632222212 3695482 0
74521633121213 4148115 0
74513263121222 5616677 0
74523611121113 2895843 0
74521633121312 3817180 0
74521633333313 3773313 0
74521633133333 4217133 0
74523611131112 2998158 0
74523611312111 2808762 0
74523611213111 2956900 0
74523612111311 2922171 0
74523613111211 2801045 0
74561232111113 2994598 0
74561231111222 2949735 0
74532163123223 3362787 0
74561232221111 3320086 0
74561233131233 2908223 0
74561233111112 3236331 0
74561233233323 3426166 0
74561233311233 2914136 0
74563211232332 2888518 0
74561233321133 2872568 0
74653213133222 3397543 0
74561233321313 3503644 0
75132463233233 3369181 0
75143263231313 4088250 0
75146321323331 3715101 0
75213642223133 3219058 0
75236143213232 2696660 0
75234161322233 2884220 0
75234162221111 3811635 0
75231463211123 4669765 0
75243613213232 2598406 0
75243611113232 2977051 0
75241632222323 3304014 0
75243162211322 5639922 0
75246131333312 3655738 0
75246313212311 3072749 0
75246313312211 2985926 0
75246311111111 6897455 0
75246313332332 2987965 0
75261432123233 3402060 0
75264132121232 3535479 0
75264132223331 2768611 0
75264133331213 3031009 0
75264133121333 2989536 0
75264132321212 3717540 0
75314621133221 2420698 0
75264311223122 3238610 0
75264313231112 3715540 0
75312463333133 3821500 0
75314623113122 2721156 0
75321461311112 2959838 0
75316241231231 3820548 0
75314621313212 5278557 0
75321463132121 2681068 0
75346211133122 2840092 0
75346122133133 3409317 0
75346211211311 3606766 0
75346213112132 2564383 0
75346211311211 2676227 0
75346213132121 2678653 0
75346212323333 3419889 0
75346213132322 2701140 0
75346213332122 2869159 0
75412631223332 2473185 0
75416323232213 3312235 0
75613243133213 3112978 0
75431263133213 3784956 0
75613243131332 3827228 0
75462132123212 5009176 0
75641323232111 2821141 0
75642132213311 2726929 0
76123453233323 2913324 0
75634123323122 2985482 0
76143252131312 3215204 0
76143252221222 3269466 0
76143253131212 3310585 0
76125343333133 3870836 0
76145231121113 2720071 0
76143253331333 3066043 0
76143253333313 4299599 0
76145231122112 4714395 0
76145232123332 2841232 0
76145231311331 2651706 0
76145231131112 2939816 0
76145231221112 4705813 0
76145232331313 2734031 0
76145233133213 2904274 0
76145232233213 3513702 0
76145232332213 3635288 0
76145233232333 2759980 0
76154323333112 3386133 0
76213543311332 3275393 0
76213543213133 3491875 0
76215341231231 3150566 0
76245311121131 2890690 0
76231451123111 2978571 0
76215433333133 3727848 0
76245311131121 2605399 0
76245313122122 2738055 0
76245311213312 2755691 0
76245312132131 2813793 0
76253141211332 2503096 0
76253141123132 2551170 0
76245313123121 2757926 0
76253413322312 3451334 0
76312453211111 2977011 0
76254313211111 4906884 0
76312452212111 5089839 0
76254133311323 5513011 0
76312542322121 3000891 0
76312542321212 3194802 0
76312453311311 3272790 0
76312543322222 3971925 0
76315241112113 3133702 0
76315241223113 2618277 0
76315241113112 2686969 0
76315241322122 2771975 0
76315243211231 2542206 0
76315241323313 2921003 0
76315241332112 2674670 0
76315243323323 3055482 0
76321452122123 4376341 0
76321452122333 4371760 0
76321452122321 4466914 0
76321452123323 5072548 0
76321452212231 4236995 0
76321452213122 4447695 0
76321453233131 4652083 0
76321453311233 5309837 0
76321542211112 4219181 0
76321453321133 4432020 0
76321453313312 4993282 0
76321453323311 5091848 0
76324151112233 2908289 0
76321543311131 3131241 0
76321543211111 2834279 0
76324151112323 3510162 0
76324153323122 2877923 0
76325411112131 2745457 0
76325411111213 3006017 0
76325411111312 3709676 0
76325411113121 3011326 0
76325411122121 2975134 0
76325411331311 3206573 0
76325412112121 3736169 0
76341251111213 2932227 0
76325413222223 2956263 0
76325412231212 3208357 0
76325412333233 3191128 0
76341251113121 2960522 0
76341251221121 3104414 0
76341251112131 3228778 0
76341251111312 3656926 0
76341252232313 2901695 0
76341251311313 2973785 0
76341253221212 3275508 0
76341252323333 3181932 0
76341253233131 2636853 0
76342511323112 2629355 0
76342511111231 2487300 0
76342511111321 3196727 0
76342513323122 2782728 0
76342512232223 3148444 0
76342513213112 3828733 0
76342513322111 3985235 0
76345122213311 2742546 0
76342513323212 2996514 0
76345122211121 3281560 0
76345122211112 4094214 0
76345123211111 2793602 0
76345123311131 3079821 0
76345123311113 3227763 0
76345122311111 3311466 0
76351421113322 2821397 0
76345123312211 2628753 0
76351423321232 2978699 0
76351421112323 3787249 0
76354121122121 2927023 0
76354121311313 2984664 0
76354121313131 3285727 0
76354121121212 3485439 0
76354122212222 3034706 0
76354122112121 3180682 0
76354123211123 3250729 0
76354122111212 3821032 0
76354212213323 3016337 0
76354123211132 2826296 0
76354212312233 3101475 0
76354123313333 3317291 0
76354213312223 2795505 0
76354213222223 2981388 0
76354212333332 3039084 0
76354212313322 3304510 0
76421351131121 2415056 0
76514321112323 3225954 0
76512343332311 4838411 0
76512343213313 4850579 0
76521433232333 2881979 0
76514321232113 2978008 0
76523413223231 3045024 0
76524313331222 3766056 0
76541232221222 3051354 0
76541233121213 3147542 0
76541233331333 3389690 0
76541232131213 4964618 0
76543211223221 2711309 0
76543211212112 3335560 0
76541233333313 3835368 0
76543211111111 6484695 0
76543211332331 2707300 0
76543212222221 2861342 0
76543212132323 2978978 0
76543211333333 2989989 0
76543213113131 2958864 0
76543212323213 2937819 0
