12345672123212 1710837 0
12346571111231 1140659 0
12345673231313 1772359 0
12345673131323 1571672 0
12345672321212 1597429 0
12345761111111 1160141 0
12345672121232 1635634 0
12345673132313 2206687 0
12347652123233 968511 0
12347561112212 1226970 0
12347651122112 1256123 0
12347652111221 986335 0
12347652123332 1265254 0
12347651111111 2035654 0
12347651133311 1079453 0
12346751113133 1302798 0
12347652223232 872667 0
12347653111133 1073078 0
12347653132223 826156 0
12354671111111 1400669 0
12347653332323 908118 0
12347653132322 834885 0
12354762121112 1493831 0
12354761112323 1999437 0
12354762311123 1205389 0
12354762121211 1335198 0
12354763131131 1198387 0
12356741313131 1853896 0
12354763133111 1073866 0
12356471113133 1270406 0
12356741133131 1816911 0
12354763211123 1236708 0
12357461111222 1384236 0
12356743113131 1499246 0
12357641113331 1138657 0
12364751112212 1278219 0
12357461113331 1404648 0
12364751113133 1268510 0
12364571112212 1381671 0
12357462211112 1295884 0
12364753311131 1023760 0
12365471111111 1351349 0
12365472223232 969774 0
12365472321233 1195004 0
12365471211122 1218644 0
12365473332323 921502 0
12365471313113 1050305 0
12365473232312 1067154 0
12367451123333 2036923 0
12365741113331 1197232 0
12367452113333 1949652 0
12367541112212 1327883 0
12367453112222 1717198 0
12367451132222 1982997 0
12367451213333 1991977 0
12367451312222 2467244 0
12367541113331 1843410 0
12367541331131 1200049 0
12374561211212 1896568 0
12374561121212 1910459 0
12375461111222 1455034 0
12375641113112 1335335 0
12374651111222 1459020 0
12374562111212 1786618 0
12376451111222 1484412 0
12376451113133 1307935 0
12376542121232 1075595 0
12376541322233 1372948 0
12376541112323 1468010 0
12376451221211 1108382 0
12376542123212 1012399 0
12376541232233 1918859 0
12376543133132 1105735 0
12376543133231 960752 0
12467351231321 1156284 0
12467351131121 1297118 0
12456733223321 1143869 0
12456731132321 1983149 0
12463751231231 1436388 0
12456731233223 1246685 0
12473561132123 1244044 0
12536741112323 1316403 0
12543671331113 1256286 0
12543672121121 1209593 0
12537461332112 1248236 0
12543671211212 1391845 0
12543672321332 1190864 0
12543671111111 1600642 0
12543672322232 984253 0
12543672331232 1143709 0
12543673221323 1174655 0
12543673233323 1279604 0
12543673111331 1197339 0
12546371221331 1300434 0
12563472131213 1329937 0
12543673231223 1178432 0
12564733323122 906783 0
12563473131212 1301044 0
12567433232333 894288 0
12645371131121 1373275 0
12637451132111 1443861 0
12576343212221 1205991 0
12643571321321 1223363 0
12637451332112 1070651 0
12734561112323 1195392 0
12673542331133 1555381 0
12734562313223 838251 0
12745632212213 1625511 0
12745632111122 1047415 0
12745632222221 1205877 0
12734561322233 1046302 0
12745631111111 3452897 0
12745632232211 1501929 0
12745633131131 1106663 0
12745633313333 1181410 0
12745633323311 1212959 0
12745633313312 1192961 0
12763452322232 947225 0
12753462231323 1085440 0
12765432121313 1338746 0
12765432222212 1965536 0
12765433121213 1579911 0
13246571111111 1818535 0
13245671321111 1433363 0
13246571112233 1057556 0
13246571113232 1622194 0
13246572321332 1374238 0
12765433331333 1252757 0
13246572331232 1313615 0
13246573221233 1304976 0
13254762321233 1234956 0
13246752133211 1293049 0
13254761323322 1505620 0
13254761322233 1495136 0
13246573321223 1283231 0
13247563212131 1158709 0
13254763323122 1039580 0
13257641112233 1456493 0
13267451122211 1316077 0
13267541232212 1376146 0
13267451311133 1180075 0
13267541111132 1490465 0
13265742131312 1212673 0
13265741112323 2180511 0
13275461112233 1306177 0
13274651112323 1858397 0
13275642131333 1344083 0
13276451113211 1952093 0
13275463213211 1191608 0
13275641112233 1697077 0
13275641112323 1932544 0
13275643212221 1236870 0
13276541133122 1307337 0
13276451233133 1526466 0
13276541213312 1615990 0
13276541322311 1797804 0
13276542323312 924838 0
13276541323112 1150982 0
13276541321123 1804542 0
13276541323322 1167996 0
13276543323122 1055749 0
13462571111111 1230541 0
13546271213213 1075686 0
13462572213311 1212038 0
13527461211113 1358660 0
13542671231231 1172915 0
13546271321321 1436456 0
13546271231231 1742508 0
13572641122133 1734781 0
13576241312213 1981055 0
13642571223221 1717895 0
13642573221221 1427417 0
13576241321321 1229212 0
13627451332112 1206326 0
13645271221331 1183160 0
13642571221223 2755067 0
13675241112323 1472011 0
13647521111111 1199263 0
13762451321321 1185711 0
13764252323231 932307 0
13725642332132 1104421 0
13764251211311 1095769 0
13675242331313 1252541 0
13754262123323 2295697 0
14263751131121 1110694 0
13765422121211 1508494 0
14325672112121 1197942 0
14325672231323 971051 0
14325672323222 855451 0
14267351321321 1339904 0
14275633323122 1054518 0
14325671111111 3774053 0
14325673232333 1074901 0
14325673123232 995589 0
14356721112323 1199906 0
14327653121213 1314698 0
14352672212111 931442 0
14327652131213 1375747 0
14325673311131 1088376 0
14356721322233 1577288 0
14367523311113 1592961 0
14367252322232 835720 0
14527631211131 1270376 0
14523673121312 1540136 0
14527631133311 1017408 0
14523672121313 1432563 0
14527631131211 1066566 0
14527631121311 1122332 0
14527632122213 1423562 0
14527631311121 1362925 0
14527632333332 1081275 0
14527632212111 1031461 0
14537622231323 934001 0
14527633132322 1106179 0
14536273311311 1054146 0
14527633312133 944753 0
14567231312213 1647686 0
14563272323222 788659 0
14573261333111 1420987 0
14625731131121 1240673 0
14625731111111 1350194 0
14567231321123 1626363 0
14625731322233 1321841 0
14625732112121 1383918 0
14625732213323 1054804 0
14625732113321 1465433 0
14632571321132 1352946 0
14632571111111 1885497 0
14625733133111 1051442 0
14652733321331 1008399 0
14625732233111 1139200 0
14673251111111 1297851 0
14723651111213 1067030 0
14723651111312 1361407 0
14723651112131 1097904 0
14723653232222 1000750 0
14723652322121 768179 0
14723651113121 1028116 0
14723652331232 903202 0
14723651211212 967092 0
14723653313111 775076 0
14723653321313 1044625 0
14725361111111 1153362 0
14725363211213 1212677 0
14725363213121 1133955 0
14725361322332 1275652 0
14725361111123 1153635 0
14725362211121 1075132 0
14725363311113 1312310 0
14725363223213 1292984 0
14726531333312 1297777 0
14726532232313 947677 0
14726531232122 1386069 0
14726533323122 891229 0
14726531233313 1206404 0
14726531223122 1399095 0
14735621223113 1075965 0
14735621221112 1123281 0
14735621333111 1327757 0
14735621332112 1288906 0
14735621233112 1440707 0
14735621323112 1568219 0
14735621333222 1287631 0
14735621223332 1625758 0
14736251112332 1140415 0
14736251111132 1303257 0
14736253222223 1172713 0
14736521213333 1115927 0
14736521133131 1174478 0
14736521211212 1033764 0
14736521221313 1181050 0
14736521132222 1212416 0
14736521321231 2024878 0
14736521322233 1400426 0
14736523112222 1309173 0
14752363222121 1001748 0
14752363232222 1191531 0
14736523113131 1275861 0
14752363233131 1102603 0
14736521332121 1693805 0
14752631111111 1446685 0
14752631112311 1362838 0
14752633213223 1142917 0
14752633223123 1153650 0
14752631323223 1263490 0
14752633222223 1159682 0
14752633223231 1236548 0
14752632332132 923189 0
14753261221112 1153430 0
14753261323112 1669448 0
14762351221331 1364200 0
14762351331221 1359965 0
14753261333111 1322847 0
14762351321231 1588526 0
14763251222312 2015380 0
14763251221223 2122127 0
14763251333123 2014153 0
14763251332331 2130454 0
14763253133132 1372279 0
14763253221221 1769728 0
14763253132232 1360432 0
14763253133222 1517861 0
14763253133231 1425954 0
14763252322121 1612372 0
14763521113211 1320325 0
14763253222112 1980110 0
14763521113223 1185015 0
14763523222331 1043714 0
14765231111312 1221710 0
14765231111213 1177840 0
14765231113121 1009740 0
14765231112131 1143541 0
14765232211211 734587 0
14765231133131 1041112 0
14765233113131 1115687 0
14765233323332 819167 0
15236473231121 888781 0
15236471111111 1424036 0
14765232232322 745210 0
14765232331313 867845 0
15243671331221 1290493 0
15246371331332 2869870 0
15273641112323 1636524 0
15246372331331 1275593 0
15267431223113 1185310 0
15342671211311 1102346 0
15246371332331 1632730 0
15324673113311 1758871 0
15367421211113 1482255 0
15346271321321 1152508 0
15624732123212 1352715 0
15463271313113 1353810 0
15367423211123 1027912 0
15426371111111 1283841 0
15367421223113 1106408 0
15426371112233 1248564 0
15624732333332 995205 0
15624732133313 1051267 0
15627431322113 1614233 0
15634722123332 1233999 0
15634722321233 972426 0
15627431223113 1128800 0
15637423211123 1084093 0
15627431332112 1179736 0
15642372213311 964632 0
15642371111111 2947130 0
15642372331322 1229553 0
15642373212311 931755 0
15642372231332 1281405 0
15642373231223 1517628 0
15642373221323 1317363 0
15643271221331 1295993 0
15643271331221 1409121 0
15643273223111 1119181 0
15672343213232 999947 0
15672342323312 966070 0
15647233213232 1061710 0
15672433312133 1356553 0
15672341323112 1187525 0
15672341113232 1413323 0
15724631111111 1224716 0
15724362212132 1308271 0
15724631211311 1176390 0
15724632323231 1012261 0
15724632323333 1134417 0
15724631322233 1258853 0
15724632123233 1258072 0
15724632313223 947341 0
15724633132322 961239 0
15734622331223 1262498 0
15746321111111 1647336 0
15746321323211 984540 0
15746322313112 759033 0
15763241111111 1485886 0
15762342122213 1537205 0
15763242323132 878706 0
16243571132132 954555 0
16243571231231 1408575 0
16243571321321 1352862 0
16257433223123 950631 0
16245371231231 1330267 0
16254733312223 2125137 0
16257431132111 1314891 0
16273541122133 1954833 0
16275341312213 1686693 0
16273541321321 1699823 0
16327453232333 866672 0
16345271222111 1189671 0
16345271133131 1027783 0
16342571331221 1325368 0
16275343122221 1103389 0
16345271111111 2598303 0
16345272333212 844072 0
16345272322232 1109012 0
16347253121312 1477007 0
16345273122323 1073970 0
16357421223113 1210739 0
16374521112323 1334902 0
16345273233323 1372106 0
16347252131312 1544415 0
16423572112121 1369181 0
16374523211123 900104 0
16453271211113 1140034 0
16427532333233 1782619 0
16453271111111 1635441 0
16427531231321 1263347 0
16427531211311 1167472 0
16453272111131 1147628 0
16475233132313 1341822 0
16523473332323 937302 0
16523741112212 1291325 0
16524731113133 1213619 0
16527341111111 1235172 0
16524731112212 1600749 0
16524731112233 1424768 0
16527431123333 2175443 0
16527431222132 2292822 0
16527431312222 2461861 0
16527432331322 1537334 0
16527432231332 1548281 0
16527432231122 1473594 0
16527432211322 1675966 0
16527432113333 1539157 0
16527431333213 2468847 0
16527432333113 1546130 0
16527433312133 1443854 0
16534271111132 1122450 0
16532471111222 1433273 0
16534273211111 1147947 0
16534723211123 1483709 0
16534271111111 1372709 0
16537421111222 1088608 0
16537421113331 1363097 0
16537421113322 1175712 0
16542372112331 1636872 0
16537421223113 1148497 0
16542371221331 1174191 0
16537421332112 1151782 0
16537421233112 1667802 0
16542371331221 1301974 0
16543271223221 1794483 0
16543271221223 3475452 0
16543721111111 1201556 0
16543721113211 1009964 0
16543271332331 1817897 0
16543273221221 1410820 0
16543272331331 1334199 0
16543271331332 3032585 0
16547233332323 914432 0
16547321113331 1556543 0
16572433213223 920464 0
16574231113133 1151754 0
16573241123123 1510006 0
16723451122133 1232718 0
16573241312312 1149859 0
16572431111111 1323026 0
16723451322311 1238680 0
16725431121311 1113762 0
16725432211121 1127699 0
16725431211131 1381313 0
16725431131211 1136202 0
16725431211122 1171352 0
16725432232223 1018753 0
16725431311121 1087866 0
16725433122212 1110238 0
16725433113311 1163800 0
16745232121313 1215299 0
16735242122213 1473745 0
16725433333232 945161 0
16742352232313 1283447 0
16743252323222 806795 0
16745232122222 1268607 0
16745233121213 1193619 0
16745233333313 1794764 0
16753241221112 1313513 0
17246351111111 1196207 0
17326452212111 1931766 0
17265433111313 1866757 0
17324561232332 939664 0
17324561211323 1373964 0
17356241212313 1096674 0
17356242211331 1798456 0
17362451211311 931028 0
17362451231321 1057222 0
17364251231231 1400744 0
17425631122112 1224153 0
17423653213232 968002 0
17362452213311 1518201 0
17425631223113 1099282 0
17425631313113 1239912 0
17425631332112 1219559 0
17425631322113 1324126 0
17425631322332 1634903 0
17425631323112 1364709 0
17426531112233 1281104 0
17425631323223 1136057 0
17426531121212 1313273 0
17426531132312 1330732 0
17426531232233 1651169 0
17426532121211 1030255 0
17426531331332 1190720 0
17426531213123 1582936 0
17426531313131 1394233 0
17426531223221 1046336 0
17426532331331 947068 0
17435622211133 1740773 0
17435623211123 1555483 0
17452633213232 1483512 0
17452363213232 930599 0
17436521323232 1092544 0
17453262211133 1387216 0
17452363322132 976242 0
17462352213311 1285394 0
17463251122112 1169128 0
17526431131121 1147241 0
17463251331221 1204287 0
17463251221331 1042634 0
17463251321231 1208092 0
17463251323112 1383422 0
17463251313113 1217263 0
17526431231321 1219369 0
17526432123233 1359302 0
17543261132111 935993 0
17643251122112 1276151 0
17642531111111 1193947 0
17543261111111 1522842 0
17642533312211 840499 0
17642531112233 1409842 0
21345671111111 1238511 0
21345762223322 1620757 0
21347562312323 2039196 0
21345762312323 1619775 0
21346752313322 1649049 0
21345763332233 1528877 0
21345762313223 1255281 0
21354671122112 1039899 0
21354671221112 1090349 0
21354671131313 1280806 0
21354672311132 1675387 0
21354673131113 1185064 0
21354672311123 1531656 0
21354761112233 1346190 0
21354761112311 913121 0
21354672313211 3684864 0
21354761113322 954681 0
21354761113211 1367443 0
21357463213331 1363044 0
21354761122211 1661438 0
21354761133311 1004275 0
21354763312211 1029090 0
21354762213311 1111764 0
21357462311111 1860863 0
21364752311111 1352511 0
21357642221132 1372276 0
21365742312323 1526309 0
21367451311331 1098976 0
21364753212212 1086016 0
21367452112112 1058334 0
21374653333121 1508214 0
21365742221312 1086568 0
21375462312233 1219274 0
21375463333211 1400201 0
21473563331312 1581269 0
21457631321123 1599154 0
21376541122211 1462632 0
21376541112311 1021446 0
21376541111123 1088308 0
21376541131133 1114710 0
21536742222131 1288290 0
21654372231323 1404117 0
23147562123131 1330802 0
23147651112323 1084929 0
21654372233321 1283678 0
21654373332221 1094266 0
21734652123131 825372 0
21654373332122 1399133 0
23156471222132 996967 0
23147652312323 1016407 0
23164573213133 1136557 0
23157462131123 1622525 0
23164752131312 1435826 0
23156473323332 939807 0
23156471333132 1085484 0
23157461231333 1702522 0
23164753333313 1395220 0
23165471111111 1189223 0
23165472111332 948966 0
23165472132332 1448226 0
23165472111122 967509 0
23165472311111 1140982 0
23165471311133 1025020 0
23165471312132 1017593 0
23165741112323 1578525 0
23165473233221 1327065 0
23165741231312 2062553 0
23165742312323 1534954 0
23165742123131 1394261 0
23165742131321 1858457 0
23165742131333 2263911 0
23165743331312 2732402 0
23167542131222 1510260 0
23167541233322 1550396 0
23175463211222 994565 0
23176452132221 1272774 0
23174652123131 1220851 0
23176453332233 1701194 0
23417563232123 1025285 0
23416752121211 1324019 0
23456173233122 1299302 0
23456173212332 1325700 0
23576412233321 875955 0
23657142121112 1442083 0
23456713212332 1386762 0
23576412312323 936679 0
23475162121112 1335622 0
23517462131333 1814050 0
23674153232321 812804 0
23671452122333 2138775 0
23756413223312 1640909 0
23756143222331 1055182 0
23756411222312 1665405 0
23751461132123 1073662 0
23751463112321 824877 0
23756413222112 1689064 0
23756413322312 1724158 0
24153672321233 1292183 0
24315761122322 1471810 0
24173652323231 1002477 0
24315673311311 1822576 0
24157361313212 916660 0
24157362323111 1114262 0
24167353132232 1964599 0
24351671212211 1621028 0
24315762213323 1352688 0
24351673311311 1917149 0
24351673111133 1659307 0
24351761212232 1358897 0
24367513111121 939876 0
24367511323112 1632237 0
24351761111123 2476045 0
24376512222122 1646746 0
24516732233111 1360889 0
24563711121212 1560288 0
24537613231322 1674653 0
24561372111131 1425638 0
24563712121232 1638334 0
24536713231232 1296468 0
24531673123121 1573208 0
24571362221213 1475469 0
24563713121222 2052892 0
24615371112332 1156716 0
24615732111323 1861643 0
24615731122313 2045317 0
24615372213311 2497833 0
24571631121212 1386600 0
24615731132333 2763109 0
24615732233321 1665858 0
24615732213311 1446004 0
24615733113323 2195683 0
24651731113223 1197369 0
24615733311122 1352030 0
24637512311132 1746363 0
24651731333333 1235921 0
24617532233321 1817972 0
24715631111111 1194786 0
24715363311332 1373684 0
24715633112111 1039489 0
24715632313223 981157 0
24715633131131 1314567 0
24716532323231 1611431 0
24715631122133 1097481 0
24715631122121 1441842 0
24731562311231 923874 0
24731561111111 2087699 0
24763151111111 1174868 0
24751362321113 2274267 0
24761531221223 1705268 0
24765313222112 1399108 0
24736512222332 1990654 0
24751362221231 2654519 0
25134672233321 1157867 0
25134672312323 964286 0
25137461211323 720689 0
25134672313211 1053222 0
25163741112323 1332814 0
25137461111111 1219402 0
25314673111331 2532078 0
25314673111313 2616202 0
25341673113311 1818181 0
25314673131311 2639486 0
25413672323111 1872932 0
25364173223231 938110 0
25413763121222 1258171 0
25341762313223 1661129 0
25364172311231 2105458 0
25367411211122 1271235 0
25436711311313 1028059 0
25436712123122 1038002 0
25436712323231 1079461 0
25436712123332 1084526 0
25436712132122 1051350 0
25436713332122 1000709 0
25463713212332 1608444 0
25436713232321 1388772 0
25471631312213 2009060 0
25471362323132 1090590 0
25714632223331 1239896 0
25634713321232 1343847 0
25631741212121 2017623 0
25641371213132 1322766 0
25714632123131 1406633 0
25714632313211 3410830 0
25716431212223 1140185 0
25714633121333 1485777 0
25734162221111 1134157 0
25716433223213 1320101 0
25736141111123 1437286 0
25734613113323 1472946 0
25736141233232 1658724 0
25731642232211 2004054 0
25736411231321 1021582 0
25736411133113 1422948 0
25741632312323 1168221 0
25736413123112 1463512 0
25736411321312 1418528 0
25741632222323 1233939 0
25741361232113 1295555 0
25736411331113 1358450 0
25743611233232 1379802 0
25763142223133 1484481 0
26135742213323 1292612 0
26135742132221 1491338 0
26135742332312 1529430 0
25763411332322 1161227 0
26153471122121 1346973 0
26153473131131 1398795 0
26153473132121 1178704 0
26154372332213 2820024 0
26371453112111 957751 0
26415732121223 1046056 0
26415731322323 1086050 0
26175432331133 1645249 0
26345711223113 793796 0
26317451212211 2249784 0
26415732233321 1406936 0
26435712222122 2347288 0
26435712233321 1505943 0
26435713333133 1416161 0
26435712311132 1570692 0
26437512122312 1137768 0
26435713311122 1669279 0
26435712322322 2358984 0
26453711333333 1087943 0
26453172211133 1651124 0
26534713333313 1589317 0
26543171111111 1049948 0
26513471122121 1090051 0
26517343333313 1673210 0
26543171123111 1007819 0
26547313131323 1698072 0
26714531212133 1454607 0
26573413331312 1570803 0
26743512121232 1673312 0
27154632311132 889070 0
26715433231322 1121289 0
26714532121133 1267294 0
26741351232113 962057 0
27134561131133 1377885 0
27314652313211 1369050 0
27365412321212 1874151 0
27435612122222 1070000 0
27415363131113 1440705 0
27416533321232 1316619 0
27416532133232 1173482 0
27415633321322 1512514 0
27415632323231 1603382 0
27453161123111 1071259 0
27453161132111 1022345 0
27516341111111 1170337 0
27456133132223 1348917 0
27534162311111 1212549 0
27534612311132 1451657 0
27534161111123 1368945 0
27534161111111 1150295 0
27543611111123 1627358 0
27536412332312 1829503 0
27543611111132 1185317 0
27615431312333 1308460 0
27613543333133 1846803 0
27615432113321 1639431 0
27614353311332 1568531 0
27546312231122 2396036 0
27634511131133 1056899 0
27615433313213 1272872 0
31247651323232 1344555 0
27634512233321 1350337 0
31247651113232 1165400 0
31256471231222 1093948 0
31246753312211 1789972 0
27643513311233 1995514 0
31257462312311 1189537 0
31257462222221 1231892 0
31257643311122 1353534 0
31264752132122 1055203 0
31264572122213 1196371 0
31264573222223 1120041 0
31264573132313 1053140 0
31264752313121 1821346 0
31265471122112 1041867 0
31265471111111 1375943 0
31265471321111 1033848 0
31265472312233 1162691 0
31265472233321 1454349 0
31265471122133 1256481 0
31265471312213 1114214 0
31265471313113 1104824 0
31267542222233 1500133 0
31265741233331 1433868 0
31275462223211 1395420 0
31275461322233 1704290 0
31275461112233 1593456 0
31275462133211 1256787 0
31275462311213 1925352 0
31267542313133 2033571 0
31275463311122 1764242 0
31275462312212 1932872 0
31452671323211 832334 0
31452671332232 1225349 0
31452672322331 886962 0
31276452133322 1016601 0
31276452313313 1455277 0
31456722111221 1358185 0
31462751113322 1263352 0
31462751111111 1317458 0
31475262333221 1441252 0
31564272212111 1564029 0
31475261322233 1102093 0
31524673332122 2056017 0
31527643332122 1132879 0
31475262331313 1717008 0
31564273113311 957838 0
31564272213311 1332316 0
31754621331122 1941750 0
31572461122133 1240543 0
31624751112233 1128013 0
31654272313322 1928131 0
31624753312211 956606 0
31627452221333 1471704 0
31765242322121 1810589 0
32145671111111 1651114 0
32145671132222 1207836 0
32145672113333 994125 0
32145671221112 1162310 0
32145671123333 969640 0
32145671333333 1397936 0
32145672212222 909769 0
32145673311113 1040210 0
32145673112222 864978 0
32147651132222 1864062 0
32147651123333 1731582 0
32146752232223 1568144 0
32147562313223 843200 0
32146751232323 1274696 0
32147562333233 2057486 0
32147651213333 1953842 0
32147651312222 1727393 0
32147652113333 1664052 0
32147652231332 1746646 0
32147653112222 1795025 0
32147652331322 1886949 0
32147652332213 2202397 0
32147652233213 2152518 0
32156471113211 1118623 0
32156471111111 1227940 0
32156471232332 1329105 0
32156472332321 1112008 0
32156472312332 835200 0
32156473223123 1035006 0
32156472333332 1517619 0
32156472332132 1409165 0
32156742311123 1129284 0
32156741112323 1930144 0
32164571111111 1178117 0
32157642231323 1477646 0
32156742313223 1407189 0
32157641232323 1483045 0
32164571111231 853607 0
32156742333131 1121376 0
32164572232223 1594319 0
32164571232323 1161291 0
32165741111132 1041558 0
32164572232313 1363219 0
32164572312323 1073940 0
32165741111111 1461232 0
32164572233321 1329166 0
32164573323212 1007942 0
32165741233223 1331378 0
32165742211112 1218154 0
32167451312222 842540 0
32167451222222 1288448 0
32167451111111 1257957 0
32167451213333 928398 0
32165742331112 1146241 0
32165743311131 932320 0
32167452211121 882071 0
32167451333111 1178402 0
32167453313333 888503 0
32174561232113 1594045 0
32174561112323 1266593 0
32167453222313 886615 0
32167453321232 831612 0
32174561232233 1676866 0
32174562231212 1434960 0
32174652312332 985342 0
32175462233111 1336733 0
32175461221112 1040883 0
32175461113112 1005457 0
32174652332132 1155565 0
32175461111111 1241612 0
32175461333111 1314388 0
32175462312323 1206049 0
32416753121222 1693237 0
32456173212332 1622917 0
32417562113321 1977352 0
32451762331121 923455 0
32417652132131 1040482 0
32417653132121 918600 0
32456711233133 2018402 0
32465172132131 894721 0
32465172112121 1024061 0
32465173123121 867286 0
32465173133111 949839 0
32465172332321 1238701 0
32465172133121 1157651 0
32465173132121 1244293 0
32465173233221 1367837 0
32475163331222 1423398 0
32475161232323 1388368 0
32476513232231 1042825 0
32547611213111 830593 0
32547611121113 1322348 0
32546713323212 1424894 0
32547611131112 1326489 0
32517463131311 1898764 0
32547612111311 933575 0
32547611312111 1062225 0
32561471113133 1093585 0
32547613111211 917801 0
32561471131211 1196529 0
32561471122211 1279585 0
32561471211131 1228568 0
32561471121311 1348004 0
32561472133313 1252405 0
32561471311121 1168415 0
32567412122222 1303395 0
32561472213122 1056171 0
32567412131312 2011704 0
32561473222223 947325 0
32561473323212 1127761 0
32567412222212 2495993 0
32567413133333 1301022 0
32567413131212 1584984 0
32615473332122 1064307 0
32647152133121 1277183 0
32647512333233 1645487 0
32647153132121 877250 0
32576142313223 1106871 0
32657143121213 1618478 0
32671453123313 1630156 0
32657412111212 1560107 0
32741651131211 1491790 0
32714652332132 1237226 0
32741651121311 1581026 0
32674152113333 1968228 0
32716452123212 1722064 0
32741651211131 923428 0
32741652111113 980180 0
32741651311121 942029 0
32745612313322 1345529 0
32754163211123 890052 0
32745612322331 1089310 0
32751643321232 1208584 0
32741653111112 961511 0
32745611223332 1323245 0
32761452121313 1576480 0
32756141233121 1382689 0
32761453121312 2076022 0
32761453133333 1182917 0
32761452222212 1067283 0
32765411121113 1134207 0
32761452122222 1158896 0
32765411112221 958536 0
32765411133113 1218195 0
32765411131112 1460439 0
32765412323222 1014074 0
32765413223312 1474979 0
32765413231223 1120572 0
32765411331113 1202216 0
32765413122212 1452962 0
32765412221312 1484346 0
34125672131213 1572445 0
32765413322312 1469739 0
34125672131312 1791047 0
34127651121113 1123147 0
34127651213111 999738 0
34127651131112 1546535 0
34125672221222 1065094 0
34125673133333 1851005 0
34127652111311 861055 0
34127651312111 862897 0
34165271131211 1588717 0
34165271211131 1280345 0
34165271121311 1226932 0
34165271112212 1088554 0
34127653111211 874463 0
34162752132212 2470877 0
34165271311121 814439 0
34165271311133 936715 0
34165273133312 1848545 0
34165272323333 1005908 0
34172562132332 1848066 0
34165273222322 899336 0
34167252213323 1209584 0
34165273311131 863664 0
34172562313331 1168951 0
34175263321232 1221343 0
34265712212132 1739929 0
34216572213122 1793024 0
34261572133121 1224433 0
34275161312213 1204783 0
34261573123121 1211004 0
34261572132131 1127749 0
34275162213221 1241161 0
34275162112322 1366568 0
34526713232312 1333926 0
34521672223232 1188590 0
34516271111111 1092009 0
34517622231323 1255633 0
34516272312332 1270852 0
34516722313223 1539931 0
34527612231122 1746569 0
34527612211322 1841065 0
34527612231332 1963356 0
34561272122321 1595660 0
34527613312133 1594122 0
34527612331322 1966342 0
34561272212213 2202548 0
34561272122123 2533531 0
34561272232211 2067072 0
34561272213122 1655259 0
34561273233131 1540263 0
34561273221233 1709027 0
34561273321133 1733624 0
34561273313321 2007129 0
34561273311233 1730392 0
34561273321223 1753870 0
34562171321111 1137215 0
34561721111111 1313060 0
34562172232313 1258447 0
34567212223232 1288373 0
34562171321231 1138594 0
34617252132212 1782392 0
34617252123212 1688658 0
34617252111212 1430353 0
34621572132131 1253575 0
34617522221333 1305012 0
34651271123111 1272315 0
34675212222122 1638181 0
34651272332132 959044 0
34625172111212 1682142 0
34715262221123 1611178 0
34627512232313 1014170 0
34721652121313 1614685 0
34716522223211 1955747 0
34725612111113 1134042 0
34721652131213 1426144 0
34721653333313 1507357 0
34721652222212 1640277 0
34725611212211 1010041 0
34721652221222 1814418 0
34725612231212 1385599 0
34725612121322 1371098 0
34725613132223 1230565 0
34725612231332 1287884 0
34725612322232 1137842 0
34725612331322 1102596 0
34725613111112 1381640 0
34725613111133 1193357 0
34725613311113 1047459 0
34761252323222 828984 0
35126741232212 1720770 0
35162472122231 1035074 0
35162473122221 1241254 0
35162472123233 1228546 0
35127462331331 1790527 0
35126742231233 1522840 0
35162473323131 1004434 0
35162473332122 1322175 0
35167242132212 1568549 0
35172461232323 1262189 0
35174262231113 1544612 0
35162473332131 1298571 0
35162742213323 1513018 0
35174262213131 1320830 0
35246171111111 1042051 0
35246171113322 881120 0
35416721113112 1228658 0
35267141223233 1116225 0
35271461322233 1185495 0
35416723232213 1205541 0
35246172213311 1184505 0
35267141321132 2296142 0
35417622223133 1602635 0
35426712131132 1102458 0
35461271111231 1423298 0
35426713111313 1332156 0
35426713131113 965388 0
35461271321231 955619 0
35426713312211 1176794 0
35426712311312 1426999 0
35461272222323 1250861 0
35462171131313 999476 0
35462171332331 1194051 0
35462171212121 1296035 0
35462172213311 1196115 0
35462171221223 897777 0
35462172223331 1018018 0
35462172312131 1469995 0
35462173131311 1112378 0
35462173123211 1103259 0
35472163231322 1124273 0
35462712322322 1533593 0
35614722321233 1336957 0
35462173221221 1098394 0
35472163222313 1171700 0
35476122221111 1413842 0
35617423131332 1270975 0
35624712121232 1683757 0
35762142222113 1641218 0
35714623111322 1565677 0
35624712321332 1859426 0
35624712331232 1629909 0
35624712321212 1905720 0
35721642221213 2240805 0
36125471212112 1601837 0
36125471111333 868306 0
36125471312111 1062889 0
36125471222111 1761348 0
36125472121223 989739 0
36125473111211 1058567 0
36125472111311 1006398 0
36125471213111 1007207 0
36125473323233 915881 0
36125473232222 1306830 0
36127451333222 1089802 0
36125743222331 1703254 0
36145272131312 1386659 0
36145272122222 1333652 0
36145273333313 1572389 0
36145272131213 2049616 0
36147251121311 1273575 0
36147251131211 1663887 0
36152741231312 1776924 0
36147251311121 928669 0
36147251211131 1098062 0
36152742131321 1374913 0
36147253111112 956532 0
36147252111113 1148427 0
36217452131333 1794206 0
36172452133133 1983780 0
36241573212332 1182862 0
36217543213112 896211 0
36415272123212 1453603 0
36217541223311 1050982 0
36241753212311 1205775 0
36417522123311 1244462 0
36521472113321 1129365 0
36514272212111 2027363 0
36527412211322 1361508 0
36527412221312 1456505 0
36527412131222 1315747 0
36521472331121 1156056 0
36527412111113 1056465 0
36527411131133 978407 0
36527412231122 1204288 0
36527412322232 1049150 0
36542712121322 1666534 0
36527413311311 854006 0
36547212122222 1639347 0
36541272323222 861747 0
36527413111112 1536959 0
36547212121313 1622924 0
36547212221222 1499676 0
36547212131312 1527604 0
36547213331333 1464653 0
36712542122111 1515350 0
36712542121121 1810121 0
36712542121112 1482539 0
36714252232223 804579 0
36712542121211 2126050 0
36714522121322 1679337 0
36714521232113 1605885 0
36721452121322 995762 0
36721452122123 1052088 0
36721451131331 1027016 0
36714523132322 962259 0
36714522122213 1076818 0
36714523132223 1070695 0
36721452122321 952971 0
36721452122213 1231041 0
36725411131313 1500863 0
36721452131111 1009563 0
36721452223232 1104064 0
36721453113113 1127283 0
36725411121212 1845741 0
36721453121111 1380763 0
36725411212121 1702331 0
36725411313131 2151796 0
36725412111212 1933175 0
36725412123212 2015967 0
36725412321212 1962887 0
36725412121112 1895279 0
36725412121232 2154315 0
36725412121211 2660436 0
36725413131113 1556823 0
36725413111313 1764911 0
36741252122333 1883461 0
36741252122123 1863105 0
36741252123323 1567612 0
36741252122321 2021836 0
36741253233131 1954204 0
36725413131311 2910364 0
36745211211221 824862 0
36745212121223 1244535 0
36745212122312 1520961 0
36745213121111 1138239 0
36745212122333 825203 0
36745212131111 859703 0
36745212223232 1235218 0
36745212123323 1039899 0
36745213131131 841177 0
36745213133111 837847 0
36745213232213 821635 0
36752143133222 1029315 0
36752142122132 1276909 0
36751243222322 1188388 0
36752143132232 1111168 0
36752142123221 1215001 0
36752143211132 1236709 0
36754123232222 2144965 0
37256142321233 1499722 0
37415622333221 1508508 0
37246511112233 1104026 0
37452162323312 1465298 0
37516422333311 1335444 0
37426513132313 1434080 0
37561241311112 1067533 0
37612453122233 999799 0
37614521111111 1293020 0
37614522113321 1316073 0
37614521323232 1140994 0
37614252221123 1354776 0
37612542221111 1290531 0
37614522111221 1053224 0
37614522313322 1377918 0
37614522323312 1235600 0
37615422223133 1511802 0
37615421113322 1581039 0
37615422211133 1590630 0
37614523232213 1212198 0
37615422313331 1507033 0
37615422313121 1448877 0
37624152311213 1382321 0
37615423121132 1659768 0
37624512231212 1283085 0
37624512121322 1458016 0
37624513131323 1054886 0
37624513231313 1090553 0
37624511232233 1308663 0
37641252222323 1391074 0
37642513122221 1335938 0
37642152213311 1686793 0
37645122312221 1012275 0
37651242211133 1723504 0
37652141113232 1184033 0
37651422312311 1779043 0
37654212311222 1502730 0
37652143231322 1072650 0
41237561313131 1757666 0
41236753232321 989776 0
41263751312222 1845925 0
41352671212121 1603778 0
41325671212211 1262187 0
41325763131233 1036368 0
41352671212112 1665549 0
41325762313223 1575387 0
41357622313112 1122135 0
41352671222111 1695462 0
41532761233133 1466632 0
41576322212222 1506256 0
41367253111133 1474978 0
41532672313211 2321813 0
41563273113311 1282562 0
41625372313211 3862063 0
41625731222231 1542569 0
41625373121213 1060084 0
41725361232113 1371260 0
41657321222312 1369582 0
41635721212121 1893771 0
41673252212222 1500041 0
41673521111111 985223 0
41723562313211 1507923 0
41725361321213 1685365 0
41725362221213 1503820 0
41725363121231 1808211 0
41725631211122 1220380 0
41725363121222 1739714 0
41725631111111 1461928 0
41725362313211 1718782 0
41725362313223 1893760 0
41725633111133 1052577 0
41725632322331 1642075 0
41725633121123 1063853 0
41726532312233 1803179 0
41726352313322 1461334 0
41725633211111 1280923 0
41735262312233 1552164 0
41735261323313 1732382 0
41735621233232 1334945 0
41735263123223 1194453 0
41736522332231 1388574 0
41735622313322 1829697 0
41752631222123 1178849 0
41752632311123 1343121 0
41736521233232 1494884 0
41752632312323 1254093 0
41756231321213 1674884 0
41752632313211 4056678 0
41765322221312 1166275 0
41762532221333 1450869 0
41765231233232 1211188 0
41762533123331 1455273 0
41756233121231 1519656 0
41765322313211 2468888 0
42136752131312 1676572 0
41765323122212 1131417 0
42137561123333 1429466 0
42157633231322 1650901 0
42137653132121 1010060 0
42163751121212 1684398 0
42165373223123 860244 0
42137653122131 1023328 0
42167532131333 1826723 0
42315673112111 1115347 0
42367153211123 990655 0
42561733323122 982334 0
42516372233111 1476586 0
42367153111121 960730 0
42351671212211 1340319 0
42351763231133 2160894 0
42573613322231 1063522 0
42573612323231 1187588 0
42615372213311 1693022 0
42651372213311 1225652 0
42613572313211 1318814 0
42615372313211 1636642 0
42615372221213 1604954 0
42615371313332 2071032 0
42651733311122 1395659 0
42673512232133 1598864 0
43176252311132 1022087 0
42751632323231 1124385 0
42751632321233 1403135 0
43167251232212 1397527 0
43176252123131 1131233 0
43126572133313 1638084 0
43216573132121 1082851 0
43216573132223 1144047 0
43561271111111 964910 0
43571262122222 1384169 0
43512671313332 1372601 0
43527612312323 1221856 0
43216573212311 1141531 0
43216573212332 1722359 0
43572612312323 1483165 0
43572161111111 1180539 0
43615271333312 1327935 0
43615272113321 1239647 0
43576212112232 1917392 0
43576211123222 1439023 0
43617521223221 1977409 0
43621752213323 1746773 0
43651722323132 1297443 0
43675122222122 2048264 0
43675211221331 1076497 0
45167323322231 1008421 0
43751623123313 1317232 0
43721653231313 1098757 0
43765212222122 2083472 0
45176231131313 2489251 0
45176231331113 2490208 0
45176231133113 2589236 0
45276131131133 1805995 0
45273162222122 1689737 0
45213672221123 1638199 0
45312671222312 965100 0
45176321131133 2322137 0
45176233131113 2893071 0
45312672233321 1198742 0
45312672223331 1223145 0
45312761133311 1354926 0
45312673222112 1088286 0
45312761113211 1407748 0
45312673132313 1912886 0
45312673231313 1700774 0
45312672313211 3133101 0
45312762221111 1790836 0
45312762311111 1436072 0
45321671221121 1075307 0
45321671212211 1211925 0
45327612222323 1541789 0
45362712122222 1732010 0
45367122223133 1467945 0
45321673113311 1932992 0
45367211111132 1375647 0
45367211211122 1462615 0
45376213131323 1441044 0
45367213111133 1107734 0
45376213333322 1129510 0
45376211333123 1135527 0
45376121131133 1932669 0
45376121331311 1331966 0
45612371133221 1501185 0
45612372331121 1367767 0
45612373112231 1187199 0
45612373322111 1089366 0
45612373332122 1146470 0
45612373332221 1158726 0
45612373132121 1129262 0
45612373132223 1216611 0
45613271331221 1052800 0
45613272233111 1635145 0
45623712332123 1135722 0
45621732233333 1744866 0
45621373211111 1932906 0
45621373123331 1152822 0
45623713322321 920933 0
45621732212123 1456430 0
45637123132121 1084909 0
45637123332122 947815 0
45673212212132 1472249 0
45721363321313 1145885 0
45671233112132 1075484 0
45671231132231 1054950 0
45713623223132 1039118 0
45673213211222 1324965 0
45721363322231 1146743 0
45732612233321 969326 0
45736121122211 1476078 0
46123571111111 949349 0
46127351131313 1425428 0
46123573232123 1606705 0
46125731333123 1375898 0
46127352131333 2239288 0
46135272133313 1703708 0
46127353131323 1672145 0
46157321331233 1457704 0
46215372121223 1362254 0
46257132211133 1510901 0
46157233333232 1130532 0
46153273131131 2090849 0
46215372313211 1812713 0
46273512122312 1331872 0
46257313312211 2154273 0
46275312232133 1512212 0
46273513221212 1182622 0
46275312313211 1477855 0
46275312132212 1949258 0
46275311123222 1389602 0
46275312112232 2249274 0
46275313121222 1435972 0
46275313312211 1592255 0
46372511221331 1174341 0
46352172113231 999894 0
46375212113111 1043809 0
46375211211332 1218802 0
46352171211233 1081780 0
46321752111131 1379738 0
46375212132221 1057134 0
46375212132131 963658 0
46375212332222 1173989 0
46375213112111 1361748 0
46512372113321 1516449 0
46512371331221 1162591 0
46375213123121 1261045 0
46375213333121 998873 0
46513273113221 977206 0
46513272332111 951169 0
46572311223122 1556576 0
46721533123313 1283679 0
46523711331332 1562636 0
46572312132122 1303003 0
46527133111121 972407 0
47123562232133 1988848 0
47123651233232 1221747 0
47126351233232 1788033 0
47132563222331 1448081 0
47132562311111 1461024 0
47135622132332 1471615 0
47126532133133 1875066 0
47132652233321 1743335 0
47136252133112 2256444 0
47152631322131 1368813 0
47152361233232 1051400 0
47156233322312 902451 0
47156233233113 1247151 0
47156233223312 933197 0
47156231332313 1508133 0
47156233211132 1126948 0
47156321111111 1270140 0
47156322132311 1261683 0
47156321133311 1398607 0
47156322332312 1123559 0
47163522131222 1345902 0
47156323223123 917684 0
47162351322122 1259497 0
47156322332132 1104084 0
47156322313232 1177302 0
47165321232113 1436354 0
47165321322131 2020649 0
47165322313211 1542022 0
47165322232133 1858949 0
47251363131113 1686516 0
47165322132212 2135073 0
47216352131333 2195978 0
47165322133112 2406689 0
47251632131312 1601415 0
47256133212311 997993 0
47265312122222 1315379 0
47265312131312 1383413 0
47352612123131 872405 0
47321651311133 1073296 0
47256133321232 1242124 0
47265312313211 2769376 0
47352612313211 1578686 0
47352612311132 1319001 0
47621532232331 1285486 0
47632153232321 948271 0
47632152233321 1003574 0
47632153212311 1096705 0
47512632312323 1088057 0
47621533231121 996512 0
47652132231323 1341940 0
47632513212332 1867050 0
47653213232111 818990 0
51324671211122 973052 0
51267342312233 1927703 0
47653213211231 1493020 0
51264732213311 1011467 0
51264731113322 886798 0
51324672212111 1247068 0
51324673113311 1439596 0
51324761111123 1168386 0
51367241211113 1181287 0
51324763113332 1290282 0
51423671221331 1254317 0
51342672212111 1338529 0
51342763312223 2724038 0
51426733312211 1366646 0
51426731111111 1215422 0
51472361131313 1380408 0
51624731312123 1758608 0
51472633331312 1597942 0
51623471321111 1018501 0
51623743313321 1365434 0
51624733323113 2025861 0
51642371122313 1244788 0
51632741323232 999647 0
51724363121213 1475734 0
51726433123313 1379728 0
51723643131311 1244317 0
51642731113322 1524744 0
51647231113232 1047696 0
51724362122222 1452639 0
51742632323231 1139754 0
51732643121213 1475249 0
52147631121311 1333465 0
52147631211131 877854 0
51742632323333 1229317 0
52147631131211 1516734 0
52134761232113 1208696 0
52147631311121 906984 0
52147633111112 1222939 0
52147632111113 973017 0
52163471112122 935342 0
52163471312111 995775 0
52163472131222 1097798 0
52163471333123 993968 0
52163471213111 1032800 0
52163472111311 1002540 0
52163473111331 881330 0
52163473111211 1056932 0
52167432122222 1652908 0
52167432121313 1232626 0
52167342121232 1303617 0
52163473221323 943780 0
52163473323332 1468777 0
52167432131213 1658374 0
52167433331333 1641655 0
52167433133333 1918439 0
52174633223123 1234712 0
52341671311313 986221 0
52341671122211 1250154 0
52314761322122 1329538 0
52314673311311 2268715 0
52341671111111 3196139 0
52341672211112 1174502 0
52341672232313 1245588 0
52341673133111 1148865 0
52341673232333 1089142 0
52341673232213 1108706 0
52341673323212 1556603 0
52341672323222 1148036 0
52341672323312 1640402 0
52361472121313 1730964 0
52361472131312 1474720 0
52463173212332 2077975 0
52376413222223 1314107 0
52367142211121 1465531 0
52367412322232 1126437 0
52374161112323 909619 0
52463713212332 2067911 0
52471631323112 1111187 0
52471631223113 1100976 0
52713461232323 922367 0
52641733232321 1158982 0
52714361232113 1682625 0
52641733212311 1116870 0
52673413232123 933210 0
52614372313211 2129786 0
52714633213223 1557642 0
52714633223123 1010022 0
52736141322233 1377707 0
52741362313211 1125791 0
52731641323112 836867 0
52741632122333 1994486 0
52741362313223 1397907 0
52731641233112 877431 0
52741632123323 1824589 0
52741632212213 1543145 0
52741632212231 1637212 0
52741633313312 1414755 0
52741633221233 1798625 0
52741633321223 2084317 0
52741632232211 1460325 0
52741633313321 1528672 0
52741633323311 1504291 0
52743611111213 1363456 0
52743612131111 918380 0
52743613121111 1100052 0
52761431111213 1173876 0
52743611113121 1082481 0
52743611111312 1608236 0
52743611112131 1062720 0
52761431112131 980545 0
52761431111312 1490854 0
52763143222331 1560349 0
52763411333123 1775991 0
52761431113121 1282193 0
52761433121111 990740 0
52761432131111 1031236 0
52763411222312 2590470 0
52763413223312 2626821 0
52763413222112 2634943 0
53147262123131 973289 0
53126471231321 1163599 0
53126471321321 1291345 0
53146272123233 1435810 0
53126471231231 1750910 0
52763413322312 2603124 0
53274163211222 1727782 0
53162743312223 2575213 0
53421671321111 1300207 0
53476121323112 1270509 0
53462711113322 1785845 0
53426171112233 1445778 0
53467211321111 801590 0
53421671321231 899238 0
53476121323322 1124329 0
53614721212121 1538017 0
53621471331221 949387 0
53721463223312 1574276 0
53642171111111 1087108 0
53724612121112 1729726 0
53714622233111 1945138 0
53672142221213 2388140 0
53741621323112 1270697 0
53726143333121 1225568 0
53762143222331 1355566 0
53742612323333 1079665 0
53761242221213 1665043 0
53761242121211 1545739 0
53761242321212 1396096 0
53741621332112 1115893 0
53762413322123 1301250 0
54123673233323 1143877 0
54126371331221 1095564 0
54127632222212 1266726 0
54127633333313 1585970 0
54127632131213 1970993 0
54127633133333 2046303 0
54127633131212 1937709 0
54163272233111 1515174 0
54163271133221 1489988 0
54167231333213 1170139 0
54167231121113 1007019 0
54167231131112 1456147 0
54167232112112 946937 0
54167231221211 995050 0
54167232133313 1581939 0
54167233232333 1216281 0
54167232333113 1174113 0
54231673123121 1068406 0
54167233331213 1256422 0
54231671123111 1216566 0
54172633132313 1715080 0
54217362233213 2481151 0
54217632132212 2461843 0
54261373123121 1147428 0
54261732231233 1414500 0
54312672212111 1102319 0
54276132233312 1180335 0
54317261113112 1113762 0
54317621111222 1250093 0
54312671131331 1060792 0
54312673311311 1948725 0
54321672212231 1697160 0
54321672212213 1764096 0
54321672232211 1757616 0
54321761211221 1305034 0
54321763113113 1486533 0
54321673313321 2505723 0
54321673313312 2545589 0
54321673323311 2582521 0
54326171111231 1608688 0
54326171112233 1143413 0
54327612223232 1150263 0
54326171321231 1080795 0
54362171113133 1319227 0
54326711112212 1522372 0
54362711111231 886052 0
54361272223232 1173696 0
54367121112212 1572220 0
54362711323112 1301005 0
54367121113211 1286374 0
54367123311113 1125327 0
54367122311111 1135476 0
54367122211121 1182431 0
54367211132222 1834264 0
54367121113331 1881049 0
54367211213333 1940298 0
54367211222132 1754419 0
54367212333113 1602371 0
54367212332213 1518011 0
54367212233213 1632993 0
54367211333213 1578907 0
54367212231122 1845283 0
54367212211322 2125309 0
54367213112222 2088071 0
54367213312133 1703682 0
54376211111132 1471789 0
54376121322233 1207295 0
54376211111222 1386701 0
54371621113322 1021056 0
54371621113112 1644368 0
54371261113331 1251373 0
54612371112311 2076051 0
54376211113133 1322477 0
54612732112223 1358854 0
54621371133311 1216866 0
54637211132111 926192 0
54621372211121 1158035 0
54612372222131 1185104 0
54612733322213 1272387 0
54671232221213 1425627 0
54712361323313 1386022 0
54712362223322 1799565 0
54716321112323 1282146 0
54721631122121 1288572 0
54716232222113 1320008 0
54716322313223 1019983 0
54721631111111 4041631 0
54721632133232 1116419 0
54721631311133 1007143 0
54721633313321 1383495 0
54721633333331 1202102 0
54721632212231 1237324 0
54721633231322 894164 0
54721632212222 1353716 0
54723612131312 1675232 0
54723612221222 1533020 0
54723612222212 1576352 0
54723613121312 1576623 0
54761233322321 1274523 0
54763212322232 1116162 0
56123471223221 1482472 0
56123471222312 1471419 0
54723613333313 1326384 0
56123471331332 2185618 0
56123471333123 2007062 0
56123473133231 1678737 0
56123473133132 1977682 0
56123473223312 1411256 0
56123472331331 1699058 0
56123472322121 1599434 0
56123473222112 1390549 0
56124371111231 786812 0
56123473322312 1454937 0
56132473211111 1223637 0
56132472333332 1445641 0
56143273332323 1608430 0
56132473213211 1223966 0
56127433332323 1107775 0
56124371232323 1409998 0
56147231333213 1652984 0
56147231222132 2407862 0
56173421113112 945671 0
56147232233213 1662912 0
56147322333233 1655126 0
56147232332213 2019544 0
56174232323333 1174729 0
56147232333113 1721902 0
56174321232113 1686412 0
56213471111111 1206907 0
56243713121333 1549827 0
56243173133111 1446110 0
56271433123313 1708399 0
56271433111313 1657532 0
56247132333233 1147562 0
56213743313333 1658947 0
56271433132313 1788404 0
56274132331133 1246276 0
56321742211112 1515674 0
56321473233323 880156 0
56324171221331 1272998 0
56327413213112 1338141 0
56274312313211 1617711 0
56327411211332 1146576 0
56341273121213 1631303 0
56341273131212 1518809 0
56347211331131 818428 0
56347211312111 945928 0
56347122333233 1274970 0
56347211222132 1173499 0
56347212111221 1489801 0
56347211213111 853877 0
56347212123233 1094438 0
56347212111311 1151985 0
56347212232223 908931 0
56423171231321 1273211 0
56347213111211 1035203 0
56423171231231 943708 0
56347213131332 1346326 0
56423171321321 917387 0
56423173132121 1216860 0
56423172112121 1081438 0
56432713122122 1373813 0
56721432312233 1471962 0
56712343211123 1270281 0
56712341232113 965329 0
56423173133111 959563 0
56721343123331 1196715 0
56723411113313 1192390 0
56723411121113 1139819 0
56723412323222 975959 0
56723412122312 1442788 0
56723413222112 1520246 0
56723413221212 1499144 0
56723411131112 1509343 0
56723411222312 1516917 0
56732143122113 1752009 0
56723413331111 830229 0
56741231121311 1200044 0
56741231311121 898066 0
56741231131211 1903892 0
56741231211131 1218790 0
56741232111113 1014196 0
56741233111112 987588 0
56743212221222 1761416 0
56743212122222 1440629 0
56743213121312 1623716 0
57164322131312 1318827 0
57123461111111 1044806 0
56743213331333 1726821 0
56743213121213 1747601 0
57214361323232 1157946 0
57236141113232 1170627 0
57214632212213 2151628 0
57241631323112 1010946 0
57241631322113 883569 0
57236141322233 1183441 0
57236141323232 1700842 0
57264132111323 1304764 0
57246131112233 1427563 0
57321642311132 986155 0
57321641311112 1079942 0
57642311113322 1257703 0
61234572231323 1357251 0
57364212213311 1520333 0
57364212313211 1050998 0
61234573232213 993032 0
57364213332122 1248044 0
61235741313131 2017065 0
61257343232123 1220560 0
61453721111111 1307698 0
61352472233321 899394 0
61452731311313 1644707 0
61274532231323 1240551 0
61352472313211 2010414 0
61274351313131 1679699 0
61453721311112 1194963 0
61453723111121 1127211 0
61534721113211 1214752 0
61527431111111 1204508 0
61472533112111 1099721 0
61534721112311 989150 0
61534272311132 1532833 0
61472532123332 992596 0
61543271112311 1140302 0
61543271111111 1223314 0
62135472132131 1412959 0
62134572321323 1298860 0
61734523222331 1678787 0
61572432312323 1325442 0
62135471122121 1310257 0
62135473122131 774609 0
62135473131131 1597487 0
62135473123121 1472557 0
62135743222331 1321437 0
62135473132121 1180358 0
62135473232231 1462678 0
62135473322321 1264925 0
62147353123121 978810 0
62135743312223 2127944 0
62147353132121 1020820 0
62154733321121 1094987 0
62174351122133 1718411 0
62317453312211 1858746 0
62173543232132 1371990 0
62157342132212 1584546 0
62317453112111 1077894 0
62174533311212 1182343 0
62351743112123 2047770 0
62371453311311 1510331 0
62374513312112 1196154 0
62374513112321 1077939 0
62435172311132 2000229 0
62374511322311 954410 0
62435711222222 1128010 0
62435172211133 1942019 0
62453713311122 1771294 0
62471532232133 1208631 0
62735143223213 1627718 0
62543711311112 1168366 0
62475131322323 938639 0
62531472321233 1328153 0
62571432321233 1428846 0
62543711211113 1342838 0
63125743131233 1277542 0
63125741112323 2095790 0
63172452312323 718815 0
63142571111111 1025468 0
63142573112123 1533091 0
63125743133312 1382610 0
63172452313211 1885856 0
63142571132321 1911137 0
63247511123132 1213007 0
63174522332132 1248059 0
63471522123131 1159331 0
63251743133231 1801860 0
63452712333221 1363472 0
63452711311313 1045635 0
63471522332132 1365373 0
63471522323132 1284454 0
63512743313333 1834763 0
63472512123332 1238515 0
63542713121333 1973453 0
63574212313211 1427170 0
63714252123131 1306904 0
63712542221111 1143414 0
63574212123131 848186 0
63541271212211 1610264 0
63714522332132 1100440 0
63714521112323 1140099 0
63725141233121 1346490 0
63724153121213 1468501 0
63725142123131 1750043 0
63721541233322 1196237 0
63725141112323 1881198 0
63725142223133 1845342 0
63725143122113 2064664 0
63725143123313 2654390 0
63745123122212 939437 0
63741252222323 1313990 0
63741522123131 1388347 0
63751423122311 1772424 0
63742511232221 1242013 0
63751242221321 1393065 0
63752141122211 1198482 0
63752141111111 1387956 0
63752141123213 1198055 0
63752143212323 964988 0
63752142332132 1139369 0
63752411223212 1429866 0
63752143123223 1031287 0
63752143223123 1167425 0
63752411333213 1897779 0
63752412312323 1336809 0
64231572311132 1094630 0
63754213122122 1442184 0
63752412322112 1501109 0
64125371131313 2017611 0
63752412333113 1855690 0
64157321133212 3314181 0
64257131113223 1280891 0
64271533221212 1299193 0
64275133231112 1460602 0
64275131312123 1188103 0
64275132232133 1843268 0
64275133312211 1251751 0
64275131212223 1358595 0
64275132211133 1915240 0
64275311112332 1510953 0
64275311222222 1152910 0
64275313312211 1037434 0
64321572311132 1179099 0
64321572132131 1316017 0
64351272132131 1219544 0
64321572111131 1589570 0
64325713121222 2494134 0
64357213231322 1657098 0
64357212313211 1115696 0
64357213312211 1320073 0
64531273123121 1625837 0
64531273122131 1173262 0
64531272132131 1239195 0
64531273311311 1269693 0
64531271212211 1955531 0
64572131122223 1319614 0
64531273312211 832169 0
65132471212112 1161947 0
65123472312311 1197460 0
65123471233232 1260355 0
65132471222111 1261839 0
64713253112111 1083277 0
65123471112311 1180482 0
65132471323121 1293190 0
65132471231321 1483129 0
65132472131231 1093646 0
65132473323311 1186097 0
65132473111331 1075784 0
65132473313312 1072271 0
65132472212231 1420369 0
65132472233321 1550567 0
65132743222331 1192418 0
65132741223323 957904 0
65174232133313 1106020 0
65134721233232 1508864 0
65174232323312 1103237 0
65174232123131 1202379 0
65172431132333 1723255 0
65147321232113 1744067 0
65174233323212 1186016 0
65174233331213 1353154 0
65241371111111 1070690 0
65213741111111 1354563 0
65271341332331 1238285 0
65174322313211 1248938 0
65174323223123 1086223 0
65243712121322 1825492 0
65271432231233 1253449 0
65274131111111 1413379 0
65274131311313 938832 0
65274133132223 1259559 0
65274133312223 1129840 0
65274133232321 894460 0
65274132123332 1366511 0
65274131312213 1090213 0
65314272311132 857362 0
65314272313211 1814842 0
65321472111122 1360204 0
65417323232123 1025516 0
65417323223123 1035397 0
65423713321322 1385833 0
65417321232113 981286 0
65432173232321 1286169 0
65714323223123 1069588 0
65471231132213 1327367 0
67132541133311 2001778 0
67154233323332 1619250 0
65723143321313 1262669 0
65742311212313 826776 0
67145323133312 1369503 0
65732411333123 2595023 0
67215343333133 1908764 0
67231541323112 1382381 0
67245311133233 1131080 0
67245311112311 1685023 0
67254311131133 1565072 0
67231543323122 1328605 0
67245131313323 1104998 0
67234513332122 1381409 0
67312452233321 1291538 0
67254313311113 948252 0
67321451111123 1158149 0
67321451311133 983211 0
67312542221111 1651259 0
67321451112311 1388843 0
67321451212211 1882801 0
67312541121221 1236056 0
67321452111122 1173894 0
67321453113311 1521128 0
67345122223133 1728440 0
67345211111123 1250463 0
67321542232133 1286947 0
67341252222323 1395958 0
67345122232133 1883043 0
67342512222113 971114 0
67345211111132 1337801 0
67345211112233 893220 0
67345213111133 1467391 0
67345211211122 1446452 0
67345212111122 1313694 0
67345211113322 1313281 0
67345211311133 1406932 0
67354121111111 1158161 0
67354211313113 1751781 0
67354211212121 1082081 0
67354212111221 1020506 0
67354213111313 1198176 0
67354213131311 1304977 0
67354211333111 1694104 0
67354212212222 1254583 0
67354212311132 1413039 0
67354213313333 1028017 0
67354213211132 1382125 0
67412353332221 915488 0
67452313321232 1477596 0
67412531131133 1262095 0
67435123123121 894578 0
67412353132121 1201970 0
67435121332112 886820 0
71234563231322 1335827 0
71263541333222 1810510 0
71264533131323 1473679 0
71326451211311 1191860 0
71264533221323 1893706 0
71264533231223 1787782 0
71264533231313 2001789 0
71263542323123 2450644 0
71326543333313 1698578 0
71326453132121 1016461 0
71426353312211 1311877 0
71362453113311 1237420 0
71345262132131 1184472 0
71423563213232 1327654 0
71423653213232 1054594 0
71365423331312 1747366 0
71432561232323 1106360 0
71426533333223 1650580 0
71432563323122 1054600 0
71432561323232 945977 0
71432563323113 1020302 0
71432563332113 1150109 0
71432562111221 1316723 0
71432563232213 1048051 0
71435262222122 1333586 0
71435261322233 1475543 0
71435263211123 1441993 0
71435263333133 1990703 0
71435623333331 1724194 0
71435263333223 2065435 0
71436253333112 1809978 0
71435263311122 1632209 0
71452632222131 1534531 0
71452363213232 1030080 0
71453262222221 1297532 0
71453623311122 2107667 0
71462532111212 1297428 0
71456322111221 1316649 0
71456321322323 1101824 0
71462531113322 1643447 0
71462532121112 979184 0
71462533111223 1694178 0
71523463331312 1789086 0
71523463131311 1506617 0
71523463231313 1817493 0
71532463221332 1183006 0
71462533221113 1281341 0
71463523331222 1562491 0
71542633132322 1035486 0
71534262122222 1702198 0
71546322231212 1689460 0
71546233331213 1627544 0
71543623111121 1000778 0
71543622111131 915615 0
71562433123232 1139821 0
71563243221221 1328435 0
71625433213133 1986300 0
71643252231212 1701091 0
72143563222331 1021074 0
72136541322233 1117466 0
72143651121113 1254280 0
72134562312212 1443751 0
72143651131112 1491916 0
71643523331213 1714519 0
72143651312111 857876 0
72143651213111 859045 0
72145631233223 1172257 0
72143652111311 953517 0
72145633312223 1547037 0
72146352232223 1294323 0
72145633232231 1153079 0
72143653111211 950598 0
72163452122222 1705705 0
72163453121213 1315026 0
72163453131212 1728657 0
72165431113331 813506 0
72164353131113 1516543 0
72165432111113 1060542 0
72163453133333 1631559 0
72163453331333 1973108 0
72165432211112 1122719 0
72165432111122 1154667 0
72165432323312 1079329 0
72165433233323 1151177 0
72165433121333 928714 0
72165433221233 912445 0
72165433321223 1099333 0
72165433111112 1011057 0
72165433331213 1340931 0
72345611111111 1061634 0
72345611221223 1115526 0
72345611331332 1266314 0
72345611133113 784949 0
72345611222222 989134 0
72345612122111 1234119 0
72345612331331 766815 0
72345613333331 1002562 0
72345613221221 811318 0
72365412222212 1493980 0
72361453232333 854545 0
72356143211123 883509 0
72356141232113 1303259 0
72361542333233 1903778 0
72356141112323 957835 0
72365413131212 1614660 0
72365413121312 2089207 0
72513641233322 1422703 0
72531463321232 1434915 0
72513641232323 1277076 0
72365413331333 1081142 0
72435163333313 1408730 0
72516342313223 1678413 0
72534163211123 1206922 0
72541631111213 1434923 0
72541631111312 1356660 0
72541631112131 1060434 0
72541631113121 1248277 0
72541632131111 948687 0
72543162311111 941410 0
72541633121111 1239793 0
72543163211111 1069255 0
72543611221223 1493076 0
72543611223221 1665554 0
72543613133222 1984115 0
72543613132232 1974188 0
72543611331332 1748196 0
72543612331331 2013436 0
72543611332331 1965756 0
72543613223312 2216143 0
72543613221221 2117667 0
72546311323112 1341865 0
72546313323212 1399147 0
72561433221233 1933002 0
72561342313223 1601565 0
72561432213122 2198662 0
72543613322312 1864326 0
72561433321133 1741062 0
72561433311233 2445707 0
72561433321223 1609983 0
72563411111213 1115901 0
72563411112131 1458552 0
72563411113121 948380 0
72563412131111 852026 0
72563411111312 1570449 0
72643513212311 1184297 0
72563413121111 861052 0
73146522113231 857921 0
72643513212332 1178802 0
73246153312211 915316 0
73516243323113 1357102 0
73456123231322 1265253 0
73125463133132 1534469 0
73516243332131 1088082 0
73541262321212 1610962 0
73614251112323 1077461 0
73542613132121 1115557 0
73542163321133 1600221 0
73564213321322 1602145 0
73542613132322 1124194 0
73615241112323 1714220 0
73615241113322 1572436 0
73615242223133 2146060 0
73615421113322 1134385 0
73615243332311 1259453 0
73615423213211 1542394 0
73615243331312 1259295 0
73615243123313 2084448 0
73615243213313 2178977 0
73615423333331 1218923 0
73624513121132 2412662 0
73624513332131 1549405 0
73625412222323 1166686 0
73625143333313 1355851 0
73642511111111 1154570 0
73625141112323 1135888 0
73625143121213 1315251 0
73642511113232 1681142 0
73642511113322 1711452 0
73645211231111 1066073 0
73645211223113 847198 0
73645121113211 1461408 0
73645211321111 846520 0
73642513223222 1888917 0
73645122222311 1141278 0
73645211332112 1096760 0
73645213112231 1030470 0
73652413331321 1256410 0
73654122111122 1392161 0
73651241113322 1246279 0
73654122221111 1131544 0
73645213333112 1427435 0
73652413211312 1795216 0
73654211111132 1353154 0
74123563323221 971102 0
74123653133231 1691276 0
74123652322121 1867599 0
74123653133132 1864866 0
74123653133222 1845476 0
74125631313311 827632 0
74123653132232 2349202 0
74125632122111 1121368 0
74125632121121 1228936 0
74125633131233 1458502 0
74125633132232 1377274 0
74125633133222 1459145 0
74125632131111 1472624 0
74125633121111 1422751 0
74125632321332 941718 0
74125633133312 1794379 0
74125633332323 1111845 0
74132563131221 1942656 0
74132562122111 1257155 0
74132563132112 1623265 0
74132562121121 1349696 0
74132561321231 1288422 0
74126352333122 1615405 0
74136522322121 1727195 0
74152363132232 1603687 0
74156322122123 1249872 0
74152363133222 1803591 0
74152363133132 1640239 0
74156322122321 1224747 0
74156322313223 952268 0
74152363133231 1574361 0
74156323132331 1491401 0
74156323133123 1514586 0
74163253131332 1461898 0
74163253121111 1293495 0
74163252131111 1715530 0
74163252112211 897271 0
74163253133132 1517559 0
74163251121122 1332494 0
74163253133231 1568081 0
74163253133213 1590087 0
74163253332323 999221 0
74165231313131 1738506 0
74165231121212 1577192 0
74165231131313 1818596 0
74165231212121 1990053 0
74165232111212 2541710 0
74165232121112 1492993 0
74165232121211 1523529 0
74165233111313 2719397 0
74165233131323 1896591 0
74165233131113 1839329 0
74165233131311 2033145 0
74165233132313 1977665 0
74165233231313 2137744 0
74251633111313 1497391 0
74213652323132 1011333 0
74256311321222 2015727 0
74312652333332 1209664 0
74321653233323 1084303 0
74265312333233 1028943 0
74321563311131 1169483 0
74256313111232 3128609 0
74325163131323 1556568 0
74325612221222 1210703 0
74325613121312 1890085 0
74365211121221 1021746 0
74325613133333 1103936 0
74361253112132 1635451 0
74325613131212 1516130 0
74361253211231 1140123 0
74365211313113 1118531 0
74365211312111 892696 0
74365211213111 849618 0
74365213111211 1014511 0
74365212333332 1044710 0
74365211333111 1050650 0
74365212111311 900706 0
74365212222323 941026 0
74365213121333 1094243 0
74512361322233 1196006 0
74512362313223 1019073 0
74521633121312 1576551 0
74521633121213 1659869 0
74521632222212 1450443 0
74513263121222 2031122 0
74521633133333 1736271 0
74521633333313 1546341 0
74523611121113 1136971 0
74523611131112 1569588 0
74523611213111 907369 0
74523611312111 884337 0
74523613111211 973579 0
74532163123223 1447102 0
74523612111311 998648 0
74561231111222 1201928 0
74561232111113 1195246 0
74561232221111 1111738 0
74561233321133 884782 0
74561233111112 1305986 0
74561233131233 1188695 0
74561233233323 1089980 0
74561233311233 924955 0
74561233321313 1577079 0
74563211232332 1233185 0
74653213133222 1553359 0
75231463211123 1944716 0
75213642223133 1688888 0
75143263231313 1759071 0
75132463233233 1695102 0
75146321323331 1306252 0
75234162221111 1463293 0
75234161322233 1151323 0
75236143213232 1306481 0
75246131333312 1546864 0
75243611113232 1443801 0
75241632222323 1366100 0
75243613213232 1351663 0
75243162211322 2504619 0
75246313212311 1313449 0
75246313312211 1321549 0
75246311111111 2169276 0
75264132321212 1234275 0
75261432123233 1368875 0
75264132223331 1340937 0
75246313332332 1202311 0
75264132121232 1308644 0
75264311223122 1667075 0
75264133121333 1397120 0
75264133331213 1012316 0
75314621133221 931944 0
75314623113122 1127201 0
75264313231112 1805655 0
75312463333133 1458706 0
75314621313212 2196310 0
75316241231231 1778668 0
75321463132121 1152329 0
75321461311112 1068001 0
75346122133133 1358405 0
75346211211311 1244243 0
75346212323333 1224634 0
75346211311211 902364 0
75346211133122 1212852 0
75346213132121 1069963 0
75346213132322 1147866 0
75346213112132 1107155 0
75431263133213 1415939 0
75416323232213 1131822 0
75346213332122 1338356 0
75462132123212 1981074 0
75412631223332 979140 0
75613243131332 1361741 0
75613243133213 1425608 0
75634123323122 989986 0
76123453233323 1019818 0
76143252131312 1593779 0
75642132213311 1002301 0
76125343333133 1716644 0
75641323232111 1017703 0
76143253331333 1510301 0
76143253131212 1640986 0
76143252221222 1187106 0
76145231122112 1651939 0
76143253333313 1737462 0
76145231131112 1379548 0
76145231121113 1091997 0
76145231221112 1824829 0
76145232233213 1509158 0
76145232123332 923710 0
76145231311331 918313 0
76145232331313 1231922 0
76145232332213 1373875 0
76145233232333 1038868 0
76145233133213 1272687 0
76154323333112 1414801 0
76213543213133 1882385 0
76213543311332 1103904 0
76215341231231 1192717 0
76245311213312 1195169 0
76245311131121 903563 0
76231451123111 1048571 0
76215433333133 1483894 0
76245311121131 1035132 0
76245313123121 915036 0
76245312132131 1169155 0
76245313122122 1192770 0
76253141211332 1083624 0
76254133311323 1964428 0
76254313211111 1727305 0
76253141123132 1079745 0
76253413322312 1554725 0
76312453311311 1214946 0
76312452212111 2206188 0
76312453211111 1147920 0
76312542322121 1084075 0
76312542321212 1054646 0
76315241113112 1214051 0
76312543322222 1411221 0
76315241112113 1288063 0
76315241223113 1120017 0
76315241323313 1195699 0
76315241322122 954220 0
76315241332112 949635 0
76315243211231 1225180 0
76315243323323 1282041 0
76321452122123 1907529 0
76321452122321 1816730 0
76321452122333 1473159 0
76321452123323 1914028 0
76321452212231 2055777 0
76321453233131 1689837 0
76321453321133 1593981 0
76321452213122 1891468 0
76321453313312 2112219 0
76321453311233 2445006 0
76321453323311 2148752 0
76321543211111 968130 0
76321542211112 1405583 0
76324153323122 918887 0
76325411111213 1066415 0
76324151112323 1324054 0
76324151112233 1328595 0
76321543311131 1127202 0
76325411111312 1968682 0
76325411113121 935677 0
76325411112131 965723 0
76325412333233 1099436 0
76325412231212 1608314 0
76325411331311 1057361 0
76325411122121 952783 0
76325412112121 1160432 0
76341251111213 1367227 0
76325413222223 1071035 0
76341251111312 1393333 0
76341251113121 1132001 0
76341251112131 1117085 0
76341251311313 1214477 0
76341251221121 1093840 0
76341252232313 1089025 0
76341252323333 1094270 0
76341253233131 976786 0
76341253221212 1390692 0
76342511323112 1298509 0
76342513213112 1924841 0
76342511111231 877343 0
76342511111321 1128207 0
76342512232223 983616 0
76342513323212 1454305 0
76342513322111 1556554 0
76342513323122 1411704 0
76345122213311 1009205 0
76345122211112 1360142 0
76345123211111 1029726 0
76345122211121 1476129 0
76345122311111 1183062 0
76345123312211 923334 0
76345123311131 1348086 0
76345123311113 1135043 0
76351421113322 966060 0
76354121122121 1073542 0
76351421112323 1250579 0
76351423321232 1291597 0
76354121121212 1244610 0
76354122111212 1255558 0
76354121311313 1076832 0
76354121313131 1403836 0
76354122112121 1194479 0
76354123313333 1447683 0
76354123211132 1182916 0
76354122212222 1120949 0
76354123211123 1183157 0
76354212313322 1331839 0
76354212312233 1266999 0
76354212213323 1032687 0
76354213222223 1270552 0
76421351131121 926903 0
76354212333332 1288324 0
76354213312223 1201315 0
76512343213313 2554265 0
76514321232113 1201921 0
76512343332311 1681163 0
76514321112323 934589 0
76523413223231 1255980 0
76524313331222 1649024 0
76521433232333 860945 0
76541232221222 1493302 0
76541232131213 2296623 0
76541233333313 1331009 0
76541233121213 1575626 0
76541233331333 1221720 0
76543211332331 1076431 0
76543211212112 1193163 0
76543211333333 931879 0
76543211223221 878238 0
76543211111111 1969925 0
76543212132323 887464 0
76543212323213 830346 0
76543212222221 1134872 0
76543213113131 885820 0
