12345761111111 988201 0
12345672321212 1360925 0
12345672123212 1457809 0
12346571111231 971819 0
12345673131323 1338788 0
12345673231313 1509759 0
12345673132313 1880235 0
12345672121232 1393402 0
12347652123233 824903 0
12346751113133 1109786 0
12347652123332 1077618 0
12347561112212 1045254 0
12347651122112 1069999 0
12347651133311 919497 0
12347652111221 840127 0
12347651111111 1733766 0
12347652223232 743339 0
12347653132223 703704 0
12354671111111 1193137 0
12347653132322 711105 0
12354762121112 1272503 0
12347653332323 773474 0
12347653111133 914010 0
12354761112323 1703229 0
12354762311123 1026877 0
12354762121211 1137318 0
12354763211123 1053420 0
12354763131131 1020795 0
12356471113133 1082218 0
12354763133111 914690 0
12356741313131 1579752 0
12356741133131 1548259 0
12357461111222 1179168 0
12356743113131 1277290 0
12357641113331 969969 0
12357462211112 1103892 0
12364751112212 1088855 0
12364751113133 1080634 0
12357461113331 1196640 0
12364571112212 1176955 0
12364753311131 872108 0
12365471111111 1150949 0
12365472321233 1017832 0
12365473232312 909054 0
12365473332323 784890 0
12365471313113 894753 0
12365472223232 826086 0
12365471211122 1038084 0
12365741113331 1019896 0
12367451123333 1735771 0
12367541112212 1131191 0
12367453112222 1463166 0
12367451132222 1689885 0
12367452113333 1661272 0
12367451213333 1697461 0
12367451312222 2102432 0
12367541331131 1022385 0
12367541113331 1570334 0
12374651111222 1243020 0
12375641113112 1137515 0
12375461111222 1239514 0
12374562111212 1522182 0
12374561211212 1616120 0
12374561121212 1628015 0
12376451113133 1114191 0
12376451111222 1264588 0
12376541322233 1169648 0
12376541112323 1250482 0
12376542123212 862315 0
12376451221211 944234 0
12376542121232 916147 0
12376541232233 1634659 0
12376543133231 818476 0
12376543133132 942119 0
12467351231321 985072 0
12463751231231 1224048 0
12456733223321 974397 0
12467351131121 1105002 0
12456731233223 1062101 0
12456731132321 1689433 0
12536741112323 1121139 0
12473561132123 1059780 0
12543672121121 1030365 0
12537461332112 1063508 0
12543671211212 1185725 0
12543671331113 1070254 0
12543672321332 1014476 0
12543671111111 1363258 0
12543672322232 838389 0
12543672331232 974329 0
12543673231223 1003872 0
12543673221323 1000683 0
12563472131213 1132989 0
12543673233323 1089972 0
12546371221331 1107982 0
12543673111331 1019935 0
12564733323122 772455 0
12563473131212 1108376 0
12576343212221 1027443 0
12637451332112 912131 0
12645371131121 1169991 0
12643571321321 1042387 0
12567433232333 761728 0
12637451132111 1230013 0
12734561112323 1018140 0
12673542331133 1325025 0
12734562313223 713995 0
12734561322233 891314 0
12745632111122 892131 0
12745632222221 1027205 0
12745632212213 1384603 0
12745631111111 2940929 0
12745633131131 942651 0
12763452322232 806805 0
12745632232211 1279369 0
12745633323311 1033287 0
12745633313312 1016265 0
12745633313333 1006282 0
12753462231323 924636 0
12765432121313 1140462 0
12765432222212 1674496 0
12765433121213 1345959 0
13246571113232 1381878 0
12765433331333 1067205 0
13246571112233 900864 0
13246572321332 1170722 0
13245671321111 1221095 0
13246571111111 1548975 0
13246572331232 1119099 0
13254761322233 1273872 0
13246752133211 1101489 0
13246573221233 1111792 0
13254761323322 1283004 0
13254762321233 1051904 0
13247563212131 987097 0
13246573321223 1093259 0
13254763323122 885488 0
13267541111132 1269805 0
13267451122211 1121041 0
13257641112233 1240961 0
13267541232212 1172438 0
13267451311133 1005299 0
13265741112323 1857415 0
13265742131312 1032929 0
13274651112323 1582985 0
13275461112233 1112709 0
13275641112233 1445945 0
13275463213211 1015136 0
13275641112323 1646264 0
13275642131333 1145055 0
13275643212221 1053670 0
13276451113211 1663221 0
13276541133122 1113829 0
13276451233133 1300426 0
13276542323312 787726 0
13276541322311 1531708 0
13276541321123 1537666 0
13276541323112 980682 0
13276541213312 1376766 0
13276541323322 995212 0
13276543323122 899281 0
13462571111111 1048129 0
13546271321321 1223972 0
13542671231231 999467 0
13462572213311 1032390 0
13546271213213 916430 0
13546271231231 1484828 0
13527461211113 1157404 0
13572641122133 1477733 0
13576241312213 1687891 0
13645271221331 1008112 0
13642573221221 1216021 0
13627451332112 1027822 0
13576241321321 1047316 0
13642571223221 1463955 0
13642571221223 2347963 0
13762451321321 1010303 0
13647521111111 1021507 0
13675242331313 1067053 0
13764251211311 933525 0
13725642332132 940773 0
13675241112323 1253923 0
13754262123323 1955801 0
13764252323231 794143 0
14325672323222 728647 0
14263751131121 946206 0
14325672231323 827139 0
13765422121211 1285098 0
14267351321321 1141784 0
14325672112121 1020494 0
14275633323122 898334 0
14325671111111 3214297 0
14325673232333 915645 0
14327653121213 1119918 0
14352672212111 793358 0
14325673123232 848033 0
14356721112323 1022054 0
14325673311131 927064 0
14356721322233 1343624 0
14327652131213 1171987 0
14367252322232 711828 0
14367523311113 1356897 0
14527631211131 1082156 0
14527631133311 866640 0
14523672121313 1220431 0
14527631121311 956056 0
14523673121312 1312080 0
14527631131211 908542 0
14527631311121 1161021 0
14527632122213 1212626 0
14527633132322 942251 0
14537622231323 795589 0
14527632333332 920927 0
14527632212111 878597 0
14527633312133 804745 0
14536273311311 897914 0
14563272323222 671715 0
14567231312213 1403786 0
14625731322233 1126141 0
14625731131121 1056881 0
14625731111111 1150038 0
14573261333111 1210699 0
14567231321123 1385739 0
14625732112121 1178902 0
14625732213323 898608 0
14625732113321 1248313 0
14632571111111 1606157 0
14673251111111 1105463 0
14625732233111 970468 0
14625733133111 895650 0
14652733321331 859043 0
14632571321132 1152646 0
14723651111213 908890 0
14723651111312 1159623 0
14723651113121 875760 0
14723651211212 823788 0
14723652322121 654307 0
14723652331232 769262 0
14723651112131 935192 0
14723653232222 852494 0
14723653321313 889705 0
14723653313111 660136 0
14725361111123 982723 0
14725362211121 915792 0
14725363211213 1033057 0
14725361111111 982426 0
14725363213121 966023 0
14725361322332 1086868 0
14725363311113 1117950 0
14725363223213 1101560 0
14726531232122 1180737 0
14726531223122 1191915 0
14726533323122 759221 0
14726531233313 1027708 0
14726531333312 1105665 0
14726532232313 807209 0
14735621223113 916593 0
14735621221112 956793 0
14735621333222 1097039 0
14735621323112 1336119 0
14735621233112 1227303 0
14735621333111 1131089 0
14735621223332 1384866 0
14735621332112 1098166 0
14736251111132 1110257 0
14736251112332 971555 0
14736521213333 950683 0
14736521132222 1032912 0
14736521221313 1006130 0
14736521211212 880624 0
14736253222223 998977 0
14736521133131 1000546 0
14736521321231 1725006 0
14736521322233 1193070 0
14736523112222 1115337 0
14752363233131 939327 0
14752363232222 1015027 0
14736523113131 1086981 0
14752363222121 853460 0
14736521332121 1443037 0
14752631112311 1160966 0
14752631111111 1232305 0
14752631323223 1076442 0
14752633223123 982742 0
14752632332132 786445 0
14752633213223 973593 0
14752633223231 1053400 0
14752633222223 987778 0
14753261221112 982546 0
14753261323112 1422424 0
14753261333111 1127055 0
14762351331221 1158801 0
14762351321231 1353390 0
14762351221331 1162176 0
14763251222312 1717428 0
14763251221223 1808375 0
14763251333123 1716541 0
14763251332331 1815734 0
14763253133231 1214942 0
14763253132232 1159088 0
14763253133222 1293189 0
14763252322121 1374236 0
14763253221221 1508140 0
14763253133132 1169199 0
14763253222112 1687422 0
14763521113211 1124805 0
14765231113121 860176 0
14763521113223 1009551 0
14765231111213 1003392 0
14765231112131 974121 0
14765231111312 1040718 0
14763523222331 889254 0
14765232211211 625655 0
14765231133131 886900 0
15236473231121 757129 0
14765233323332 697703 0
14765233113131 950463 0
14765232331313 739197 0
15236471111111 1213036 0
14765232232322 634718 0
15243671331221 1099621 0
15246371331332 2445758 0
15246371332331 1391462 0
15324673113311 1498239 0
15246372331331 1086813 0
15342671211311 939154 0
15267431223113 1009954 0
15273641112323 1394180 0
15346271321321 982024 0
15367421211113 1262743 0
15426371111111 1093485 0
15463271313113 1153530 0
15367423211123 875600 0
15367421223113 942584 0
15624732123212 1152279 0
15426371112233 1063540 0
15624732133313 895471 0
15624732333332 847733 0
15627431332112 1005180 0
15634722321233 828290 0
15634722123332 1051071 0
15637423211123 923389 0
15627431223113 961784 0
15627431322113 1375237 0
15642372213311 821688 0
15642371111111 2510318 0
15642372331322 1047605 0
15642372231332 1091765 0
15642373212311 793651 0
15642373221323 1122251 0
15643271221331 1104257 0
15642373231223 1292812 0
15643271331221 1200633 0
15643273223111 953513 0
15647233213232 904546 0
15672433312133 1155885 0
15672341113232 1204143 0
15672341323112 1011865 0
15672343213232 851799 0
15672342323312 822866 0
15724362212132 1114591 0
15724631111111 1043208 0
15724631211311 1002202 0
15724632323231 862265 0
15724632323333 966305 0
15724631322233 1072409 0
15724632313223 806945 0
15724632123233 1071560 0
15724633132322 818915 0
15734622331223 1075770 0
15763242323132 748526 0
15746321323211 838724 0
15762342122213 1309493 0
15746321111111 1403156 0
15746322313112 646541 0
15763241111111 1265646 0
16243571231231 1200223 0
16243571132132 813231 0
16257433223123 809819 0
16243571321321 1152698 0
16257431132111 1120139 0
16245371231231 1133419 0
16254733312223 1810533 0
16273541122133 1665329 0
16275341312213 1436925 0
16273541321321 1448331 0
16275343122221 939949 0
16345271133131 875435 0
16345271222111 1013339 0
16342571331221 1129224 0
16327453232333 738212 0
16345271111111 2212967 0
16345272333212 718916 0
16345272322232 944680 0
16347253121312 1258315 0
16347252131312 1315583 0
16357421223113 1031563 0
16374521112323 1136938 0
16345273122323 914702 0
16345273233323 1168814 0
16423572112121 1166533 0
16374523211123 766708 0
16453272111131 977664 0
16427531211311 994664 0
16427531231321 1076311 0
16453271111111 1393069 0
16427532333233 1518467 0
16453271211113 971230 0
16523473332323 798370 0
16475233132313 1143094 0
16523741112212 1100201 0
16524731112233 1213680 0
16524731112212 1363517 0
16527341111111 1052156 0
16524731113133 1033863 0
16527431123333 1853919 0
16527431222132 1954114 0
16527431312222 2097829 0
16527432113333 1311537 0
16527432331322 1309810 0
16527432231122 1255474 0
16527432231332 1319401 0
16527432211322 1427914 0
16527431333213 2104167 0
16527432333113 1317398 0
16527433312133 1230082 0
16534271111132 956206 0
16532471111222 1221029 0
16534273211111 977803 0
16537421111222 927300 0
16534271111111 1169325 0
16534723211123 1263829 0
16537421113322 1001536 0
16537421113331 1161197 0
16537421223113 978513 0
16542371221331 1000487 0
16537421332112 981358 0
16542372112331 1394564 0
16537421233112 1420826 0
16542371331221 1109394 0
16543271223221 1529295 0
16543271221223 2961828 0
16543272331331 1136799 0
16543721113211 860332 0
16543721111111 1023444 0
16543273221221 1201948 0
16543271332331 1549289 0
16543271331332 2584493 0
16547233332323 778828 0
16547321113331 1325955 0
16723451122133 1050190 0
16572431111111 1126906 0
16572433213223 784120 0
16573241123123 1286466 0
16573241312312 979607 0
16574231113133 981198 0
16723451322311 1055396 0
16725431121311 948686 0
16725432211121 960551 0
16725431311121 926702 0
16725432232223 867773 0
16725431131211 967850 0
16725431211131 1176625 0
16725431211122 997796 0
16725433122212 945706 0
16725433113311 991408 0
16725433333232 805089 0
16742352232313 1093271 0
16745232121313 1035315 0
16735242122213 1255545 0
16743252323222 687179 0
16745232122222 1080683 0
16745233333313 1528840 0
16745233121213 1016819 0
17265433111313 1590393 0
17324561211323 1170512 0
17246351111111 1018835 0
17324561232332 800580 0
16753241221112 1118977 0
17326452212111 1645574 0
17356242211331 1532212 0
17356241212313 934314 0
17362451211311 793140 0
17425631122112 1042785 0
17364251231231 1193532 0
17362452213311 1293277 0
17362451231321 900654 0
17423653213232 824590 0
17425631223113 936502 0
17425631313113 1056324 0
17425631323223 967773 0
17425631332112 1039007 0
17425631322332 1392675 0
17425631323112 1162537 0
17426531112233 1091340 0
17425631322113 1127954 0
17426531132312 1133684 0
17426531121212 1118737 0
17426531223221 891472 0
17426531331332 1014432 0
17426531313131 1187729 0
17426532121211 877603 0
17426531213123 1348512 0
17426531232233 1406581 0
17426532331331 806816 0
17435622211133 1483249 0
17452363213232 792715 0
17436521323232 930808 0
17452633213232 1264060 0
17453262211133 1181908 0
17435623211123 1325043 0
17452363322132 831538 0
17463251122112 995940 0
17462352213311 1094998 0
17526431131121 977357 0
17463251323112 1178482 0
17463251321231 1029128 0
17463251331221 1026095 0
17463251313113 1037095 0
17463251221331 888278 0
17526432123233 1157914 0
17526431231321 1038813 0
17642533312211 715907 0
17543261132111 797381 0
17543261111111 1297138 0
17643251122112 1087183 0
17642531112233 1200994 0
17642531111111 1016935 0
21345671111111 1054871 0
21345762223322 1380725 0
21345762312323 1380123 0
21354671122112 885751 0
21345762313223 1069425 0
21346752313322 1404825 0
21345763332233 1302581 0
21347562312323 1737172 0
21354671221112 928761 0
21354671131313 1090986 0
21354761112233 1146906 0
21354761112311 777825 0
21354673131113 1009264 0
21354672311123 1304824 0
21354672311132 1427179 0
21354672313211 3138432 0
21354761113322 813221 0
21354761113211 1165043 0
21354762213311 947104 0
21354763312211 876622 0
21354761133311 855451 0
21357463213331 1161328 0
21357462311111 1585579 0
21354761122211 1415322 0
21364752311111 1152283 0
21357642221132 1168964 0
21364753212212 925244 0
21367451311331 936280 0
21367452112112 901578 0
21365742221312 925656 0
21365742312323 1300313 0
21374653333121 1285118 0
21375463333211 1192829 0
21375462312233 1038622 0
21376541111123 927092 0
21457631321123 1362262 0
21376541112311 870134 0
21376541131133 949534 0
21473563331312 1347337 0
21376541122211 1245908 0
21654372231323 1196061 0
21536742222131 1097450 0
21654372233321 1093498 0
21734652123131 703012 0
23147562123131 1133530 0
23147651112323 924145 0
21654373332221 932158 0
21654373332122 1192081 0
23147652312323 865875 0
23156471222132 849203 0
23156471333132 924704 0
23164752131312 1223226 0
23164573213133 968321 0
23156473323332 800515 0
23157461231333 1450578 0
23157462131123 1382245 0
23165471311133 873164 0
23164753333313 1188624 0
23165471111111 1012987 0
23165472111122 824093 0
23165471312132 866813 0
23165472311111 971966 0
23165472132332 1233758 0
23165472111332 808382 0
23165741112323 1344573 0
23165741231312 1757445 0
23165473233221 1130497 0
23165742123131 1187689 0
23165742131321 1583205 0
23165742312323 1307746 0
23165742131333 1928711 0
23165743331312 2327998 0
23174652123131 1039967 0
23167541233322 1320836 0
23167542131222 1286628 0
23176453332233 1449294 0
23175463211222 847305 0
23176452132221 1084390 0
23416752121211 1127923 0
23417563232123 873337 0
23456173233122 1106874 0
23456713212332 1181610 0
23456173212332 1129620 0
23475162121112 1137846 0
23657142121112 1228415 0
23576412233321 746067 0
23576412312323 797947 0
23517462131333 1545562 0
23751461132123 914710 0
23674153232321 692432 0
23671452122333 1822123 0
23751463112321 702641 0
23756143222331 898810 0
23756413223312 1398325 0
23756413222112 1439340 0
23756411222312 1419137 0
23756413322312 1469262 0
24157361313212 780852 0
24153672321233 1100759 0
24173652323231 853949 0
24315673311311 1552524 0
24315761122322 1253854 0
24157362323111 949226 0
24167353132232 1673895 0
24351671212211 1380908 0
24315762213323 1152400 0
24351673111133 1413431 0
24367513111121 800624 0
24351761212232 1157797 0
24367511323112 1390581 0
24351673311311 1633069 0
24351761111123 2109593 0
24376512222122 1402846 0
24516732233111 1159357 0
24531673123121 1340480 0
24561372111131 1214514 0
24536713231232 1104572 0
24537613231322 1426657 0
24563712121232 1395726 0
24563711121212 1329344 0
24571362221213 1256925 0
24571631121212 1181276 0
24563713121222 1748976 0
24615371112332 985376 0
24615732111323 1586115 0
24615731122313 1742669 0
24615372213311 2128161 0
24615731132333 2354069 0
24615732213311 1231996 0
24615732233321 1419294 0
24615733113323 1870535 0
24617532233321 1548804 0
24615733311122 1151794 0
24637512311132 1487663 0
24651731333333 1052905 0
24651731113223 1020033 0
24715363311332 1170400 0
24715631111111 1017586 0
24715631122121 1228310 0
24715633131131 1119871 0
24715632313223 835845 0
24715631122133 934949 0
24715633112111 885617 0
24716532323231 1372911 0
24736512222332 1695906 0
24731562311231 787026 0
24731561111111 1778431 0
24761531221223 1452892 0
24765313222112 1192112 0
24763151111111 1000660 0
24751362321113 1937447 0
24751362221231 2261599 0
25134672312323 821314 0
25134672313211 896946 0
25134672233321 986359 0
25163741112323 1135482 0
25137461211323 613897 0
25137461111111 1038690 0
25314673111331 2157286 0
25314673111313 2228930 0
25341762313223 1415061 0
25314673131311 2248698 0
25341673113311 1548705 0
25364173223231 799150 0
25367411211122 1082807 0
25413763121222 1071871 0
25413672323111 1595372 0
25364172311231 1793578 0
25436711311313 875655 0
25436712123122 884278 0
25436712123332 923890 0
25436713332122 852585 0
25436712132122 895686 0
25436713232321 1183356 0
25463713212332 1370708 0
25436712323231 919661 0
25471362323132 929074 0
25471631312213 1711620 0
25631741212121 1718675 0
25641371213132 1126946 0
25634713321232 1144839 0
25714632223331 1056168 0
25714632123131 1198145 0
25714632313211 2905098 0
25716431212223 971325 0
25716433223213 1124757 0
25714633121333 1265653 0
25734162221111 966213 0
25736141111123 1224250 0
25734613113323 1254842 0
25731642232211 1707234 0
25736141233232 1413216 0
25736411231321 870138 0
25736411133113 1212240 0
25736411321312 1208572 0
25736413123112 1246884 0
25741361232113 1103555 0
25736411331113 1157342 0
25741632312323 995105 0
25741632222323 1051107 0
25743611233232 1175742 0
25763142223133 1264537 0
25763411332322 989319 0
26135742213323 1101168 0
26153471122121 1147481 0
26135742332312 1302930 0
26135742132221 1270490 0
26153473131131 1191699 0
26175432331133 1401741 0
26153473132121 1004224 0
26154372332213 2402540 0
26415732121223 891108 0
26371453112111 815887 0
26345711223113 676276 0
26415731322323 925198 0
26317451212211 1916612 0
26435712222122 1999784 0
26415732233321 1198604 0
26435712233321 1283043 0
26435713333133 1206413 0
26435712311132 1338128 0
26435713311122 1422087 0
26437512122312 969204 0
26435712322322 2009800 0
26513471122121 928539 0
26453172211133 1406628 0
26453711333333 926895 0
26543171111111 894288 0
26534713333313 1353853 0
26547313131323 1446596 0
26543171123111 858607 0
26517343333313 1425506 0
26573413331312 1338331 0
26714532121133 1079630 0
26714531212133 1239203 0
27154632311132 757278 0
27134561131133 1173969 0
26715433231322 955101 0
26741351232113 819489 0
26743512121232 1425508 0
27415363131113 1227361 0
27314652313211 1166034 0
27365412321212 1596623 0
27416532133232 999638 0
27416533321232 1121539 0
27435612122222 911484 0
27415633321322 1288522 0
27415632323231 1366302 0
27453161123111 912607 0
27453161132111 870873 0
27456133132223 1149213 0
27534161111111 979863 0
27534612311132 1236645 0
27534161111123 1166041 0
27516341111111 996945 0
27534162311111 1032953 0
27543611111132 1009781 0
27543611111123 1386410 0
27536412332312 1558955 0
27613543333133 1573591 0
27614353311332 1336379 0
27615431312333 1114676 0
27615432113321 1396563 0
27546312231122 2041424 0
27634512233321 1150521 0
27634511131133 900179 0
27615433313213 1084412 0
31246753312211 1524972 0
31247651323232 1145495 0
31247651113232 992788 0
31256471231222 932052 0
27643513311233 1700146 0
31257462312311 1013365 0
31257643311122 1153098 0
31257462222221 1049336 0
31264752132122 899047 0
31264572122213 1019115 0
31264573132313 897036 0
31264573222223 954081 0
31264752313121 1551862 0
31265471122112 887575 0
31265471122133 1070357 0
31265471111111 1171951 0
31265471321111 880780 0
31265472233321 1238825 0
31265472312233 990447 0
31265471313113 941196 0
31265471312213 949158 0
31267542222233 1278005 0
31265741233331 1221532 0
31267542313133 1732607 0
31275461112233 1357716 0
31275461322233 1452134 0
31275462311213 1640520 0
31275462133211 1070823 0
31275462223211 1188804 0
31276452133322 866041 0
31275463311122 1503178 0
31275462312212 1646828 0
31276452313313 1239829 0
31452671332232 1044001 0
31456722111221 1157281 0
31452671323211 709018 0
31452672322331 755574 0
31462751113322 1076176 0
31462751111111 1122170 0
31475261322233 938829 0
31527643332122 965279 0
31564272212111 1332169 0
31475262331313 1462764 0
31475262333221 1227844 0
31524673332122 1751877 0
31564272213311 1135244 0
31572461122133 1056751 0
31564273113311 815834 0
31624753312211 814818 0
31627452221333 1253912 0
31624751112233 960917 0
31654272313322 1642771 0
31754621331122 1654314 0
32145671123333 825884 0
31765242322121 1542837 0
32145671111111 1406106 0
32145672113333 846737 0
32145671132222 1028896 0
32145672212222 774917 0
32145671221112 990022 0
32145671333333 1190800 0
32145673311113 886002 0
32146751232323 1085896 0
32145673112222 736778 0
32147562313223 718260 0
32147651132222 1588466 0
32146752232223 1335884 0
32147651123333 1475474 0
32147562333233 1752862 0
32147652113333 1418024 0
32147651312222 1472037 0
32147651213333 1664954 0
32147652231332 1488150 0
32147653112222 1529809 0
32147652331322 1607737 0
32147652233213 1833846 0
32147652332213 1876597 0
32156471111111 1045944 0
32156471232332 1132529 0
32156471113211 952895 0
32156472332321 947272 0
32156472333332 1292939 0
32156472332132 1200669 0
32156472312332 711444 0
32156473223123 881782 0
32156742313223 1198761 0
32156742311123 962004 0
32156741112323 1644124 0
32164571111231 727191 0
32157642231323 1258862 0
32156742333131 955324 0
32157641232323 1263461 0
32164571111111 1003361 0
32164571232323 989395 0
32164572232223 1358239 0
32164572232313 1161295 0
32164573323212 858522 0
32165741111132 887162 0
32164572312323 914800 0
32164572233321 1132382 0
32165741111111 1244544 0
32165742331112 976533 0
32165742211112 1037610 0
32165741233223 1134238 0
32167451213333 790806 0
32167451222222 1097552 0
32165743311131 794156 0
32167451312222 717612 0
32167451111111 1071369 0
32167453222313 755251 0
32167452211121 751275 0
32167451333111 1003890 0
32167453321232 708316 0
32167453313333 756767 0
32174561232113 1357865 0
32174561112323 1078849 0
32174561232233 1428570 0
32174562231212 1222484 0
32174652312332 839374 0
32174652332132 984441 0
32175462233111 1138785 0
32175461111111 1057588 0
32175461333111 1119800 0
32175461221112 886627 0
32175461113112 856577 0
32416753121222 1442425 0
32175462312323 1027253 0
32417562113321 1684612 0
32451762331121 786751 0
32417653132121 782648 0
32417652132131 886422 0
32456173212332 1383033 0
32456711233133 1719430 0
32465172133121 986387 0
32465172132131 762173 0
32465172112121 872317 0
32465173123121 738750 0
32465173233221 1165393 0
32465173133111 809003 0
32465172332321 1055353 0
32465173132121 1060149 0
32475163331222 1212706 0
32476513232231 888409 0
32475161232323 1182836 0
32547611131112 1129957 0
32517463131311 1617684 0
32547611121113 1126452 0
32546713323212 1213994 0
32547611213111 707461 0
32547611312111 904797 0
32547612111311 795171 0
32547613111211 781749 0
32561471121311 1148268 0
32561471113133 931449 0
32561471131211 1019153 0
32561471211131 1046492 0
32561471122211 1089945 0
32561472213122 899603 0
32561472133313 1066793 0
32561471311121 995279 0
32567412122222 1110311 0
32561473222223 806957 0
32561473323212 960673 0
32567412131312 1713864 0
32567412222212 2126461 0
32576142313223 942787 0
32567413133333 1108314 0
32567413131212 1350340 0
32647153132121 747254 0
32615473332122 906587 0
32647152133121 1087979 0
32647512333233 1401475 0
32657143121213 1378870 0
32674152113333 1676928 0
32671453123313 1388792 0
32657412111212 1329163 0
32714652332132 1054070 0
32741651131211 1270814 0
32741651211131 786556 0
32741651121311 1346730 0
32716452123212 1467120 0
32741651311121 802409 0
32741653111112 819007 0
32741652111113 834892 0
32754163211123 758140 0
32745612313322 1146397 0
32751643321232 1029544 0
32745612322331 928066 0
32745611223332 1127473 0
32756141233121 1178033 0
32761452122222 987108 0
32761452121313 1343048 0
32761453133333 1007665 0
32765411112221 816380 0
32765411121113 966187 0
32761452222212 909147 0
32761453121312 1768602 0
32765411331113 1024200 0
32765411131112 1244095 0
32765411133113 1037779 0
32765413231223 954484 0
32765412221312 1264530 0
32765413223312 1256643 0
32765412323222 863818 0
32765413122212 1237742 0
34125672131213 1339693 0
34125672131312 1525899 0
32765413322312 1252207 0
34125672221222 907262 0
34127651213111 851638 0
34127651131112 1317543 0
34125673133333 1576917 0
34127651121113 956687 0
34127652111311 733435 0
34127651312111 735005 0
34127653111211 744815 0
34165271211131 1090557 0
34165271112212 927150 0
34165271131211 1353409 0
34165271121311 1045012 0
34162752132212 2104989 0
34165271311133 797855 0
34165272323333 856836 0
34165271311121 693747 0
34167252213323 1030492 0
34172562132332 1574766 0
34165273133312 1574741 0
34165273311131 735604 0
34165273222322 766104 0
34172562313331 995779 0
34175263321232 1040407 0
34216572213122 1527560 0
34261573123121 1031796 0
34275161312213 1026351 0
34261572132131 960861 0
34261572133121 1043145 0
34265712212132 1482389 0
34275162213221 1057333 0
34275162112322 1164192 0
34516271111111 930081 0
34521672223232 1012486 0
34526713232312 1136434 0
34516272312332 1082680 0
34516722313223 1311891 0
34517622231323 1069549 0
34527612231122 1488125 0
34527612211322 1568533 0
34527612231332 1672768 0
34527613312133 1358126 0
34561272122321 1359444 0
34527612331322 1675702 0
34561272212213 1876448 0
34561272122123 2159271 0
34561272213122 1410407 0
34561273221233 1456135 0
34561272232211 1761072 0
34561273233131 1312551 0
34561273321223 1494570 0
34561273321133 1477236 0
34561273311233 1474568 0
34561273313321 1710089 0
34561721111111 1118480 0
34562171321231 969954 0
34562171321111 968923 0
34567212223232 1097445 0
34617252111212 1218589 0
34562172232313 1071871 0
34617252132212 1518688 0
34617252123212 1438826 0
34617522221333 1111816 0
34625172111212 1433102 0
34621572132131 1068115 0
34715262221123 1372710 0
34627512232313 863906 0
34651271123111 1083863 0
34675212222122 1395677 0
34651272332132 816960 0
34721652131213 1214884 0
34721652121313 1375613 0
34716522223211 1666435 0
34725611212211 860285 0
34725612111113 965926 0
34721653333313 1284153 0
34721652221222 1545778 0
34721652222212 1397325 0
34725612231212 1180219 0
34725612231332 1097152 0
34725612121322 1167886 0
34725613132223 1048253 0
34725613111112 1176916 0
34725612322232 969230 0
34725613111133 1016457 0
34725612331322 939268 0
34761252323222 706104 0
34725613311113 892275 0
35126741232212 1466142 0
35162472123233 1046526 0
35126742231233 1297384 0
35162472122231 881686 0
35162473122221 1057398 0
35127462331331 1525691 0
35162473332122 1126411 0
35162473323131 855622 0
35162473332131 1106303 0
35174262213131 1125190 0
35167242132212 1336453 0
35172461232323 1075269 0
35162742213323 1289082 0
35174262231113 1315920 0
35246171111111 887467 0
35246172213311 1008925 0
35246171113322 750520 0
35416721113112 1046830 0
35267141223233 950913 0
35271461322233 1009923 0
35416723232213 1026849 0
35267141321132 1956002 0
35426712131132 939114 0
35426712311312 1215783 0
35417622223133 1365359 0
35461271111231 1212550 0
35461271321231 814027 0
35426713131113 822396 0
35426713111313 1134836 0
35426713312211 1002518 0
35461272222323 1065665 0
35462171131313 851280 0
35462171212121 1104079 0
35462171332331 1017351 0
35462171221223 764813 0
35462172213311 1018959 0
35462172223331 867262 0
35462172312131 1252407 0
35462173123211 939839 0
35462173131311 947470 0
35462173221221 935702 0
35476122221111 1204550 0
35614722321233 1138889 0
35472163231322 957673 0
35472163222313 998208 0
35462712322322 1306513 0
35617423131332 1082851 0
35624712121232 1434517 0
35624712321212 1623680 0
35762142222113 1398326 0
35714623111322 1333921 0
35624712331232 1388725 0
35624712321332 1584430 0
35721642221213 1908929 0
36125471213111 857983 0
36125471212112 1364597 0
36125471111333 739562 0
36125472121223 843063 0
36125472111311 857294 0
36125473111211 901735 0
36125471312111 905385 0
36125471222111 1500444 0
36125473323233 780085 0
36125743222331 1450938 0
36125473232222 1113238 0
36145272122222 1136024 0
36145273333313 1339629 0
36145272131312 1181335 0
36127451333222 928490 0
36145272131213 1746060 0
36147251121311 1084915 0
36147251211131 935302 0
36147251131211 1417431 0
36147251311121 791021 0
36147252111113 978235 0
36147253111112 814816 0
36152741231312 1513900 0
36152742131321 1171329 0
36217541223311 895482 0
36217452131333 1528746 0
36172452133133 1690216 0
36241753212311 1027147 0
36217543213112 763515 0
36241573212332 1007862 0
36415272123212 1238415 0
36417522123311 1060066 0
36521472331121 984996 0
36521472113321 962105 0
36514272212111 1727183 0
36527411131133 833371 0
36527412211322 1159668 0
36527412111113 899837 0
36527412131222 1120723 0
36527412221312 1240769 0
36527412231122 1025784 0
36527412322232 893622 0
36527413111112 1309279 0
36542712121322 1419762 0
36541272323222 733975 0
36527413311311 727430 0
36547212121313 1382568 0
36547212122222 1396427 0
36547212221222 1277540 0
36547212131312 1301304 0
36547213331333 1247721 0
36712542121112 1263051 0
36712542122111 1291050 0
36714252232223 685227 0
36712542121121 1542405 0
36712542121211 1811562 0
36714522122213 917262 0
36714521232113 1367881 0
36714522121322 1430585 0
36714523132322 819655 0
36721451131331 874836 0
36721452122123 896228 0
36721452121322 848158 0
36714523132223 912055 0
36721452122321 811747 0
36721452131111 859935 0
36721452122213 1048557 0
36721453113113 960275 0
36721453121111 1176067 0
36725411131313 1278515 0
36721452223232 940460 0
36725411121212 1572681 0
36725411212121 1450475 0
36725412111212 1647155 0
36725411313131 1833564 0
36725412121112 1614911 0
36725412123212 1717815 0
36725412321212 1672463 0
36725412121232 1835787 0
36725412121211 2267256 0
36725413111313 1503403 0
36725413131113 1326171 0
36725413131311 2480280 0
36741252123323 1335544 0
36741252122123 1587553 0
36741253233131 1665364 0
36741252122321 1722940 0
36741252122333 1604989 0
36745212122312 1295601 0
36745212121223 1060119 0
36745211211221 702646 0
36745212223232 1052214 0
36745213121111 969475 0
36745212131111 732267 0
36745212122333 702843 0
36745212123323 885795 0
36745213133111 713651 0
36745213232213 699827 0
36745213131131 716513 0
36752143132232 946656 0
36751243222322 1012352 0
36752142122132 1087801 0
36752143133222 876883 0
36752142123221 1035009 0
37246511112233 940370 0
36752143211132 1053569 0
36754123232222 1827633 0
37415622333221 1285004 0
37256142321233 1277638 0
37516422333311 1137636 0
37426513132313 1221700 0
37452162323312 1248338 0
37561241311112 909285 0
37612453122233 851743 0
37612542221111 1099363 0
37614521323232 972062 0
37614252221123 1154320 0
37614521111111 1101260 0
37614522111221 897196 0
37614522113321 1121121 0
37614522323312 1052620 0
37614523232213 1032554 0
37614522313322 1173762 0
37615422313331 1284029 0
37615421113322 1347103 0
37615422313121 1234393 0
37615422223133 1288006 0
37615422211133 1355278 0
37624152311213 1177705 0
37615423121132 1414228 0
37624511232233 1114787 0
37624513131323 898558 0
37624512231212 1093001 0
37624513231313 928889 0
37641252222323 1185106 0
37624512121322 1241964 0
37645122312221 862371 0
37642513122221 1138250 0
37642152213311 1437045 0
37651242211133 1468324 0
37654212311222 1280258 0
37652141113232 1008769 0
37651422312311 1515591 0
37652143231322 913714 0
41237561313131 1497490 0
41263751312222 1572673 0
41236753232321 843132 0
41325763131233 882884 0
41352671212121 1366402 0
41325671212211 1075179 0
41352671212112 1418993 0
41325762313223 1342307 0
41357622313112 956003 0
41352671222111 1444538 0
41367253111133 1256458 0
41563273113311 1092646 0
41576322212222 1283276 0
41532761233133 1249628 0
41532672313211 1977421 0
41625372313211 3289683 0
41625373121213 903052 0
41625731222231 1314349 0
41635721212121 1613507 0
41673521111111 839071 0
41673252212222 1277897 0
41723562313211 1284639 0
41657321222312 1166942 0
41725361232113 1168108 0
41725362221213 1281128 0
41725361321213 1435789 0
41725362313211 1464106 0
41725631111111 1245304 0
41725363121222 1482258 0
41725363121231 1540611 0
41725631211122 1039628 0
41725362313223 1613464 0
41725633121123 906197 0
41725632322331 1399327 0
41725633111133 896557 0
41725633211111 1091207 0
41726352313322 1244962 0
41735262312233 1322196 0
41735261323313 1475810 0
41726532312233 1536091 0
41735622313322 1559029 0
41735263123223 1017525 0
41735621233232 1137397 0
41752632312323 1068405 0
41736522332231 1183058 0
41736521233232 1273552 0
41752631222123 1004257 0
41752632311123 1144205 0
41756231321213 1426804 0
41756233121231 1294700 0
41752632313211 3455334 0
41762533123331 1239913 0
41765322221312 993583 0
41765231233232 1031848 0
41762532221333 1236005 0
41765322313211 2102964 0
41765323122212 963801 0
42136752131312 1428324 0
42137561123333 1217906 0
42163751121212 1435010 0
42157633231322 1406525 0
42137653122131 871792 0
42165373223123 732812 0
42137653132121 860556 0
42351671212211 1141743 0
42167532131333 1556371 0
42315673112111 950247 0
42367153211123 843915 0
42561733323122 836838 0
42367153111121 818426 0
42516372233111 1257934 0
42351763231133 1840874 0
42613572313211 1123514 0
42573613322231 905962 0
42573612323231 1011644 0
42615372313211 1394074 0
42615372213311 1442390 0
42615372221213 1367334 0
42651372213311 1044232 0
42615371313332 1764388 0
42651733311122 1189019 0
42751632321233 1195243 0
42673512232133 1361968 0
43126572133313 1395444 0
43176252311132 870619 0
43167251232212 1190779 0
43176252123131 963661 0
42751632323231 957857 0
43216573132223 974571 0
43216573132121 922471 0
43216573212311 972435 0
43571262122222 1179253 0
43512671313332 1169361 0
43561271111111 821870 0
43527612312323 1040852 0
43216573212332 1467363 0
43572612312323 1263673 0
43576211123222 1225935 0
43572161111111 1005603 0
43615272113321 1056003 0
43615271333312 1131311 0
43621752213323 1488217 0
43576212112232 1633612 0
43617521223221 1684965 0
43651722323132 1105315 0
43675211221331 917213 0
43675122222122 1745388 0
45167323322231 858997 0
43751623123313 1122136 0
43721653231313 936061 0
43765212222122 1775136 0
45176231131313 2120735 0
45176231331113 2121632 0
45176231133113 2205960 0
45176233131113 2464951 0
45273162222122 1439689 0
45276131131133 1538379 0
45312671222312 822224 0
45213672221123 1395759 0
45176321131133 1978225 0
45312672233321 1021154 0
45312672223331 1041905 0
45312672313211 2668421 0
45312761133311 1154334 0
45312673222112 927202 0
45312761113211 1199380 0
45312673231313 1448622 0
45312673132313 1629450 0
45312762221111 1525656 0
45321671212211 1032405 0
45312762311111 1223452 0
45367122223133 1250545 0
45321671221121 916095 0
45327612222323 1313525 0
45362712122222 1475678 0
45321673113311 1646536 0
45367211111132 1171995 0
45367213111133 943602 0
45367211211122 1246035 0
45376213333322 962178 0
45376121331311 1134714 0
45376211333123 967379 0
45376213131323 1227400 0
45376121131133 1646309 0
45612372331121 1165255 0
45612373112231 1011299 0
45612371133221 1278901 0
45612373332122 976654 0
45612373322111 927962 0
45612373132223 1036319 0
45612373132121 961958 0
45612373332221 987038 0
45621373123331 982094 0
45613272233111 1393089 0
45613271331221 896960 0
45623712332123 967558 0
45623713322321 784497 0
45621732212123 1240774 0
45621732233333 1486562 0
45621373211111 1646950 0
45637123332122 807415 0
45671231132231 898734 0
45637123132121 924185 0
45713623223132 885158 0
45673213211222 1128797 0
45671233112132 916196 0
45721363321313 976173 0
45673212212132 1254461 0
45732612233321 825702 0
45721363322231 976915 0
45736121122211 1257378 0
46123573232123 1368709 0
46127351131313 1214312 0
46125731333123 1172354 0
46123571111111 808561 0
46127352131333 1908056 0
46153273131131 1781277 0
46127353131323 1424505 0
46135272133313 1451484 0
46157233333232 963152 0
46215372121223 1160558 0
46257132211133 1287177 0
46157321331233 1241988 0
46215372313211 1543989 0
46273513221212 1007566 0
46273512122312 1134604 0
46257313312211 1835265 0
46275312313211 1258927 0
46275312232133 1288432 0
46275311123222 1183838 0
46275312132212 1660842 0
46275312112232 1916418 0
46275313312211 1356527 0
46275313121222 1223372 0
46321752111131 1175418 0
46372511221331 1000489 0
46375211211332 1038374 0
46375212113111 889173 0
46352171211233 921588 0
46352172113231 851858 0
46375212332222 1000141 0
46375212132221 900570 0
46375212132131 820982 0
46512371331221 990527 0
46512372113321 1292057 0
46375213123121 1074321 0
46375213112111 1160108 0
46375213333121 850921 0
46523711331332 1331580 0
46513272332111 810285 0
46513273113221 832442 0
46527133111121 828379 0
46572312132122 1110179 0
46721533123313 1093591 0
46572311223122 1326092 0
47123562232133 1694460 0
47126351233232 1523505 0
47123651233232 1040887 0
47126532133133 1597758 0
47132563222331 1233613 0
47135622132332 1253723 0
47132652233321 1485407 0
47132562311111 1244912 0
47136252133112 1922552 0
47156231332313 1284781 0
47152361233232 895736 0
47152631322131 1166173 0
47156233322312 768803 0
47156233211132 960008 0
47156321111111 1081948 0
47156233223312 794989 0
47156233233113 1062391 0
47156321133311 1191383 0
47156322132311 1074731 0
47156322313232 1003190 0
47156322332132 940604 0
47156323223123 781720 0
47162351322122 1072993 0
47163522131222 1146618 0
47156322332312 957107 0
47165322132212 1819273 0
47165321322131 1721413 0
47165321232113 1223614 0
47251363131113 1436880 0
47165322313211 1313626 0
47165322232133 1584061 0
47216352131333 1871010 0
47165322133112 2050673 0
47256133321232 1058172 0
47256133212311 850141 0
47251632131312 1364391 0
47265312122222 1120571 0
47352612123131 743105 0
47265312131312 1178537 0
47321651311133 914320 0
47265312313211 2358756 0
47352612311132 1123689 0
47352612313211 1344502 0
47512632312323 926877 0
47632152233321 854922 0
47632153232321 807791 0
47632153212311 934169 0
47621533231121 848944 0
47621532232331 1095266 0
47652132231323 1143184 0
47653213211231 1271788 0
47632513212332 1590674 0
51264732213311 861647 0
51324671211122 828896 0
51264731113322 755362 0
47653213232111 697694 0
51267342312233 1642263 0
51324673113311 1226088 0
51324761111123 995354 0
51324672212111 1062244 0
51324763113332 1099446 0
51423671221331 1068769 0
51367241211113 1006391 0
51342672212111 1140181 0
51342763312223 2320438 0
51426731111111 1035194 0
51472361131313 1175972 0
51426733312211 1164138 0
51623471321111 867741 0
51472633331312 1361502 0
51623743313321 1163186 0
51624731312123 1498312 0
51624733323113 1726177 0
51642371122313 1060452 0
51632741323232 851583 0
51642731113322 1298944 0
51723643131311 1060037 0
51726433123313 1175468 0
51724363121213 1257182 0
51724362122222 1237555 0
51647231113232 892468 0
51742632323333 1047189 0
51742632323231 970894 0
51732643121213 1256777 0
52147631311121 772544 0
52147631121311 1135941 0
52147631131211 1292078 0
52134761232113 1029656 0
52147631211131 747778 0
52163471112122 796654 0
52147633111112 1041635 0
52147632111113 828841 0
52163471312111 848227 0
52163472131222 935174 0
52163471213111 879760 0
52163471333123 846756 0
52163472111311 854020 0
52163473111331 750670 0
52163473111211 900348 0
52163473221323 803936 0
52167342121232 1110521 0
52163473323332 1251037 0
52167432121313 1050014 0
52167432131213 1412838 0
52167432122222 1408040 0
52167433331333 1398599 0
52167433133333 1634227 0
52174633223123 1051916 0
52341671311313 840053 0
52341671122211 1064886 0
52314761322122 1132842 0
52314673311311 1932651 0
52341671111111 2722091 0
52341672232313 1061060 0
52341672323222 977884 0
52341672211112 1000346 0
52341673232213 944338 0
52341673232333 927818 0
52341673133111 978733 0
52341672323312 1397246 0
52341673323212 1325807 0
52361472131312 1256388 0
52361472121313 1474804 0
52367142211121 1248507 0
52367412322232 959473 0
52374161112323 774667 0
52376413222223 1119563 0
52463173212332 1770579 0
52463713212332 1761907 0
52471631223113 937872 0
52471631323112 946571 0
52614372313211 1814214 0
52713461232323 785659 0
52641733212311 951522 0
52673413232123 795014 0
52714361232113 1433293 0
52641733232321 987386 0
52714633223123 860362 0
52714633213223 1327326 0
52731641233112 747431 0
52731641323112 712915 0
52741362313211 958959 0
52736141322233 1173879 0
52741362313223 1190823 0
52741632122333 1699582 0
52741632212231 1394924 0
52741632212213 1314765 0
52741632123323 1554465 0
52741633313312 1205411 0
52741633313321 1302364 0
52741632232211 1244173 0
52741633321223 1775861 0
52741633221233 1532553 0
52741633323311 1281615 0
52743611111312 1369992 0
52743611111213 1161416 0
52743611113121 921997 0
52743613121111 936944 0
52761431111213 999944 0
52743611112131 905164 0
52743612131111 782244 0
52761431113121 1092181 0
52761431111312 1269974 0
52761431112131 835197 0
52761432131111 878392 0
52763411333123 1513595 0
52761433121111 843884 0
52763143222331 1329081 0
52763411222312 2207338 0
52763413223312 2238349 0
52763413322312 2218060 0
52763413222112 2245283 0
53146272123233 1223050 0
53147262123131 829093 0
53126471231321 991251 0
53126471321321 1100253 0
53126471231231 1491926 0
53421671321111 1107503 0
53274163211222 1472246 0
53162743312223 2193561 0
53476121323112 1082381 0
53467211321111 682834 0
53426171112233 1231762 0
53462711113322 1521465 0
53421671321231 765958 0
53476121323322 957729 0
53621471331221 808807 0
53614721212121 1310313 0
53721463223312 1341500 0
53724612121112 1473714 0
53642171111111 925864 0
53714622233111 1657226 0
53672142221213 2034552 0
53726143333121 1044132 0
53741621323112 1082585 0
53741621332112 950569 0
53761242221213 1418679 0
53762143222331 1155034 0
53742612323333 919593 0
53761242121211 1316995 0
53761242321212 1189384 0
53762413322123 1108510 0
54126371331221 933444 0
54123673233323 974397 0
54127633333313 1351114 0
54127632222212 1078974 0
54127632131213 1679069 0
54127633133333 1743431 0
54127633131212 1650817 0
54163271133221 1269664 0
54163272233111 1290814 0
54167231121113 857771 0
54167231333213 996851 0
54167232133313 1347563 0
54167231221211 847578 0
54167231131112 1240463 0
54167232112112 806557 0
54167233331213 1070190 0
54167232333113 1000225 0
54167233232333 1036001 0
54231671123111 1036426 0
54172633132313 1461112 0
54231673123121 910210 0
54217362233213 2113875 0
54217632132212 2097519 0
54261373123121 977676 0
54261732231233 1205172 0
54276132233312 1005507 0
54312671131331 903680 0
54312672212111 938999 0
54317261113112 948866 0
54317621111222 1064993 0
54312673311311 1659965 0
54321672232211 1497464 0
54321672212231 1445996 0
54321672212213 1503044 0
54321763113113 1266409 0
54321761211221 1111782 0
54321673323311 2200313 0
54321673313312 2168805 0
54321673313321 2134783 0
54326171111231 1370468 0
54326171321231 920595 0
54326171112233 974009 0
54361272223232 999780 0
54362171113133 1123879 0
54327612223232 979879 0
54326711112212 1296964 0
54362711111231 754800 0
54367121113211 1095774 0
54362711323112 1108341 0
54367121112212 1339368 0
54367121113331 1602469 0
54367122311111 967312 0
54367122211121 1007215 0
54367211132222 1562900 0
54367123311113 958623 0
54367211213333 1653362 0
54367211333213 1345259 0
54367211222132 1494847 0
54367212333113 1365171 0
54367212332213 1293291 0
54367212233213 1391425 0
54367212231122 1572207 0
54367212211322 1810797 0
54367213312133 1451446 0
54371261113331 1066017 0
54367213112222 1779123 0
54376121322233 1028547 0
54376211111132 1253901 0
54376211111222 1181377 0
54371621113322 869828 0
54371621113112 1400844 0
54612372222131 1009612 0
54376211113133 1126613 0
54612371112311 1768795 0
54612733322213 1083915 0
54637211132111 788964 0
54621371133311 1036606 0
54621372211121 986415 0
54612732112223 1157554 0
54712362223322 1533361 0
54712361323313 1180998 0
54671232221213 1214543 0
54716321112323 1092102 0
54716232222113 1124576 0
54721631122121 1097700 0
54716322313223 868819 0
54721631111111 3442359 0
54721632133232 950959 0
54721631311133 857891 0
54721632212222 1153096 0
54721633231322 761672 0
54721632212231 1054148 0
54721633333331 1023974 0
54721633313321 1178651 0
54723612131312 1427004 0
54723612221222 1305984 0
54723612222212 1342864 0
54723613121312 1343079 0
54763212322232 950730 0
54761233322321 1085911 0
54723613333313 1129764 0
56123471222312 1253739 0
56123471223221 1263104 0
56123472322121 1362754 0
56123471333123 1710606 0
56123471331332 1862274 0
56123473223312 1202488 0
56123473222112 1184905 0
56123472331331 1447762 0
56123473133132 1685102 0
56123473133231 1430449 0
56124371111231 670248 0
56123473322312 1239737 0
56124371232323 1201170 0
56127433332323 943595 0
56143273332323 1370066 0
56132472333332 1231533 0
56132473211111 1042389 0
56132473213211 1042722 0
56147231333213 1408420 0
56147232233213 1416824 0
56147231222132 2051274 0
56174232323333 1000577 0
56147322333233 1410038 0
56173421113112 805615 0
56147232333113 1467126 0
56147232332213 1720836 0
56213743313333 1413259 0
56213471111111 1027943 0
56174321232113 1436600 0
56243173133111 1232042 0
56271433123313 1455483 0
56247132333233 977546 0
56271433111313 1412164 0
56243713121333 1320255 0
56271433132313 1523512 0
56274132331133 1061724 0
56274312313211 1377979 0
56321473233323 749720 0
56327411211332 976868 0
56321742211112 1291274 0
56327413213112 1140253 0
56324171221331 1084694 0
56347122333233 1086054 0
56341273121213 1389643 0
56341273131212 1293817 0
56347212111221 1268953 0
56347211213111 727325 0
56347211312111 805740 0
56347211222132 999651 0
56347211331131 697156 0
56347212111311 981185 0
56347212232223 774179 0
56347212123233 932198 0
56347213131332 1146822 0
56423171231321 1084807 0
56423171321321 781427 0
56423171231231 803908 0
56347213111211 881743 0
56423172112121 921246 0
56423173132121 1036848 0
56423173133111 817307 0
56712341232113 822277 0
56721432312233 1253970 0
56712343211123 1082125 0
56721343123331 1019383 0
56432713122122 1170401 0
56723411113313 1015750 0
56723411121113 970999 0
56723411131112 1285743 0
56723412323222 831363 0
56723413222112 1295206 0
56723412122312 1229116 0
56723411222312 1292393 0
56723413221212 1277144 0
56723413331111 707205 0
56741231121311 1022316 0
56732143122113 1492729 0
56741232111113 863932 0
56741231211131 1038146 0
56741231311121 765014 0
56741231131211 1621860 0
56741233111112 841228 0
56743212122222 1227241 0
56743213121213 1488853 0
56743212221222 1500540 0
57164322131312 1123543 0
57214361323232 986458 0
57123461111111 889914 0
56743213121312 1383232 0
56743213331333 1471117 0
57236141322233 1008121 0
57236141113232 997251 0
57214632212213 1833016 0
57241631323112 861338 0
57246131112233 1216271 0
57236141323232 1448942 0
57264132111323 1111700 0
57241631322113 752729 0
57364212213311 1295045 0
57321641311112 919866 0
57321642311132 839995 0
61234572231323 1156139 0
57364212313211 895194 0
57642311113322 1071423 0
61234573232213 845888 0
57364213332122 1063352 0
61274351313131 1431083 0
61235741313131 1718557 0
61257343232123 1039752 0
61274532231323 1056779 0
61352472233321 766126 0
61452731311313 1401311 0
61453721111111 1113866 0
61352472313211 1712294 0
61453721311112 1018019 0
61453723111121 960271 0
61472532123332 845520 0
61534721112311 842558 0
61527431111111 1025920 0
61534721113211 1034864 0
61534272311132 1305817 0
61472533112111 936969 0
61572432312323 1129282 0
61543271111111 1041878 0
61543271112311 971310 0
61734523222331 1430315 0
62134572321323 1106612 0
62135471122121 1116213 0
62135472132131 1203855 0
62135473122131 659833 0
62135473131131 1360943 0
62135473132121 1005594 0
62135473123121 1254545 0
62135473232231 1246266 0
62135743222331 1125977 0
62135473322321 1077665 0
62147353123121 833770 0
62135743312223 1812840 0
62147353132121 869688 0
62157342132212 1350006 0
62154733321121 932867 0
62174533311212 1007211 0
62317453312211 1583374 0
62174351122133 1464043 0
62317453112111 918286 0
62173543232132 1168946 0
62371453311311 1286687 0
62374511322311 813002 0
62351743112123 1744478 0
62435711222222 960922 0
62374513112321 918227 0
62374513312112 1019114 0
62435172311132 1704101 0
62435172211133 1654519 0
62471532232133 1029659 0
62453713311122 1509022 0
62475131322323 799595 0
62571432321233 1217142 0
62543711211113 1144026 0
62531472321233 1131365 0
62543711311112 995382 0
62735143223213 1386794 0
63125741112323 1785378 0
63125743133312 1177946 0
63125743131233 1088410 0
63172452312323 612283 0
63142571111111 873392 0
63142573112123 1305883 0
63142571132321 1628153 0
63172452313211 1606192 0
63251743133231 1535360 0
63247511123132 1033419 0
63174522332132 1063307 0
63471522323132 1094162 0
63471522332132 1163341 0
63452711311313 890659 0
63471522123131 987587 0
63452712333221 1161744 0
63512743313333 1563175 0
63541271212211 1371536 0
63472512123332 1055047 0
63714252123131 1113224 0
63574212313211 1215502 0
63542713121333 1681125 0
63712542221111 974034 0
63574212123131 722454 0
63714521112323 971115 0
63721541233322 1019081 0
63714522332132 937484 0
63725141233121 1147126 0
63725141112323 1602522 0
63725142123131 1490731 0
63724153121213 1250873 0
63725142223133 1572230 0
63725143122113 1759160 0
63741252222323 1119334 0
63725143123313 2261530 0
63745123122212 800269 0
63751242221321 1186765 0
63741522123131 1182687 0
63742511232221 1058097 0
63751423122311 1510088 0
63752141122211 1020914 0
63752141123213 1020691 0
63752141111111 1182212 0
63752143223123 994525 0
63752143212323 822000 0
63752411223212 1218206 0
63752143123223 878547 0
63752142332132 970693 0
63752412322112 1278889 0
63752412312323 1138665 0
63752411333213 1616691 0
63754213122122 1228864 0
64231572311132 932434 0
63752412333113 1580866 0
64125371131313 1718907 0
64157321133212 2823773 0
64257131113223 1091287 0
64275131212223 1157511 0
64271533221212 1106809 0
64275133231112 1244390 0
64275131312123 1012223 0
64275132232133 1570324 0
64275132211133 1631664 0
64275133312211 1066423 0
64275311222222 982218 0
64275313312211 883746 0
64275311112332 1287289 0
64321572311132 1004427 0
64351272132131 1039028 0
64321572111131 1354146 0
64321572132131 1121173 0
64325713121222 2124890 0
64357213231322 1411590 0
64357213312211 1124569 0
64357212313211 950364 0
64531273311311 1081645 0
64531273123121 1385401 0
64531273122131 999594 0
64531272132131 1055827 0
64531271212211 1665855 0
64572131122223 1124218 0
64531273312211 708849 0
64713253112111 922929 0
65123471112311 1005678 0
65132471222111 1075031 0
65123472312311 1020176 0
65132471212112 989887 0
65123471233232 1073931 0
65132471231321 1263401 0
65132472131231 931654 0
65132471323121 1101578 0
65132472212231 1209773 0
65132473313312 913551 0
65132472233321 1320803 0
65132473111331 916268 0
65132473323311 1010505 0
65134721233232 1285692 0
65132743222331 1015790 0
65132741223323 816076 0
65174232123131 1024203 0
65174232323312 939753 0
65174232133313 942168 0
65147321232113 1485695 0
65172431132333 1468167 0
65174233323212 1010292 0
65174233331213 1152738 0
65174322313211 1063950 0
65271341332331 1054945 0
65243712121322 1555152 0
65174323223123 925347 0
65213741111111 1153823 0
65241371111111 911926 0
65274131311313 799732 0
65274131111111 1203863 0
65271432231233 1067837 0
65274132123332 1164147 0
65274131312213 928717 0
65274133232321 761976 0
65274133312223 962476 0
65274133132223 1072987 0
65321472111122 1158736 0
65314272313211 1545706 0
65314272311132 730310 0
65417321232113 835850 0
65423713321322 1180713 0
65432173232321 1095641 0
65417323232123 873516 0
65417323223123 882021 0
65723143321313 1075681 0
65714323223123 911160 0
65471231132213 1130775 0
67154233323332 1379450 0
65742311212313 704256 0
67145323133312 1166719 0
65732411333123 2211399 0
67132541133311 1705274 0
67231541323112 1177697 0
67215343333133 1626460 0
67231543323122 1131877 0
67245131313323 941270 0
67245311112311 1435583 0
67245311133233 963664 0
67254311131133 1333024 0
67234513332122 1177057 0
67312452233321 1100322 0
67312541121221 1053036 0
67254313311113 807652 0
67312542221111 1406699 0
67321451111123 986593 0
67321451112311 1183291 0
67321451311133 837567 0
67321451212211 1603917 0
67321542232133 1096371 0
67321452111122 1000010 0
67321453113311 1295924 0
67345211111123 1065387 0
67342512222113 827282 0
67341252222323 1189254 0
67345122223133 1472416 0
67345122232133 1604327 0
67345211112233 760880 0
67345211111132 1139773 0
67345211113322 1118841 0
67345211311133 1198608 0
67354121111111 986569 0
67345211211122 1232236 0
67345212111122 1119178 0
67345213111133 1250115 0
67354211212121 921613 0
67354211333111 1442896 0
67354211313113 1492173 0
67354212111221 869286 0
67354213131311 1111477 0
67354212212222 1068723 0
67354212311132 1203723 0
67354213111313 1020516 0
67354213211132 1177449 0
67412353132121 1023950 0
67354213313333 875637 0
67412353332221 779876 0
67435121332112 755476 0
67452313321232 1258740 0
67435123123121 762082 0
67412531131133 1075143 0
71234563231322 1138015 0
71263541333222 1542442 0
71263542323123 2088028 0
71264533231223 1522986 0
71326451211311 1015376 0
71264533131323 1255523 0
71264533221323 1613730 0
71264533231313 1705865 0
71326453132121 865873 0
71326543333313 1447202 0
71345262132131 1008932 0
71426353312211 1117581 0
71362453113311 1054204 0
71423653213232 898414 0
71423563213232 1131230 0
71365423331312 1488878 0
71432561323232 805893 0
71426533333223 1406392 0
71432561232323 942296 0
71432563323113 869146 0
71432563323122 898388 0
71432563332113 979741 0
71432563232213 892679 0
71432562111221 1121699 0
71435263211123 1228373 0
71435261322233 1257171 0
71435262222122 1136154 0
71435623333331 1468882 0
71435263311122 1390665 0
71436253333112 1541994 0
71435263333223 1759979 0
71435263333133 1696155 0
71452363213232 877568 0
71452632222131 1307307 0
71453262222221 1105468 0
71456321322323 938596 0
71462532111212 1105296 0
71456322111221 1121713 0
71462531113322 1400007 0
71453623311122 1795727 0
71462532121112 834076 0
71462533221113 1091553 0
71462533111223 1443322 0
71463523331222 1331355 0
71523463131311 1283521 0
71532463221332 1007954 0
71523463231313 1548473 0
71523463331312 1524446 0
71542633132322 882114 0
71543622111131 779975 0
71534262122222 1450130 0
71543623111121 852514 0
71563243221221 1131823 0
71546233331213 1386600 0
71562433123232 971069 0
71546322231212 1439296 0
71643252231212 1449207 0
71643523331213 1460623 0
71625433213133 1692316 0
72143651121113 1068392 0
72136541322233 951870 0
72134562312212 1230135 0
72143651131112 1270964 0
72143563222331 869934 0
72143652111311 812177 0
72143651213111 731741 0
72143651312111 730772 0
72145633312223 1317845 0
72145633232231 982511 0
72143653111211 809730 0
72145631233223 998845 0
72146352232223 1102587 0
72163453131212 1472677 0
72163453121213 1120178 0
72163452122222 1453005 0
72165432111113 903362 0
72163453133333 1389995 0
72164353131113 1291959 0
72165431113331 692934 0
72163453331333 1680888 0
72165432323312 919357 0
72165432211112 956287 0
72165432111122 983471 0
72165433111112 861241 0
72165433233323 980613 0
72165433321223 936501 0
72165433221233 777257 0
72165433121333 791078 0
72165433331213 1142251 0
72345611133113 668601 0
72345611111111 904146 0
72345611221223 950434 0
72345611331332 1078886 0
72345611222222 842542 0
72345612122111 1051231 0
72345612331331 653251 0
72345613221221 691142 0
72356141112323 815851 0
72345613333331 853906 0
72356141232113 1110335 0
72356143211123 752601 0
72365412222212 1272820 0
72361453232333 727869 0
72361542333233 1621706 0
72365413331333 920946 0
72365413131212 1375516 0
72365413121312 1779759 0
72513641233322 1212135 0
72435163333313 1199978 0
72516342313223 1430105 0
72513641232323 1088136 0
72531463321232 1222395 0
72541631111213 1222359 0
72541631111312 1155584 0
72534163211123 1028058 0
72541632131111 808087 0
72543162311111 801902 0
72541631113121 1063261 0
72541633121111 1056029 0
72541631112131 903262 0
72543163211111 910819 0
72543611221223 1272292 0
72543611223221 1419466 0
72543613133222 1691099 0
72543611331332 1489752 0
72543611332331 1675424 0
72543612331331 1716180 0
72543613132232 1682000 0
72543613322312 1588438 0
72543613221221 1804963 0
72543613223312 1888655 0
72561342313223 1364245 0
72546311323112 1143321 0
72546313323212 1191995 0
72561433221233 1647246 0
72561432213122 1873514 0
72561433321223 1371623 0
72561433321133 1483530 0
72561433311233 2084123 0
72563411112131 1242340 0
72563411111213 950505 0
72563412131111 725758 0
72563411113121 807756 0
72563411111312 1337881 0
72643513212332 1004334 0
72563413121111 733436 0
72643513212311 1008841 0
73146522113231 730861 0
73456123231322 1078005 0
73125463133132 1307509 0
73516243323113 1156206 0
73246153312211 779680 0
73516243332131 926914 0
73541262321212 1372554 0
73542163321133 1363485 0
73542613132322 957710 0
73542613132121 950397 0
73564213321322 1365105 0
73615241112323 1460300 0
73614251112323 917737 0
73615241113322 1339732 0
73615243123313 1776160 0
73615242223133 1828692 0
73615423213211 1313934 0
73615421113322 966421 0
73615243332311 1072917 0
73615243331312 1072891 0
73615243213313 1856673 0
73615423333331 1038523 0
73624513332131 1320009 0
73624513121132 2055646 0
73625141112323 967556 0
73625143121213 1120459 0
73625143333313 1155063 0
73642511111111 983386 0
73625412222323 993906 0
73642511113232 1432138 0
73642513223222 1609357 0
73642511113322 1458004 0
73645211321111 721148 0
73645211231111 908053 0
73645122222311 972358 0
73645121113211 1245112 0
73645211223113 721718 0
73645213112231 877786 0
73645211332112 934392 0
73645213333112 1216087 0
73651241113322 1061751 0
73654122221111 963996 0
73652413211312 1529592 0
73654122111122 1185869 0
73652413331321 1070330 0
74123563323221 827310 0
74123652322121 1591635 0
73654211111132 1152846 0
74125631313311 704960 0
74123653133222 1572500 0
74123653133132 1588958 0
74123653133231 1441088 0
74123653132232 2001550 0
74125632121121 1046932 0
74125632122111 955336 0
74125632131111 1254508 0
74125632321332 802162 0
74125633132232 1173446 0
74125633133222 1243173 0
74125633121111 1211967 0
74125633131233 1242514 0
74126352333122 1376205 0
74125633332323 947049 0
74125633133312 1528699 0
74132562121121 1149852 0
74132562122111 1071039 0
74132561321231 1097546 0
74132563132112 1382981 0
74132563131221 1655116 0
74136522322121 1471951 0
74152363132232 1366467 0
74152363133132 1397571 0
74156322122123 1064840 0
74152363133231 1341481 0
74156322313223 811184 0
74156322122321 1043471 0
74152363133222 1536779 0
74163251121122 1135050 0
74156323133123 1290390 0
74156323132331 1270621 0
74163253131332 1245410 0
74163253121111 1101903 0
74163252131111 1461438 0
74163253133132 1292963 0
74163252112211 764279 0
74163253332323 851121 0
74163253133213 1354639 0
74163253133231 1336029 0
74165231121212 1343648 0
74165231313131 1481322 0
74165231131313 1549384 0
74165231212121 1695813 0
74165232111212 2166090 0
74165232121112 1271989 0
74165232121211 1297969 0
74165233111313 2317489 0
74165233131113 1567105 0
74165233131323 1615919 0
74165233132313 1684885 0
74165233231313 1821612 0
74165233131311 1732181 0
74213652323132 861565 0
74251633111313 1275695 0
74256311321222 1717187 0
74265312333233 876411 0
74321563311131 996191 0
74321653233323 923567 0
74312652333332 1030596 0
74256313111232 2665537 0
74325613121312 1610201 0
74325612221222 1031403 0
74325163131323 1326220 0
74365211121221 870362 0
74361253211231 971391 0
74325613133333 940420 0
74361253112132 1393431 0
74325613131212 1291650 0
74365211213111 723658 0
74365211313113 952779 0
74365211312111 760376 0
74365213111211 864127 0
74365212111311 767266 0
74365211333111 894882 0
74365212333332 889978 0
74365212222323 801530 0
74512361322233 1018730 0
74365213121333 932059 0
74512362313223 868021 0
74521633121312 1342983 0
74521633121213 1413957 0
74521632222212 1235603 0
74521633133333 1479139 0
74513263121222 1730394 0
74523611121113 968539 0
74521633333313 1317333 0
74523611131112 1337052 0
74523611312111 753205 0
74523611213111 772841 0
74523612111311 850648 0
74523613111211 829275 0
74532163123223 1232986 0
74561231111222 1023876 0
74561232221111 946926 0
74561232111113 1018198 0
74561233111112 1112486 0
74561233233323 928396 0
74561233131233 1012523 0
74561233311233 787835 0
74561233321133 753650 0
74563211232332 1050637 0
74561233321313 1343391 0
74653213133222 1323603 0
75132463233233 1444310 0
75213642223133 1438976 0
75146321323331 1112812 0
75143263231313 1498723 0
75231463211123 1656656 0
75234162221111 1246509 0
75236143213232 1113293 0
75234161322233 980715 0
75243613213232 1151691 0
75241632222323 1163776 0
75246131333312 1318040 0
75243611113232 1230133 0
75243162211322 2134071 0
75246313212311 1118897 0
75246311111111 1847676 0
75246313312211 1125793 0
75264132121232 1114664 0
75246313332332 1024255 0
75264132321212 1051359 0
75261432123233 1166099 0
75264132223331 1142457 0
75264311223122 1420467 0
75264133121333 1190220 0
75264133331213 862268 0
75312463333133 1242826 0
75314623113122 960305 0
75264313231112 1538411 0
75314621133221 794016 0
75314621313212 1871014 0
75316241231231 1515536 0
75321461311112 909729 0
75321463132121 981697 0
75346211133122 1033340 0
75346212323333 1043202 0
75346211311211 768668 0
75346122133133 1157369 0
75346211211311 1059919 0
75346213112132 943227 0
75346213132322 977810 0
75346213132121 911495 0
75431263133213 1206203 0
75346213332122 1140164 0
75416323232213 964266 0
75412631223332 834104 0
75462132123212 1688018 0
75613243133213 1214464 0
75613243131332 1160113 0
75634123323122 843406 0
75641323232111 866899 0
76123453233323 868706 0
76143252131312 1357783 0
76125343333133 1462636 0
75642132213311 853773 0
76143253131212 1398098 0
76143252221222 1011238 0
76143253331333 1286769 0
76145231121113 930185 0
76145231131112 1175136 0
76145231122112 1407103 0
76143253333313 1480118 0
76145231221112 1554385 0
76145232123332 786798 0
76145231311331 782213 0
76145232233213 1285686 0
76145233133213 1084079 0
76145232332213 1170251 0
76145232331313 1049410 0
76154323333112 1205541 0
76145233232333 884908 0
76215341231231 1016229 0
76213543311332 940460 0
76213543213133 1603953 0
76215433333133 1264314 0
76245311131121 769795 0
76245311121131 881740 0
76231451123111 893203 0
76245311213312 1018261 0
76245312132131 996039 0
76245313122122 1016082 0
76245313123121 779536 0
76253141123132 919877 0
76253413322312 1324817 0
76253141211332 923180 0
76254313211111 1471421 0
76254133311323 1673568 0
76312452212111 1879412 0
76312453211111 977828 0
76312453311311 1034970 0
76315241113112 1034511 0
76315241112113 1097463 0
76312542321212 898454 0
76312543322222 1202173 0
76312542322121 923531 0
76315241323313 1018647 0
76315241223113 954289 0
76315241322122 812936 0
76315243323323 1092161 0
76315241332112 809035 0
76321452122123 1625537 0
76321452122321 1548286 0
76315243211231 1043852 0
76321452122333 1255079 0
76321452123323 1631044 0
76321452212231 1752177 0
76321453321133 1358193 0
76321453233131 1439953 0
76321452213122 1611816 0
76321453313312 1799635 0
76321453311233 2083686 0
76321542211112 1197403 0
76321543211111 824750 0
76321453323311 1830768 0
76324151112323 1127910 0
76325411111213 908399 0
76324153323122 782775 0
76321543311131 960226 0
76324151112233 1132031 0
76325411111312 1677058 0
76325411113121 796953 0
76325411112131 822555 0
76325411122121 811551 0
76325412333233 936456 0
76325412231212 1370054 0
76325411331311 900589 0
76325412112121 988384 0
76325413222223 912315 0
76341251111213 1164623 0
76341251111312 1186865 0
76341251221121 931740 0
76341251311313 1034553 0
76341252232313 927653 0
76341251113121 964277 0
76341251112131 951521 0
76341252323333 932054 0
76341253221212 1184616 0
76341253233131 832106 0
76342511111231 747411 0
76342512232223 837844 0
76342511111321 960951 0
76342511323112 1106369 0
76342513213112 1639917 0
76342513323212 1238905 0
76342513323122 1202748 0
76342513322111 1325922 0
76345122211121 1257533 0
76345122211112 1158606 0
76345122311111 1007806 0
76345122213311 859761 0
76345123211111 877210 0
76345123312211 786542 0
76345123311113 966911 0
76345123311131 1148462 0
76351423321232 1100301 0
76351421112323 1065259 0
76354121122121 914454 0
76354121121212 1060134 0
76351421113322 823020 0
76354121313131 1195800 0
76354121311313 917328 0
76354122111212 1069510 0
76354123211123 1007801 0
76354122212222 954857 0
76354123313333 1233291 0
76354122112121 1017451 0
76354123211132 1007720 0
76354212312233 1079343 0
76354212213323 879731 0
76354212313322 1134571 0
76354213312223 1023367 0
76421351131121 789599 0
76354212333332 1097480 0
76354213222223 1082384 0
76512343213313 2176369 0
76514321232113 1023865 0
76512343332311 1432147 0
76514321112323 796001 0
76523413223231 1070108 0
76521433232333 733297 0
76541232221222 1272266 0
76524313331222 1405080 0
76541232131213 1956623 0
76541233121213 1342306 0
76541233331333 1040776 0
76541233333313 1133781 0
76543211332331 917003 0
76543211212112 1016279 0
76543211333333 793731 0
76543211223221 748054 0
76543211111111 1677661 0
76543212132323 755828 0
76543212222221 966756 0
76543212323213 707194 0
76543213113131 754496 0
