12345672121232 14518 0
12345672123212 13348 0
12345672321212 13497 0
12345673131323 12875 0
12345673132313 15834 0
12345673231313 15174 0
12345761111111 11155 0
12346571111231 9953 0
12346751113133 12813 0
12347561112212 14055 0
12347651111111 22997 0
12347651122112 18624 0
12347651133311 16886 0
12347652111221 15330 0
12347652123233 18458 0
12347652123332 21857 0
12347652223232 9728 0
12347653111133 16439 0
12347653132223 16610 0
12347653132322 15900 0
12347653332323 11185 0
12354671111111 12777 0
12354761112323 11514 0
12354762121112 15652 0
12354762121211 15231 0
12354762311123 12866 0
12354763131131 13045 0
12354763133111 12476 0
12354763211123 9781 0
12356471113133 12657 0
12356741133131 11662 0
12356741313131 11547 0
12356743113131 12099 0
12357461111222 12031 0
12357461113331 11823 0
12357462211112 10690 0
12357641113331 12685 0
12364571112212 14522 0
12364751112212 10944 0
12364751113133 11228 0
12364753311131 9381 0
12365471111111 15873 0
12365471211122 16420 0
12365471313113 15378 0
12365472223232 10006 0
12365472321233 18096 0
12365473232312 16271 0
12365473332323 9906 0
12365741113331 13314 0
12367451123333 11946 0
12367451132222 11393 0
12367451213333 12244 0
12367451312222 16255 0
12367452113333 13515 0
12367453112222 11293 0
12367541112212 13529 0
12367541113331 15732 0
12367541331131 9631 0
12374561121212 11372 0
12374561211212 12026 0
12374562111212 16167 0
12374651111222 14438 0
12375461111222 13093 0
12375641113112 13352 0
12376451111222 14853 0
12376451113133 12607 0
12376451221211 10246 0
12376541112323 9504 0
12376541232233 13139 0
12376541322233 10748 0
12376542121232 13297 0
12376542123212 12316 0
12376543133132 13725 0
12376543133231 13793 0
12456731132321 19607 0
12456731233223 12123 0
12456733223321 12388 0
12463751231231 13213 0
12467351131121 10439 0
12467351231321 8956 0
12473561132123 12588 0
12536741112323 17482 0
12537461332112 11868 0
12543671111111 16350 0
12543671211212 16177 0
12543671331113 16026 0
12543672121121 16725 0
12543672321332 18088 0
12543672322232 9894 0
12543672331232 16415 0
12543673111331 15963 0
12543673221323 16383 0
12543673231223 16299 0
12543673233323 12452 0
12546371221331 14302 0
12563472131213 10579 0
12563473131212 12799 0
12564733323122 11818 0
12567433232333 9867 0
12576343212221 18767 0
12637451132111 18123 0
12637451332112 14448 0
12643571321321 12665 0
12645371131121 12614 0
12673542331133 18540 0
12734561112323 16675 0
12734561322233 17152 0
12734562313223 16907 0
12745631111111 26137 0
12745632111122 16985 0
12745632212213 16476 0
12745632222221 15038 0
12745632232211 16410 0
12745633131131 16492 0
12745633313312 15938 0
12745633313333 15550 0
12745633323311 16052 0
12753462231323 12795 0
12763452322232 10017 0
12765432121313 10693 0
12765432222212 12253 0
12765433121213 10156 0
12765433331333 10565 0
13245671321111 13134 0
13246571111111 8808 0
13246571112233 9215 0
13246571113232 12761 0
13246572321332 16039 0
13246572331232 12972 0
13246573221233 12879 0
13246573321223 13049 0
13246752133211 18577 0
13247563212131 19584 0
13254761322233 13082 0
13254761323322 12501 0
13254762321233 16596 0
13254763323122 13915 0
13257641112233 16779 0
13265741112323 12784 0
13265742131312 16658 0
13267451122211 10781 0
13267451311133 9511 0
13267541111132 15927 0
13267541232212 13017 0
13274651112323 11138 0
13275461112233 18779 0
13275463213211 14897 0
13275641112233 10260 0
13275641112323 9550 0
13275642131333 13642 0
13275643212221 14401 0
13276451113211 18625 0
13276451233133 14500 0
13276541133122 21360 0
13276541213312 26548 0
13276541321123 22675 0
13276541322311 23538 0
13276541323112 13340 0
13276541323322 12966 0
13276542323312 12844 0
13276543323122 14685 0
13462571111111 17457 0
13462572213311 17121 0
13527461211113 11739 0
13542671231231 12581 0
13546271213213 9712 0
13546271231231 15403 0
13546271321321 12489 0
13572641122133 13583 0
13576241312213 16008 0
13576241321321 13064 0
13627451332112 12163 0
13642571221223 11665 0
13642571223221 11411 0
13642573221221 13126 0
13645271221331 12947 0
13647521111111 11421 0
13675241112323 16225 0
13675242331313 15347 0
13725642332132 15139 0
13754262123323 28712 0
13762451321321 12825 0
13764251211311 9777 0
13764252323231 14526 0
13765422121211 18933 0
14263751131121 11409 0
14267351321321 13638 0
14275633323122 14081 0
14325671111111 33530 0
14325672112121 17153 0
14325672231323 17528 0
14325672323222 9841 0
14325673123232 17684 0
14325673232333 9916 0
14325673311131 16904 0
14327652131213 9680 0
14327653121213 10324 0
14352672212111 12439 0
14356721112323 17649 0
14356721322233 22560 0
14367252322232 10384 0
14367523311113 15072 0
14523672121313 10856 0
14523673121312 12347 0
14527631121311 10928 0
14527631131211 8962 0
14527631133311 15974 0
14527631211131 11826 0
14527631311121 11803 0
14527632122213 15425 0
14527632212111 17168 0
14527632333332 21622 0
14527633132322 16797 0
14527633312133 15032 0
14536273311311 13306 0
14537622231323 12546 0
14563272323222 9516 0
14567231312213 18145 0
14567231321123 17844 0
14573261333111 12226 0
14625731111111 16720 0
14625731131121 12357 0
14625731322233 22819 0
14625732112121 13397 0
14625732113321 16626 0
14625732213323 14491 0
14625732233111 15117 0
14625733133111 12116 0
14632571111111 18764 0
14632571321132 12362 0
14652733321331 12877 0
14673251111111 12287 0
14723651111213 9915 0
14723651111312 12749 0
14723651112131 10986 0
14723651113121 10049 0
14723651211212 16491 0
14723652322121 14581 0
14723652331232 16689 0
14723653232222 16336 0
14723653313111 16146 0
14723653321313 16715 0
14725361111111 10053 0
14725361111123 14837 0
14725361322332 22718 0
14725362211121 14338 0
14725363211213 14716 0
14725363213121 13962 0
14725363223213 15730 0
14725363311113 13688 0
14726531223122 15730 0
14726531232122 15854 0
14726531233313 14497 0
14726531333312 14667 0
14726532232313 12428 0
14726533323122 12590 0
14735621221112 13930 0
14735621223113 13944 0
14735621223332 27910 0
14735621233112 14454 0
14735621323112 14780 0
14735621332112 12688 0
14735621333111 12660 0
14735621333222 21048 0
14736251111132 8810 0
14736251112332 11569 0
14736253222223 11435 0
14736521132222 13062 0
14736521133131 14180 0
14736521211212 12903 0
14736521213333 13421 0
14736521221313 15384 0
14736521321231 13027 0
14736521322233 9489 0
14736521332121 15182 0
14736523112222 12957 0
14736523113131 13007 0
14752363222121 14138 0
14752363232222 13705 0
14752363233131 12976 0
14752631111111 12231 0
14752631112311 15929 0
14752631323223 21953 0
14752632332132 13033 0
14752633213223 13998 0
14752633222223 13327 0
14752633223123 13636 0
14752633223231 23388 0
14753261221112 10962 0
14753261323112 15917 0
14753261333111 11232 0
14762351221331 16317 0
14762351321231 14073 0
14762351331221 13572 0
14763251221223 14807 0
14763251222312 11465 0
14763251332331 11102 0
14763251333123 10779 0
14763252322121 8898 0
14763253132232 9103 0
14763253133132 8946 0
14763253133222 10153 0
14763253133231 9395 0
14763253221221 10688 0
14763253222112 11289 0
14763521113211 9726 0
14763521113223 11392 0
14763523222331 12749 0
14765231111213 11955 0
14765231111312 11829 0
14765231112131 11328 0
14765231113121 9257 0
14765231133131 16355 0
14765232211211 16654 0
14765232232322 16651 0
14765232331313 16945 0
14765233113131 16485 0
14765233323332 16650 0
15236471111111 12760 0
15236473231121 12909 0
15243671331221 13308 0
15246371331332 12230 0
15246371332331 11581 0
15246372331331 11248 0
15267431223113 11765 0
15273641112323 17902 0
15324673113311 17065 0
15342671211311 9628 0
15346271321321 13200 0
15367421211113 19056 0
15367421223113 14641 0
15367423211123 15246 0
15426371111111 17521 0
15426371112233 17407 0
15463271313113 11975 0
15624732123212 15346 0
15624732133313 14601 0
15624732333332 14037 0
15627431223113 10708 0
15627431322113 15257 0
15627431332112 10949 0
15634722123332 11876 0
15634722321233 11018 0
15637423211123 10996 0
15642371111111 11371 0
15642372213311 8731 0
15642372231332 13793 0
15642372331322 12274 0
15642373212311 10643 0
15642373221323 13175 0
15642373231223 13941 0
15643271221331 11591 0
15643271331221 12004 0
15643273223111 9372 0
15647233213232 13056 0
15672341113232 14034 0
15672341323112 13041 0
15672342323312 12046 0
15672343213232 13353 0
15672433312133 20291 0
15724362212132 13729 0
15724631111111 15350 0
15724631211311 13926 0
15724631322233 23721 0
15724632123233 15734 0
15724632313223 22078 0
15724632323231 14230 0
15724632323333 12970 0
15724633132322 11934 0
15734622331223 13624 0
15746321111111 17094 0
15746321323211 11403 0
15746322313112 11014 0
15762342122213 15976 0
15763241111111 12286 0
15763242323132 13361 0
16243571132132 10326 0
16243571231231 13836 0
16243571321321 12062 0
16245371231231 14003 0
16254733312223 15950 0
16257431132111 11611 0
16257433223123 13958 0
16273541122133 17251 0
16273541321321 13972 0
16275341312213 11816 0
16275343122221 16692 0
16327453232333 10140 0
16342571331221 12883 0
16345271111111 29459 0
16345271133131 17573 0
16345271222111 18167 0
16345272322232 12137 0
16345272333212 16499 0
16345273122323 18400 0
16345273233323 15497 0
16347252131312 11716 0
16347253121312 10353 0
16357421223113 12208 0
16374521112323 18057 0
16374523211123 17476 0
16423572112121 12550 0
16427531211311 11303 0
16427531231321 8722 0
16427532333233 18359 0
16453271111111 18953 0
16453271211113 14074 0
16453272111131 14418 0
16475233132313 18907 0
16523473332323 9993 0
16523741112212 12681 0
16524731112212 16129 0
16524731112233 12979 0
16524731113133 13572 0
16527341111111 10492 0
16527431123333 10708 0
16527431222132 10608 0
16527431312222 14546 0
16527431333213 10096 0
16527432113333 10199 0
16527432211322 11054 0
16527432231122 9309 0
16527432231332 9178 0
16527432331322 9520 0
16527432333113 10091 0
16527433312133 9278 0
16532471111222 13091 0
16534271111111 10703 0
16534271111132 8927 0
16534273211111 10872 0
16534723211123 11500 0
16537421111222 12711 0
16537421113322 12332 0
16537421113331 13068 0
16537421223113 10822 0
16537421233112 15552 0
16537421332112 10634 0
16542371221331 10595 0
16542371331221 10938 0
16542372112331 12174 0
16543271221223 15623 0
16543271223221 10432 0
16543271331332 11863 0
16543271332331 11702 0
16543272331331 10229 0
16543273221221 10970 0
16543721111111 9413 0
16543721113211 8969 0
16547233332323 10691 0
16547321113331 14878 0
16572431111111 12570 0
16572433213223 13700 0
16573241123123 10699 0
16573241312312 9716 0
16574231113133 13080 0
16723451122133 15887 0
16723451322311 16308 0
16725431121311 9737 0
16725431131211 9922 0
16725431211122 16679 0
16725431211131 12082 0
16725431311121 8884 0
16725432211121 18127 0
16725432232223 15553 0
16725433113311 15982 0
16725433122212 15013 0
16725433333232 16074 0
16735242122213 14066 0
16742352232313 11618 0
16743252323222 9604 0
16745232121313 10105 0
16745232122222 9709 0
16745233121213 9670 0
16745233333313 11898 0
16753241221112 12105 0
17246351111111 16602 0
17265433111313 20158 0
17324561211323 17281 0
17324561232332 10817 0
17326452212111 20459 0
17356241212313 11718 0
17356242211331 23363 0
17362451211311 8453 0
17362451231321 9136 0
17362452213311 14813 0
17364251231231 15189 0
17423653213232 13231 0
17425631122112 13814 0
17425631223113 12802 0
17425631313113 12661 0
17425631322113 14317 0
17425631322332 22762 0
17425631323112 14980 0
17425631323223 21120 0
17425631332112 13986 0
17426531112233 10818 0
17426531121212 13610 0
17426531132312 15241 0
17426531213123 15344 0
17426531223221 12707 0
17426531232233 13009 0
17426531313131 13103 0
17426531331332 13706 0
17426532121211 11984 0
17426532331331 16185 0
17435622211133 9332 0
17435623211123 9506 0
17436521323232 10279 0
17452363213232 10857 0
17452363322132 9359 0
17452633213232 15084 0
17453262211133 10877 0
17462352213311 9141 0
17463251122112 11208 0
17463251221331 12731 0
17463251313113 11192 0
17463251321231 12785 0
17463251323112 15522 0
17463251331221 13395 0
17526431131121 11232 0
17526431231321 9147 0
17526432123233 14877 0
17543261111111 19553 0
17543261132111 14033 0
17642531111111 17117 0
17642531112233 22586 0
17642533312211 17859 0
17643251122112 12150 0
21345671111111 13143 0
21345762223322 16947 0
21345762312323 12809 0
21345762313223 9785 0
21345763332233 13972 0
21346752313322 13569 0
21347562312323 25267 0
21354671122112 12141 0
21354671131313 16022 0
21354671221112 12086 0
21354672311123 13894 0
21354672311132 10499 0
21354672313211 27575 0
21354673131113 14396 0
21354761112233 23534 0
21354761112311 13581 0
21354761113211 14206 0
21354761113322 24874 0
21354761122211 15260 0
21354761133311 13195 0
21354762213311 22403 0
21354763312211 21856 0
21357462311111 17320 0
21357463213331 13667 0
21357642221132 19837 0
21364752311111 15929 0
21364753212212 13387 0
21365742221312 13472 0
21365742312323 17317 0
21367451311331 11448 0
21367452112112 9973 0
21374653333121 17370 0
21375462312233 9435 0
21375463333211 16716 0
21376541111123 11626 0
21376541112311 12598 0
21376541122211 14472 0
21376541131133 12489 0
21457631321123 23661 0
21473563331312 19517 0
21536742222131 17772 0
21654372231323 14759 0
21654372233321 13054 0
21654373332122 11293 0
21654373332221 12542 0
21734652123131 16907 0
23147562123131 12680 0
23147651112323 11970 0
23147652312323 8784 0
23156471222132 14165 0
23156471333132 14154 0
23156473323332 13287 0
23157461231333 18526 0
23157462131123 18994 0
23164573213133 12741 0
23164752131312 15051 0
23164753333313 14168 0
23165471111111 9941 0
23165471311133 13384 0
23165471312132 14650 0
23165472111122 13319 0
23165472111332 14407 0
23165472132332 15814 0
23165472311111 16209 0
23165473233221 24119 0
23165741112323 9561 0
23165741231312 14903 0
23165742123131 8056 0
23165742131321 16850 0
23165742131333 22930 0
23165742312323 12971 0
23165743331312 22944 0
23167541233322 15937 0
23167542131222 15063 0
23174652123131 8512 0
23175463211222 14692 0
23176452132221 16872 0
23176453332233 16695 0
23416752121211 16319 0
23417563232123 11824 0
23456173212332 11040 0
23456173233122 11547 0
23456713212332 12322 0
23475162121112 13632 0
23517462131333 16595 0
23576412233321 16478 0
23576412312323 16395 0
23657142121112 21151 0
23671452122333 29275 0
23674153232321 9702 0
23751461132123 11145 0
23751463112321 11079 0
23756143222331 14012 0
23756411222312 11317 0
23756413222112 11665 0
23756413223312 11361 0
23756413322312 11929 0
24153672321233 13094 0
24157361313212 12250 0
24157362323111 12286 0
24167353132232 23950 0
24173652323231 8720 0
24315673311311 18194 0
24315761122322 18337 0
24315762213323 9695 0
24351671212211 14295 0
24351673111133 15205 0
24351673311311 16636 0
24351761111123 23566 0
24351761212232 13997 0
24367511323112 15811 0
24367513111121 11461 0
24376512222122 16535 0
24516732233111 9274 0
24531673123121 16324 0
24536713231232 14956 0
24537613231322 15790 0
24561372111131 10005 0
24563711121212 13124 0
24563712121232 13637 0
24563713121222 19235 0
24571362221213 15200 0
24571631121212 14838 0
24615371112332 14192 0
24615372213311 26858 0
24615731122313 15137 0
24615731132333 22517 0
24615732111323 17183 0
24615732213311 9662 0
24615732233321 13323 0
24615733113323 22487 0
24615733311122 7626 0
24617532233321 21320 0
24637512311132 12448 0
24651731113223 17631 0
24651731333333 13852 0
24715363311332 13981 0
24715631111111 15622 0
24715631122121 14559 0
24715631122133 14697 0
24715632313223 21118 0
24715633112111 9709 0
24715633131131 14416 0
24716532323231 18541 0
24731561111111 18739 0
24731562311231 12248 0
24736512222332 18866 0
24751362221231 22543 0
24751362321113 26190 0
24761531221223 23824 0
24763151111111 11650 0
24765313222112 20180 0
25134672233321 16816 0
25134672312323 16899 0
25134672313211 18524 0
25137461111111 12244 0
25137461211323 10926 0
25163741112323 15525 0
25314673111313 16779 0
25314673111331 15965 0
25314673131311 16509 0
25341673113311 19336 0
25341762313223 22540 0
25364172311231 19336 0
25364173223231 10677 0
25367411211122 12258 0
25413672323111 19449 0
25413763121222 19181 0
25436711311313 13330 0
25436712123122 14747 0
25436712123332 12804 0
25436712132122 16324 0
25436712323231 15732 0
25436713232321 12166 0
25436713332122 13194 0
25463713212332 13431 0
25471362323132 9650 0
25471631312213 19667 0
25631741212121 26150 0
25634713321232 14586 0
25641371213132 17202 0
25714632123131 10659 0
25714632223331 13422 0
25714632313211 25561 0
25714633121333 16922 0
25716431212223 16646 0
25716433223213 17172 0
25731642232211 27084 0
25734162221111 12358 0
25734613113323 20576 0
25736141111123 10610 0
25736141233232 16963 0
25736411133113 16674 0
25736411231321 10996 0
25736411321312 13951 0
25736411331113 15798 0
25736413123112 14835 0
25741361232113 12661 0
25741632222323 14531 0
25741632312323 13002 0
25743611233232 13068 0
25763142223133 11893 0
25763411332322 9899 0
26135742132221 18258 0
26135742213323 9454 0
26135742332312 17488 0
26153471122121 11845 0
26153473131131 10634 0
26153473132121 13795 0
26154372332213 34468 0
26175432331133 17694 0
26317451212211 20476 0
26345711223113 11369 0
26371453112111 11073 0
26415731322323 14132 0
26415732121223 13654 0
26415732233321 17114 0
26435712222122 21849 0
26435712233321 12822 0
26435712311132 7085 0
26435712322322 17042 0
26435713311122 8365 0
26435713333133 17399 0
26437512122312 15310 0
26453172211133 11865 0
26453711333333 17363 0
26513471122121 13749 0
26517343333313 21763 0
26534713333313 19636 0
26543171111111 15596 0
26543171123111 14769 0
26547313131323 19111 0
26573413331312 15765 0
26714531212133 16997 0
26714532121133 19608 0
26715433231322 13261 0
26741351232113 14709 0
26743512121232 21478 0
27134561131133 12650 0
27154632311132 17476 0
27314652313211 18394 0
27365412321212 15503 0
27415363131113 13240 0
27415632323231 15637 0
27415633321322 15939 0
27416532133232 10330 0
27416533321232 14791 0
27435612122222 14387 0
27453161123111 13499 0
27453161132111 15221 0
27456133132223 12414 0
27516341111111 9632 0
27534161111111 8530 0
27534161111123 13605 0
27534162311111 9237 0
27534612311132 8708 0
27536412332312 17182 0
27543611111123 17743 0
27543611111132 13068 0
27546312231122 29611 0
27613543333133 20349 0
27614353311332 17154 0
27615431312333 18000 0
27615432113321 12691 0
27615433313213 14288 0
27634511131133 14739 0
27634512233321 8541 0
27643513311233 23119 0
31246753312211 11670 0
31247651113232 8469 0
31247651323232 11926 0
31256471231222 13169 0
31257462222221 19245 0
31257462312311 15258 0
31257643311122 11593 0
31264572122213 14667 0
31264573132313 13707 0
31264573222223 13188 0
31264752132122 18366 0
31264752313121 18379 0
31265471111111 18063 0
31265471122112 12451 0
31265471122133 15183 0
31265471312213 14444 0
31265471313113 12185 0
31265471321111 10260 0
31265472233321 25634 0
31265472312233 14342 0
31265741233331 15761 0
31267542222233 17421 0
31267542313133 17684 0
31275461112233 12128 0
31275461322233 12188 0
31275462133211 14929 0
31275462223211 15111 0
31275462311213 16695 0
31275462312212 16437 0
31275463311122 9322 0
31276452133322 15352 0
31276452313313 16709 0
31452671323211 11352 0
31452671332232 11401 0
31452672322331 11567 0
31456722111221 11818 0
31462751111111 17835 0
31462751113322 17257 0
31475261322233 18443 0
31475262331313 19456 0
31475262333221 15491 0
31524673332122 15180 0
31527643332122 15043 0
31564272212111 18909 0
31564272213311 11770 0
31564273113311 13058 0
31572461122133 9597 0
31624751112233 17228 0
31624753312211 16896 0
31627452221333 19463 0
31654272313322 16107 0
31754621331122 23820 0
31765242322121 22848 0
32145671111111 22948 0
32145671123333 15752 0
32145671132222 15588 0
32145671221112 17055 0
32145671333333 15474 0
32145672113333 16055 0
32145672212222 15046 0
32145673112222 14833 0
32145673311113 17125 0
32146751232323 12913 0
32146752232223 14060 0
32147562313223 11490 0
32147562333233 18181 0
32147651123333 9805 0
32147651132222 9284 0
32147651213333 10949 0
32147651312222 9856 0
32147652113333 9499 0
32147652231332 9774 0
32147652233213 15028 0
32147652331322 10311 0
32147652332213 14927 0
32147653112222 9092 0
32156471111111 10863 0
32156471113211 15645 0
32156471232332 21246 0
32156472312332 13177 0
32156472332132 13036 0
32156472332321 22385 0
32156472333332 12705 0
32156473223123 11781 0
32156741112323 11327 0
32156742311123 10686 0
32156742313223 10364 0
32156742333131 14150 0
32157641232323 12449 0
32157642231323 12817 0
32164571111111 17098 0
32164571111231 9917 0
32164571232323 12802 0
32164572232223 14418 0
32164572232313 14353 0
32164572233321 22442 0
32164572312323 22201 0
32164573323212 12401 0
32165741111111 16174 0
32165741111132 14903 0
32165741233223 23761 0
32165742211112 13378 0
32165742331112 14259 0
32165743311131 11962 0
32167451111111 15702 0
32167451213333 17221 0
32167451222222 14743 0
32167451312222 15199 0
32167451333111 15096 0
32167452211121 16277 0
32167453222313 16124 0
32167453313333 15793 0
32167453321232 15899 0
32174561112323 9533 0
32174561232113 10714 0
32174561232233 11278 0
32174562231212 13618 0
32174652312332 11959 0
32174652332132 10971 0
32175461111111 17265 0
32175461113112 10013 0
32175461221112 12434 0
32175461333111 12351 0
32175462233111 14658 0
32175462312323 23791 0
32416753121222 16082 0
32417562113321 16365 0
32417652132131 15232 0
32417653132121 13372 0
32451762331121 10917 0
32456173212332 13810 0
32456711233133 25980 0
32465172112121 12661 0
32465172132131 12738 0
32465172133121 13086 0
32465172332321 22473 0
32465173123121 13827 0
32465173132121 14030 0
32465173133111 13455 0
32465173233221 22851 0
32475161232323 15398 0
32475163331222 13932 0
32476513232231 12315 0
32517463131311 20374 0
32546713323212 12183 0
32547611121113 12455 0
32547611131112 10415 0
32547611213111 10699 0
32547611312111 10799 0
32547612111311 10174 0
32547613111211 9681 0
32561471113133 18171 0
32561471121311 8955 0
32561471122211 18469 0
32561471131211 9728 0
32561471211131 15304 0
32561471311121 12082 0
32561472133313 14730 0
32561472213122 15315 0
32561473222223 16787 0
32561473323212 15665 0
32567412122222 9778 0
32567412131312 10646 0
32567412222212 11485 0
32567413131212 10237 0
32567413133333 11153 0
32576142313223 17102 0
32615473332122 14428 0
32647152133121 17359 0
32647153132121 13444 0
32647512333233 20227 0
32657143121213 19555 0
32657412111212 17486 0
32671453123313 18711 0
32674152113333 25344 0
32714652332132 11903 0
32716452123212 16254 0
32741651121311 13137 0
32741651131211 10580 0
32741651211131 10042 0
32741651311121 11876 0
32741652111113 10736 0
32741653111112 11008 0
32745611223332 15964 0
32745612313322 16072 0
32745612322331 16085 0
32751643321232 12975 0
32754163211123 17153 0
32756141233121 17265 0
32761452121313 9409 0
32761452122222 10320 0
32761452222212 9604 0
32761453121312 11895 0
32761453133333 9974 0
32765411112221 17719 0
32765411121113 9124 0
32765411131112 9171 0
32765411133113 16530 0
32765411331113 16533 0
32765412221312 14766 0
32765412323222 11389 0
32765413122212 14306 0
32765413223312 15672 0
32765413231223 16560 0
32765413322312 15703 0
34125672131213 9530 0
34125672131312 10366 0
34125672221222 10044 0
34125673133333 10239 0
34127651121113 10310 0
34127651131112 9620 0
34127651213111 10504 0
34127651312111 10436 0
34127652111311 10084 0
34127653111211 9731 0
34162752132212 25680 0
34165271112212 18109 0
34165271121311 10315 0
34165271131211 10046 0
34165271211131 12711 0
34165271311121 9209 0
34165271311133 16363 0
34165272323333 15832 0
34165273133312 17204 0
34165273222322 16026 0
34165273311131 16234 0
34167252213323 16383 0
34172562132332 18701 0
34172562313331 17972 0
34175263321232 13235 0
34216572213122 25290 0
34261572132131 10450 0
34261572133121 11737 0
34261573123121 11436 0
34265712212132 17190 0
34275161312213 9506 0
34275162112322 15248 0
34275162213221 16542 0
34516271111111 10969 0
34516272312332 17550 0
34516722313223 11586 0
34517622231323 12096 0
34521672223232 10754 0
34526713232312 9036 0
34527612211322 12121 0
34527612231122 11128 0
34527612231332 13553 0
34527612331322 12139 0
34527613312133 11799 0
34561272122123 10604 0
34561272122321 10369 0
34561272212213 15356 0
34561272213122 9413 0
34561272232211 15158 0
34561273221233 9445 0
34561273233131 9908 0
34561273311233 9945 0
34561273313321 11676 0
34561273321133 10112 0
34561273321223 8973 0
34561721111111 12196 0
34562171321111 10854 0
34562171321231 8054 0
34562172232313 14427 0
34567212223232 12135 0
34617252111212 12893 0
34617252123212 13610 0
34617252132212 13877 0
34617522221333 14328 0
34621572132131 12574 0
34625172111212 15042 0
34627512232313 11223 0
34651271123111 9688 0
34651272332132 14988 0
34675212222122 23051 0
34715262221123 19116 0
34716522223211 18336 0
34721652121313 14405 0
34721652131213 12453 0
34721652221222 14161 0
34721652222212 12799 0
34721653333313 9998 0
34725611212211 17089 0
34725612111113 8779 0
34725612121322 15631 0
34725612231212 15262 0
34725612231332 16019 0
34725612322232 12057 0
34725612331322 15659 0
34725613111112 11022 0
34725613111133 16354 0
34725613132223 15754 0
34725613311113 16261 0
34761252323222 9411 0
35126741232212 17515 0
35126742231233 17645 0
35127462331331 21616 0
35162472122231 14620 0
35162472123233 13091 0
35162473122221 15024 0
35162473323131 15648 0
35162473332122 13437 0
35162473332131 14819 0
35162742213323 15328 0
35167242132212 20061 0
35172461232323 15744 0
35174262213131 18455 0
35174262231113 17256 0
35246171111111 16774 0
35246171113322 16551 0
35246172213311 16762 0
35267141223233 11858 0
35267141321132 19576 0
35271461322233 16312 0
35416721113112 11045 0
35416723232213 14551 0
35417622223133 13268 0
35426712131132 19818 0
35426712311312 14159 0
35426713111313 12905 0
35426713131113 11756 0
35426713312211 9955 0
35461271111231 11908 0
35461271321231 8278 0
35461272222323 12540 0
35462171131313 12584 0
35462171212121 12737 0
35462171221223 13034 0
35462171332331 15306 0
35462172213311 10070 0
35462172223331 12655 0
35462172312131 15732 0
35462173123211 14505 0
35462173131311 13120 0
35462173221221 13678 0
35462712322322 17308 0
35472163222313 9519 0
35472163231322 10941 0
35476122221111 12642 0
35614722321233 14667 0
35617423131332 14894 0
35624712121232 11694 0
35624712321212 16609 0
35624712321332 11620 0
35624712331232 12276 0
35714623111322 22899 0
35721642221213 26102 0
35762142222113 17589 0
36125471111333 17784 0
36125471212112 20118 0
36125471213111 9205 0
36125471222111 20332 0
36125471312111 10513 0
36125472111311 10051 0
36125472121223 14290 0
36125473111211 11585 0
36125473232222 16706 0
36125473323233 17879 0
36125743222331 19973 0
36127451333222 15726 0
36145272122222 10024 0
36145272131213 11327 0
36145272131312 10377 0
36145273333313 11914 0
36147251121311 11538 0
36147251131211 11618 0
36147251211131 12083 0
36147251311121 10108 0
36147252111113 12127 0
36147253111112 10822 0
36152741231312 21537 0
36152742131321 17673 0
36172452133133 17034 0
36217452131333 21965 0
36217541223311 10973 0
36217543213112 14445 0
36241573212332 12842 0
36241753212311 9961 0
36415272123212 19212 0
36417522123311 18480 0
36514272212111 18410 0
36521472113321 16071 0
36521472331121 16670 0
36527411131133 16383 0
36527412111113 9897 0
36527412131222 18405 0
36527412211322 17119 0
36527412221312 15632 0
36527412231122 14850 0
36527412322232 10001 0
36527413111112 10439 0
36527413311311 15851 0
36541272323222 9547 0
36542712121322 15679 0
36547212121313 10407 0
36547212122222 11636 0
36547212131312 11573 0
36547212221222 10303 0
36547213331333 12911 0
36712542121112 11939 0
36712542121121 11818 0
36712542121211 15729 0
36712542122111 12829 0
36714252232223 9514 0
36714521232113 12490 0
36714522121322 15687 0
36714522122213 14820 0
36714523132223 12853 0
36714523132322 12907 0
36721451131331 17053 0
36721452121322 15598 0
36721452122123 15077 0
36721452122213 15043 0
36721452122321 15624 0
36721452131111 12166 0
36721452223232 8713 0
36721453113113 18451 0
36721453121111 15224 0
36725411121212 12559 0
36725411131313 12757 0
36725411212121 13601 0
36725411313131 12513 0
36725412111212 13286 0
36725412121112 12372 0
36725412121211 13424 0
36725412121232 12670 0
36725412123212 13746 0
36725412321212 13866 0
36725413111313 14931 0
36725413131113 13546 0
36725413131311 15835 0
36741252122123 12494 0
36741252122321 12023 0
36741252122333 10562 0
36741252123323 11757 0
36741253233131 11831 0
36745211211221 15892 0
36745212121223 14507 0
36745212122312 18172 0
36745212122333 15053 0
36745212123323 16918 0
36745212131111 9170 0
36745212223232 9688 0
36745213121111 11847 0
36745213131131 16062 0
36745213133111 16040 0
36745213232213 15556 0
36751243222322 9645 0
36752142122132 19942 0
36752142123221 14738 0
36752143132232 12989 0
36752143133222 13835 0
36752143211132 12366 0
36754123232222 14438 0
37246511112233 22550 0
37256142321233 13110 0
37415622333221 17092 0
37426513132313 11830 0
37452162323312 11681 0
37516422333311 14752 0
37561241311112 9552 0
37612453122233 15492 0
37612542221111 14353 0
37614252221123 14271 0
37614521111111 17074 0
37614521323232 9974 0
37614522111221 12650 0
37614522113321 16227 0
37614522313322 16074 0
37614522323312 12516 0
37614523232213 14454 0
37615421113322 9878 0
37615422211133 8149 0
37615422223133 8356 0
37615422313121 13404 0
37615422313331 13913 0
37615423121132 14324 0
37624152311213 18283 0
37624511232233 11065 0
37624512121322 15865 0
37624512231212 13979 0
37624513131323 13534 0
37624513231313 13284 0
37641252222323 11926 0
37642152213311 11692 0
37642513122221 18615 0
37645122312221 14466 0
37651242211133 13480 0
37651422312311 17433 0
37652141113232 8013 0
37652143231322 13206 0
37654212311222 18906 0
41236753232321 11927 0
41237561313131 19243 0
41263751312222 24964 0
41325671212211 12325 0
41325762313223 17084 0
41325763131233 13905 0
41352671212112 11599 0
41352671212121 11406 0
41352671222111 12124 0
41357622313112 11653 0
41367253111133 12713 0
41532672313211 24330 0
41532761233133 16447 0
41563273113311 12894 0
41576322212222 14734 0
41625372313211 14504 0
41625373121213 14167 0
41625731222231 13418 0
41635721212121 19440 0
41657321222312 19727 0
41673252212222 15527 0
41673521111111 11689 0
41723562313211 15841 0
41725361232113 7512 0
41725361321213 17845 0
41725362221213 15640 0
41725362313211 9326 0
41725362313223 11271 0
41725363121222 13882 0
41725363121231 14034 0
41725631111111 12411 0
41725631211122 12837 0
41725632322331 22877 0
41725633111133 11800 0
41725633121123 14782 0
41725633211111 16253 0
41726352313322 9705 0
41726532312233 15700 0
41735261323313 19731 0
41735262312233 11569 0
41735263123223 16741 0
41735621233232 12825 0
41735622313322 15427 0
41736521233232 15625 0
41736522332231 9917 0
41752631222123 13965 0
41752632311123 11392 0
41752632312323 8691 0
41752632313211 27460 0
41756231321213 21205 0
41756233121231 17629 0
41762532221333 18326 0
41762533123331 17098 0
41765231233232 14348 0
41765322221312 14648 0
41765322313211 24573 0
41765323122212 14645 0
42136752131312 19871 0
42137561123333 21051 0
42137653122131 15384 0
42137653132121 13287 0
42157633231322 15269 0
42163751121212 20813 0
42165373223123 11181 0
42167532131333 18764 0
42315673112111 10563 0
42351671212211 13381 0
42351763231133 22681 0
42367153111121 15069 0
42367153211123 15323 0
42516372233111 11525 0
42561733323122 14522 0
42573612323231 10265 0
42573613322231 10998 0
42613572313211 15822 0
42615371313332 22366 0
42615372213311 10936 0
42615372221213 15307 0
42615372313211 10166 0
42651372213311 16339 0
42651733311122 12848 0
42673512232133 12409 0
42751632321233 16238 0
42751632323231 13031 0
43126572133313 15248 0
43167251232212 16904 0
43176252123131 16935 0
43176252311132 17005 0
43216573132121 12038 0
43216573132223 11080 0
43216573212311 12349 0
43216573212332 18474 0
43512671313332 16671 0
43527612312323 8882 0
43561271111111 10194 0
43571262122222 19540 0
43572161111111 11524 0
43572612312323 10493 0
43576211123222 17901 0
43576212112232 21358 0
43615271333312 14057 0
43615272113321 9323 0
43617521223221 23879 0
43621752213323 15783 0
43651722323132 10077 0
43675122222122 15059 0
43675211221331 13813 0
43721653231313 14988 0
43751623123313 15757 0
43765212222122 17114 0
45167323322231 15852 0
45176231131313 16501 0
45176231133113 16045 0
45176231331113 15988 0
45176233131113 17205 0
45176321131133 19439 0
45213672221123 17549 0
45273162222122 18539 0
45276131131133 18365 0
45312671222312 13095 0
45312672223331 11295 0
45312672233321 8610 0
45312672313211 25548 0
45312673132313 20934 0
45312673222112 13136 0
45312673231313 20933 0
45312761113211 13555 0
45312761133311 10902 0
45312762221111 15704 0
45312762311111 11896 0
45321671212211 12063 0
45321671221121 10462 0
45321673113311 17903 0
45327612222323 13313 0
45362712122222 19710 0
45367122223133 11841 0
45367211111132 12557 0
45367211211122 11396 0
45367213111133 11506 0
45376121131133 17846 0
45376121331311 14815 0
45376211333123 15807 0
45376213131323 21229 0
45376213333322 14749 0
45612371133221 23466 0
45612372331121 22501 0
45612373112231 22164 0
45612373132121 13620 0
45612373132223 13477 0
45612373322111 20504 0
45612373332122 13239 0
45612373332221 13924 0
45613271331221 13185 0
45613272233111 15821 0
45621373123331 13037 0
45621373211111 19594 0
45621732212123 17144 0
45621732233333 17125 0
45623712332123 12270 0
45623713322321 10826 0
45637123132121 14865 0
45637123332122 13524 0
45671231132231 11967 0
45671233112132 12379 0
45673212212132 19049 0
45673213211222 17649 0
45713623223132 15137 0
45721363321313 16752 0
45721363322231 14821 0
45732612233321 16194 0
45736121122211 15628 0
46123571111111 10825 0
46123573232123 16108 0
46125731333123 20195 0
46127351131313 13378 0
46127352131333 13912 0
46127353131323 13859 0
46135272133313 14220 0
46153273131131 15674 0
46157233333232 9487 0
46157321331233 13975 0
46215372121223 14441 0
46215372313211 21048 0
46257132211133 11678 0
46257313312211 27337 0
46273512122312 14895 0
46273513221212 14236 0
46275311123222 14322 0
46275312112232 17995 0
46275312132212 15436 0
46275312232133 7875 0
46275312313211 9658 0
46275313121222 13895 0
46275313312211 11173 0
46321752111131 10130 0
46352171211233 11344 0
46352172113231 11372 0
46372511221331 14170 0
46375211211332 21057 0
46375212113111 15719 0
46375212132131 12185 0
46375212132221 15961 0
46375212332222 14628 0
46375213112111 15859 0
46375213123121 13323 0
46375213333121 14216 0
46512371331221 15098 0
46512372113321 15271 0
46513272332111 9672 0
46513273113221 9602 0
46523711331332 19425 0
46527133111121 12453 0
46572311223122 16407 0
46572312132122 14125 0
46721533123313 19208 0
47123562232133 12402 0
47123651233232 14188 0
47126351233232 16011 0
47126532133133 22438 0
47132562311111 9660 0
47132563222331 18586 0
47132652233321 10602 0
47135622132332 14626 0
47136252133112 20878 0
47152361233232 12933 0
47152631322131 17415 0
47156231332313 17720 0
47156233211132 13654 0
47156233223312 15466 0
47156233233113 16951 0
47156233322312 14594 0
47156321111111 13762 0
47156321133311 13603 0
47156322132311 15413 0
47156322313232 15454 0
47156322332132 11976 0
47156322332312 15503 0
47156323223123 13022 0
47162351322122 14115 0
47163522131222 14485 0
47165321232113 7950 0
47165321322131 23337 0
47165322132212 15302 0
47165322133112 17535 0
47165322232133 7443 0
47165322313211 10248 0
47216352131333 17186 0
47251363131113 23369 0
47251632131312 19442 0
47256133212311 8416 0
47256133321232 12390 0
47265312122222 14427 0
47265312131312 14887 0
47265312313211 14277 0
47321651311133 11697 0
47352612123131 16817 0
47352612311132 16996 0
47352612313211 24360 0
47512632312323 17736 0
47621532232331 11118 0
47621533231121 13362 0
47632152233321 8996 0
47632153212311 10874 0
47632153232321 10129 0
47632513212332 20297 0
47652132231323 13242 0
47653213211231 23746 0
47653213232111 11108 0
51264731113322 16986 0
51264732213311 16306 0
51267342312233 20169 0
51324671211122 10136 0
51324672212111 13235 0
51324673113311 16832 0
51324761111123 15581 0
51324763113332 13347 0
51342672212111 13639 0
51342763312223 14727 0
51367241211113 9954 0
51423671221331 13265 0
51426731111111 17291 0
51426733312211 16814 0
51472361131313 14611 0
51472633331312 15455 0
51623471321111 9791 0
51623743313321 19873 0
51624731312123 16915 0
51624733323113 21330 0
51632741323232 9760 0
51642371122313 17641 0
51642731113322 10971 0
51647231113232 8971 0
51723643131311 18059 0
51724362122222 14761 0
51724363121213 14450 0
51726433123313 16297 0
51732643121213 19801 0
51742632323231 13722 0
51742632323333 12424 0
52134761232113 17531 0
52147631121311 11170 0
52147631131211 11186 0
52147631211131 9994 0
52147631311121 10683 0
52147632111113 10354 0
52147633111112 13227 0
52163471112122 16955 0
52163471213111 10039 0
52163471312111 9974 0
52163471333123 15726 0
52163472111311 9031 0
52163472131222 14230 0
52163473111211 9504 0
52163473111331 17251 0
52163473221323 15522 0
52163473323332 21940 0
52167342121232 15445 0
52167432121313 12615 0
52167432122222 12261 0
52167432131213 10521 0
52167433133333 11928 0
52167433331333 10551 0
52174633223123 12940 0
52314673311311 20372 0
52314761322122 17684 0
52341671111111 26473 0
52341671122211 16906 0
52341671311313 15150 0
52341672211112 17434 0
52341672232313 16884 0
52341672323222 10079 0
52341672323312 20075 0
52341673133111 15446 0
52341673232213 16896 0
52341673232333 8963 0
52341673323212 19770 0
52361472121313 11931 0
52361472131312 10265 0
52367142211121 13124 0
52367412322232 10322 0
52374161112323 16842 0
52376413222223 11885 0
52463173212332 16961 0
52463713212332 16422 0
52471631223113 14685 0
52471631323112 14510 0
52614372313211 9886 0
52641733212311 8469 0
52641733232321 11204 0
52673413232123 14972 0
52713461232323 8831 0
52714361232113 10339 0
52714633213223 12480 0
52714633223123 11235 0
52731641233112 13855 0
52731641323112 13089 0
52736141322233 8799 0
52741362313211 12430 0
52741362313223 11041 0
52741632122333 10088 0
52741632123323 12738 0
52741632212213 9730 0
52741632212231 9637 0
52741632232211 9370 0
52741633221233 9786 0
52741633313312 9159 0
52741633313321 10028 0
52741633321223 10992 0
52741633323311 9372 0
52743611111213 10103 0
52743611111312 12839 0
52743611112131 10998 0
52743611113121 12725 0
52743612131111 9516 0
52743613121111 11573 0
52761431111213 10868 0
52761431111312 10157 0
52761431112131 10620 0
52761431113121 10763 0
52761432131111 11569 0
52761433121111 9815 0
52763143222331 18241 0
52763411222312 15347 0
52763411333123 11017 0
52763413222112 15789 0
52763413223312 15549 0
52763413322312 15248 0
53126471231231 16912 0
53126471231321 11947 0
53126471321321 15481 0
53146272123233 14978 0
53147262123131 15779 0
53162743312223 14448 0
53274163211222 19230 0
53421671321111 14194 0
53421671321231 8809 0
53426171112233 8621 0
53462711113322 10083 0
53467211321111 10192 0
53476121323112 15302 0
53476121323322 15361 0
53614721212121 15376 0
53621471331221 12786 0
53642171111111 17316 0
53672142221213 25361 0
53714622233111 19218 0
53721463223312 19623 0
53724612121112 15941 0
53726143333121 14125 0
53741621323112 14355 0
53741621332112 15190 0
53742612323333 13246 0
53761242121211 12945 0
53761242221213 14026 0
53761242321212 12797 0
53762143222331 13884 0
53762413322123 14285 0
54123673233323 11359 0
54126371331221 13100 0
54127632131213 12831 0
54127632222212 12515 0
54127633131212 13750 0
54127633133333 11869 0
54127633333313 10340 0
54163271133221 18775 0
54163272233111 17635 0
54167231121113 9821 0
54167231131112 9900 0
54167231221211 17168 0
54167231333213 14933 0
54167232112112 16858 0
54167232133313 16316 0
54167232333113 15626 0
54167233232333 10823 0
54167233331213 16141 0
54172633132313 15241 0
54217362233213 32105 0
54217632132212 25753 0
54231671123111 14993 0
54231673123121 15025 0
54261373123121 12226 0
54261732231233 16710 0
54276132233312 16205 0
54312671131331 9402 0
54312672212111 10971 0
54312673311311 17775 0
54317261113112 9958 0
54317621111222 13166 0
54321672212213 11909 0
54321672212231 10870 0
54321672232211 11544 0
54321673313312 15800 0
54321673313321 15644 0
54321673323311 16498 0
54321761211221 9346 0
54321763113113 14322 0
54326171111231 13800 0
54326171112233 9337 0
54326171321231 9101 0
54326711112212 13349 0
54327612223232 10417 0
54361272223232 11461 0
54362171113133 12833 0
54362711111231 10217 0
54362711323112 15187 0
54367121112212 16323 0
54367121113211 13034 0
54367121113331 17088 0
54367122211121 12059 0
54367122311111 13487 0
54367123311113 10840 0
54367211132222 10069 0
54367211213333 12867 0
54367211222132 9500 0
54367211333213 9846 0
54367212211322 12448 0
54367212231122 10150 0
54367212233213 9570 0
54367212332213 9821 0
54367212333113 9718 0
54367213112222 10756 0
54367213312133 10618 0
54371261113331 13121 0
54371621113112 14490 0
54371621113322 9687 0
54376121322233 9638 0
54376211111132 12791 0
54376211111222 12867 0
54376211113133 14708 0
54612371112311 22875 0
54612372222131 13270 0
54612732112223 16384 0
54612733322213 16174 0
54621371133311 10428 0
54621372211121 10950 0
54637211132111 9755 0
54671232221213 19763 0
54712361323313 18088 0
54712362223322 17002 0
54716232222113 17415 0
54716321112323 17819 0
54716322313223 17137 0
54721631111111 33514 0
54721631122121 17113 0
54721631311133 15618 0
54721632133232 16886 0
54721632212222 15982 0
54721632212231 14895 0
54721633231322 16183 0
54721633313321 15329 0
54721633333331 14103 0
54723612131312 12185 0
54723612221222 12956 0
54723612222212 11005 0
54723613121312 11446 0
54723613333313 12227 0
54761233322321 16552 0
54763212322232 10388 0
56123471222312 10056 0
56123471223221 10145 0
56123471331332 13524 0
56123471333123 9725 0
56123472322121 10229 0
56123472331331 10207 0
56123473133132 11214 0
56123473133231 10207 0
56123473222112 9179 0
56123473223312 9005 0
56123473322312 9355 0
56124371111231 9795 0
56124371232323 14864 0
56127433332323 10868 0
56132472333332 11586 0
56132473211111 8570 0
56132473213211 11665 0
56143273332323 12951 0
56147231222132 16240 0
56147231333213 11094 0
56147232233213 11560 0
56147232332213 12212 0
56147232333113 11106 0
56147322333233 13528 0
56173421113112 10291 0
56174232323333 11624 0
56174321232113 9787 0
56213471111111 9815 0
56213743313333 15488 0
56243173133111 12944 0
56243713121333 14741 0
56247132333233 12505 0
56271433111313 14340 0
56271433123313 14509 0
56271433132313 14941 0
56274132331133 13236 0
56274312313211 9718 0
56321473233323 9656 0
56321742211112 15468 0
56324171221331 13159 0
56327411211332 16375 0
56327413213112 15864 0
56341273121213 12215 0
56341273131212 10257 0
56347122333233 13491 0
56347211213111 10754 0
56347211222132 15113 0
56347211312111 10235 0
56347211331131 16027 0
56347212111221 21898 0
56347212111311 10954 0
56347212123233 17063 0
56347212232223 17163 0
56347213111211 10083 0
56347213131332 15923 0
56423171231231 13315 0
56423171231321 13270 0
56423171321321 14569 0
56423172112121 11483 0
56423173132121 12670 0
56423173133111 11145 0
56432713122122 15623 0
56712341232113 17220 0
56712343211123 16852 0
56721343123331 16108 0
56721432312233 17691 0
56723411113313 16332 0
56723411121113 10958 0
56723411131112 10366 0
56723411222312 14802 0
56723412122312 14062 0
56723412323222 9174 0
56723413221212 14150 0
56723413222112 14955 0
56723413331111 15789 0
56732143122113 20282 0
56741231121311 10178 0
56741231131211 13197 0
56741231211131 12980 0
56741231311121 9939 0
56741232111113 11572 0
56741233111112 11375 0
56743212122222 10047 0
56743212221222 11955 0
56743213121213 12046 0
56743213121312 9999 0
56743213331333 13788 0
57123461111111 9658 0
57164322131312 14581 0
57214361323232 9740 0
57214632212213 26831 0
57236141113232 9003 0
57236141322233 9335 0
57236141323232 14043 0
57241631322113 13519 0
57241631323112 13200 0
57246131112233 9678 0
57264132111323 16704 0
57321641311112 14845 0
57321642311132 15765 0
57364212213311 10914 0
57364212313211 11110 0
57364213332122 10812 0
57642311113322 16985 0
61234572231323 12509 0
61234573232213 9831 0
61235741313131 15354 0
61257343232123 13460 0
61274351313131 15410 0
61274532231323 12340 0
61352472233321 17118 0
61352472313211 23272 0
61452731311313 13026 0
61453721111111 16901 0
61453721311112 15512 0
61453723111121 16742 0
61472532123332 11498 0
61472533112111 10979 0
61527431111111 11694 0
61534272311132 9941 0
61534721112311 15631 0
61534721113211 14384 0
61543271111111 11021 0
61543271112311 10494 0
61572432312323 8692 0
61734523222331 18029 0
62134572321323 14355 0
62135471122121 13158 0
62135472132131 14170 0
62135473122131 12992 0
62135473123121 15317 0
62135473131131 13150 0
62135473132121 14461 0
62135473232231 24619 0
62135473322321 23344 0
62135743222331 13571 0
62135743312223 22063 0
62147353123121 15127 0
62147353132121 13351 0
62154733321121 11590 0
62157342132212 14938 0
62173543232132 12096 0
62174351122133 15153 0
62174533311212 18881 0
62317453112111 9203 0
62317453312211 14199 0
62351743112123 19901 0
62371453311311 13072 0
62374511322311 12767 0
62374513112321 12700 0
62374513312112 11214 0
62435172211133 8937 0
62435172311132 8971 0
62435711222222 16796 0
62453713311122 14336 0
62471532232133 10652 0
62475131322323 14550 0
62531472321233 14259 0
62543711211113 15047 0
62543711311112 13500 0
62571432321233 13604 0
62735143223213 17899 0
63125741112323 22297 0
63125743131233 15283 0
63125743133312 14304 0
63142571111111 11689 0
63142571132321 25132 0
63142573112123 24883 0
63172452312323 16349 0
63172452313211 22957 0
63174522332132 12328 0
63247511123132 12270 0
63251743133231 23494 0
63452711311313 11607 0
63452712333221 11690 0
63471522123131 20666 0
63471522323132 18264 0
63471522332132 20319 0
63472512123332 11349 0
63512743313333 15640 0
63541271212211 18488 0
63542713121333 19298 0
63574212123131 17966 0
63574212313211 24280 0
63712542221111 13624 0
63714252123131 9856 0
63714521112323 11820 0
63714522332132 10813 0
63721541233322 14995 0
63724153121213 17168 0
63725141112323 10805 0
63725141233121 14117 0
63725142123131 9581 0
63725142223133 8673 0
63725143122113 14792 0
63725143123313 22961 0
63741252222323 12531 0
63741522123131 10707 0
63742511232221 17054 0
63745123122212 13596 0
63751242221321 14623 0
63751423122311 17247 0
63752141111111 15614 0
63752141122211 12847 0
63752141123213 14738 0
63752142332132 13401 0
63752143123223 14765 0
63752143212323 15226 0
63752143223123 13859 0
63752411223212 14060 0
63752411333213 20346 0
63752412312323 10879 0
63752412322112 14725 0
63752412333113 20483 0
63754213122122 16610 0
64125371131313 25472 0
64157321133212 26367 0
64231572311132 10808 0
64257131113223 14903 0
64271533221212 15036 0
64275131212223 14036 0
64275131312123 13905 0
64275132211133 9474 0
64275132232133 8530 0
64275133231112 14979 0
64275133312211 10078 0
64275311112332 17684 0
64275311222222 14452 0
64275313312211 17481 0
64321572111131 18161 0
64321572132131 19711 0
64321572311132 20174 0
64325713121222 25996 0
64351272132131 13190 0
64357212313211 12382 0
64357213231322 17187 0
64357213312211 10710 0
64531271212211 18409 0
64531272132131 11492 0
64531273122131 11998 0
64531273123121 14034 0
64531273311311 12891 0
64531273312211 11756 0
64572131122223 15833 0
64713253112111 10543 0
65123471112311 8342 0
65123471233232 13167 0
65123472312311 11598 0
65132471212112 15356 0
65132471222111 14946 0
65132471231321 13831 0
65132471323121 17535 0
65132472131231 14269 0
65132472212231 21022 0
65132472233321 10850 0
65132473111331 14178 0
65132473313312 11954 0
65132473323311 12213 0
65132741223323 10072 0
65132743222331 14082 0
65134721233232 14851 0
65147321232113 13771 0
65172431132333 16925 0
65174232123131 8794 0
65174232133313 13873 0
65174232323312 13691 0
65174233323212 14010 0
65174233331213 14448 0
65174322313211 11212 0
65174323223123 12249 0
65213741111111 12280 0
65241371111111 13436 0
65243712121322 16825 0
65271341332331 19154 0
65271432231233 13087 0
65274131111111 16598 0
65274131311313 11987 0
65274131312213 14675 0
65274132123332 12966 0
65274133132223 13661 0
65274133232321 10730 0
65274133312223 14298 0
65314272311132 16650 0
65314272313211 24564 0
65321472111122 12232 0
65417321232113 17125 0
65417323223123 15640 0
65417323232123 15968 0
65423713321322 16518 0
65432173232321 12316 0
65471231132213 17091 0
65714323223123 13262 0
65723143321313 14047 0
65732411333123 15707 0
65742311212313 12621 0
67132541133311 15166 0
67145323133312 16857 0
67154233323332 11985 0
67215343333133 13576 0
67231541323112 15927 0
67231543323122 16491 0
67234513332122 12111 0
67245131313323 15224 0
67245311112311 20011 0
67245311133233 13103 0
67254311131133 17074 0
67254313311113 9955 0
67312452233321 8962 0
67312541121221 9318 0
67312542221111 12537 0
67321451111123 11419 0
67321451112311 12269 0
67321451212211 18196 0
67321451311133 11659 0
67321452111122 11084 0
67321453113311 14917 0
67321542232133 10937 0
67341252222323 12378 0
67342512222113 13327 0
67345122223133 9361 0
67345122232133 8883 0
67345211111123 13161 0
67345211111132 13933 0
67345211112233 22731 0
67345211113322 21644 0
67345211211122 12976 0
67345211311133 13455 0
67345212111122 12694 0
67345213111133 13747 0
67354121111111 10048 0
67354211212121 13344 0
67354211313113 20491 0
67354211333111 20344 0
67354212111221 14009 0
67354212212222 15057 0
67354212311132 8635 0
67354213111313 16795 0
67354213131311 16167 0
67354213211132 11295 0
67354213313333 14583 0
67412353132121 17375 0
67412353332221 13976 0
67412531131133 13001 0
67435121332112 12147 0
67435123123121 12211 0
67452313321232 12515 0
71234563231322 13166 0
71263541333222 24007 0
71263542323123 25310 0
71264533131323 11426 0
71264533221323 11747 0
71264533231223 14038 0
71264533231313 11896 0
71326451211311 11475 0
71326453132121 14937 0
71326543333313 19990 0
71345262132131 15057 0
71362453113311 12745 0
71365423331312 18747 0
71423563213232 13395 0
71423653213232 12569 0
71426353312211 8651 0
71426533333223 18933 0
71432561232323 16413 0
71432561323232 10003 0
71432562111221 12836 0
71432563232213 12396 0
71432563323113 14395 0
71432563323122 12529 0
71432563332113 14366 0
71435261322233 10427 0
71435262222122 13335 0
71435263211123 8188 0
71435263311122 8453 0
71435263333133 13864 0
71435263333223 14231 0
71435623333331 20364 0
71436253333112 20020 0
71452363213232 12739 0
71452632222131 18181 0
71453262222221 15658 0
71453623311122 14423 0
71456321322323 11793 0
71456322111221 12256 0
71462531113322 12795 0
71462532111212 12137 0
71462532121112 13413 0
71462533111223 16435 0
71462533221113 15384 0
71463523331222 17457 0
71523463131311 14220 0
71523463231313 15039 0
71523463331312 14365 0
71532463221332 12868 0
71534262122222 16504 0
71542633132322 12031 0
71543622111131 13698 0
71543623111121 14568 0
71546233331213 14619 0
71546322231212 14932 0
71562433123232 9442 0
71563243221221 20307 0
71625433213133 26069 0
71643252231212 14436 0
71643523331213 15765 0
72134562312212 18546 0
72136541322233 17342 0
72143563222331 13055 0
72143651121113 10348 0
72143651131112 10647 0
72143651213111 10266 0
72143651312111 9825 0
72143652111311 9766 0
72143653111211 9865 0
72145631233223 15938 0
72145633232231 16067 0
72145633312223 19947 0
72146352232223 11535 0
72163452122222 11855 0
72163453121213 10223 0
72163453131212 11433 0
72163453133333 10112 0
72163453331333 11291 0
72164353131113 15163 0
72165431113331 16249 0
72165432111113 9794 0
72165432111122 21674 0
72165432211112 18434 0
72165432323312 15823 0
72165433111112 8954 0
72165433121333 17406 0
72165433221233 15493 0
72165433233323 11529 0
72165433321223 14495 0
72165433331213 15049 0
72345611111111 16435 0
72345611133113 16007 0
72345611221223 15121 0
72345611222222 14437 0
72345611331332 17168 0
72345612122111 16455 0
72345612331331 14741 0
72345613221221 14913 0
72345613333331 17977 0
72356141112323 17789 0
72356141232113 17011 0
72356143211123 16708 0
72361453232333 9781 0
72361542333233 18283 0
72365412222212 9346 0
72365413121312 11999 0
72365413131212 9827 0
72365413331333 10466 0
72435163333313 20240 0
72513641232323 8347 0
72513641233322 12186 0
72516342313223 8741 0
72531463321232 12345 0
72534163211123 9096 0
72541631111213 10866 0
72541631111312 11743 0
72541631112131 11214 0
72541631113121 11622 0
72541632131111 9490 0
72541633121111 12280 0
72543162311111 13716 0
72543163211111 15271 0
72543611221223 8843 0
72543611223221 9606 0
72543611331332 11085 0
72543611332331 9583 0
72543612331331 9126 0
72543613132232 15460 0
72543613133222 10581 0
72543613221221 9786 0
72543613223312 12254 0
72543613322312 12619 0
72546311323112 13185 0
72546313323212 11765 0
72561342313223 14708 0
72561432213122 12730 0
72561433221233 11113 0
72561433311233 16205 0
72561433321133 11460 0
72561433321223 11380 0
72563411111213 10339 0
72563411111312 9614 0
72563411112131 13286 0
72563411113121 10604 0
72563412131111 9672 0
72563413121111 9677 0
72643513212311 12602 0
72643513212332 14722 0
73125463133132 20359 0
73146522113231 11623 0
73246153312211 17304 0
73456123231322 12687 0
73516243323113 14139 0
73516243332131 14499 0
73541262321212 17705 0
73542163321133 21167 0
73542613132121 12649 0
73542613132322 10756 0
73564213321322 17115 0
73614251112323 9381 0
73615241112323 11468 0
73615241113322 11732 0
73615242223133 9231 0
73615243123313 13724 0
73615243213313 14127 0
73615243331312 13870 0
73615243332311 14286 0
73615421113322 16567 0
73615423213211 17063 0
73615423333331 15223 0
73624513121132 21607 0
73624513332131 22021 0
73625141112323 9313 0
73625143121213 13823 0
73625143333313 14276 0
73625412222323 13022 0
73642511111111 8927 0
73642511113232 11249 0
73642511113322 11231 0
73642513223222 16826 0
73645121113211 15600 0
73645122222311 13910 0
73645211223113 12377 0
73645211231111 17607 0
73645211321111 9846 0
73645211332112 12222 0
73645213112231 21198 0
73645213333112 15439 0
73651241113322 18470 0
73652413211312 16897 0
73652413331321 19611 0
73654122111122 12118 0
73654122221111 10739 0
73654211111132 15527 0
74123563323221 9298 0
74123652322121 10789 0
74123653132232 15710 0
74123653133132 11210 0
74123653133222 10877 0
74123653133231 10899 0
74125631313311 15911 0
74125632121121 18003 0
74125632122111 16629 0
74125632131111 9282 0
74125632321332 15914 0
74125633121111 12036 0
74125633131233 14407 0
74125633132232 14754 0
74125633133222 15393 0
74125633133312 16759 0
74125633332323 10390 0
74126352333122 12017 0
74132561321231 11051 0
74132562121121 16135 0
74132562122111 13225 0
74132563131221 16391 0
74132563132112 15352 0
74136522322121 11369 0
74152363132232 11690 0
74152363133132 11336 0
74152363133222 13042 0
74152363133231 11428 0
74156322122123 13487 0
74156322122321 13076 0
74156322313223 8698 0
74156323132331 15629 0
74156323133123 14879 0
74163251121122 17536 0
74163252112211 16894 0
74163252131111 12115 0
74163253121111 11941 0
74163253131332 14410 0
74163253133132 14913 0
74163253133213 16788 0
74163253133231 15389 0
74163253332323 9277 0
74165231121212 14454 0
74165231131313 13103 0
74165231212121 12674 0
74165231313131 13147 0
74165232111212 13440 0
74165232121112 13249 0
74165232121211 13462 0
74165233111313 13022 0
74165233131113 13035 0
74165233131311 12897 0
74165233131323 13625 0
74165233132313 13441 0
74165233231313 13392 0
74213652323132 15006 0
74251633111313 17846 0
74256311321222 22800 0
74256313111232 26464 0
74265312333233 12711 0
74312652333332 11992 0
74321563311131 12942 0
74321653233323 12131 0
74325163131323 14626 0
74325612221222 10188 0
74325613121312 11752 0
74325613131212 10187 0
74325613133333 9923 0
74361253112132 19721 0
74361253211231 16139 0
74365211121221 17685 0
74365211213111 9082 0
74365211312111 9121 0
74365211313113 16554 0
74365211333111 16518 0
74365212111311 9658 0
74365212222323 16651 0
74365212333332 15848 0
74365213111211 9842 0
74365213121333 15240 0
74512361322233 22157 0
74512362313223 17723 0
74513263121222 25421 0
74521632222212 10959 0
74521633121213 11867 0
74521633121312 11405 0
74521633133333 11835 0
74521633333313 11847 0
74523611121113 10527 0
74523611131112 11003 0
74523611213111 12468 0
74523611312111 10921 0
74523612111311 11271 0
74523613111211 10006 0
74532163123223 18543 0
74561231111222 16065 0
74561232111113 10025 0
74561232221111 17648 0
74561233111112 10290 0
74561233131233 14448 0
74561233233323 11777 0
74561233311233 14983 0
74561233321133 14932 0
74561233321313 17087 0
74563211232332 16468 0
74653213133222 20186 0
75132463233233 16803 0
75143263231313 18892 0
75146321323331 17710 0
75213642223133 11664 0
75231463211123 14403 0
75234161322233 8667 0
75234162221111 16383 0
75236143213232 12851 0
75241632222323 13070 0
75243162211322 29063 0
75243611113232 12315 0
75243613213232 13391 0
75246131333312 20330 0
75246311111111 11256 0
75246313212311 12155 0
75246313312211 8661 0
75246313332332 19560 0
75261432123233 10780 0
75264132121232 15736 0
75264132223331 9794 0
75264132321212 14101 0
75264133121333 15189 0
75264133331213 14235 0
75264311223122 17209 0
75264313231112 17836 0
75312463333133 15727 0
75314621133221 10685 0
75314621313212 19656 0
75314623113122 12959 0
75316241231231 15663 0
75321461311112 9838 0
75321463132121 14745 0
75346122133133 13146 0
75346211133122 22705 0
75346211211311 16625 0
75346211311211 15647 0
75346212323333 13516 0
75346213112132 21201 0
75346213132121 13792 0
75346213132322 12893 0
75346213332122 13199 0
75412631223332 10705 0
75416323232213 11929 0
75431263133213 19389 0
75462132123212 15801 0
75613243131332 17564 0
75613243133213 15345 0
75634123323122 12000 0
75641323232111 12758 0
75642132213311 17840 0
76123453233323 9634 0
76125343333133 17073 0
76143252131312 10075 0
76143252221222 9710 0
76143253131212 9918 0
76143253331333 9480 0
76143253333313 11679 0
76145231121113 8967 0
76145231122112 21642 0
76145231131112 10187 0
76145231221112 21962 0
76145231311331 16865 0
76145232123332 15819 0
76145232233213 16427 0
76145232331313 14746 0
76145232332213 16735 0
76145233133213 15818 0
76145233232333 9927 0
76154323333112 17748 0
76213543213133 19499 0
76213543311332 17340 0
76215341231231 13170 0
76215433333133 20191 0
76231451123111 9939 0
76245311121131 17261 0
76245311131121 9916 0
76245311213312 20728 0
76245312132131 13178 0
76245313122122 14755 0
76245313123121 13727 0
76253141123132 11533 0
76253141211332 11067 0
76253413322312 20250 0
76254133311323 22774 0
76254313211111 24013 0
76312452212111 18475 0
76312453211111 11957 0
76312453311311 14708 0
76312542321212 12532 0
76312542322121 16411 0
76312543322222 16407 0
76315241112113 17654 0
76315241113112 10188 0
76315241223113 12315 0
76315241322122 14428 0
76315241323313 15166 0
76315241332112 12468 0
76315243211231 20728 0
76315243323323 15125 0
76321452122123 8952 0
76321452122321 9546 0
76321452122333 9519 0
76321452123323 11319 0
76321452212231 10262 0
76321452213122 10643 0
76321453233131 10302 0
76321453311233 15282 0
76321453313312 11985 0
76321453321133 10114 0
76321453323311 12610 0
76321542211112 14750 0
76321543211111 11981 0
76321543311131 11586 0
76324151112233 8503 0
76324151112323 11732 0
76324153323122 11942 0
76325411111213 12153 0
76325411111312 15296 0
76325411112131 9075 0
76325411113121 10055 0
76325411122121 18620 0
76325411331311 18446 0
76325412112121 21745 0
76325412231212 15144 0
76325412333233 17007 0
76325413222223 16071 0
76341251111213 9966 0
76341251111312 12649 0
76341251112131 10542 0
76341251113121 9866 0
76341251221121 17765 0
76341251311313 16267 0
76341252232313 15714 0
76341252323333 17922 0
76341253221212 18016 0
76341253233131 14748 0
76342511111231 9770 0
76342511111321 16944 0
76342511323112 13210 0
76342512232223 12210 0
76342513213112 23558 0
76342513322111 24848 0
76342513323122 13160 0
76342513323212 12704 0
76345122211112 15742 0
76345122211121 13193 0
76345122213311 21442 0
76345122311111 14193 0
76345123211111 13046 0
76345123311113 13358 0
76345123311131 13897 0
76345123312211 21257 0
76351421112323 12604 0
76351421113322 8555 0
76351423321232 12634 0
76354121121212 15711 0
76354121122121 12019 0
76354121311313 11978 0
76354121313131 13148 0
76354122111212 14621 0
76354122112121 13956 0
76354122212222 14225 0
76354123211123 8893 0
76354123211132 10343 0
76354123313333 19864 0
76354212213323 15007 0
76354212312233 14955 0
76354212313322 16430 0
76354212333332 13085 0
76354213222223 13805 0
76354213312223 14223 0
76421351131121 9936 0
76512343213313 21800 0
76512343332311 22039 0
76514321112323 17666 0
76514321232113 17488 0
76521433232333 11128 0
76523413223231 18658 0
76524313331222 19735 0
76541232131213 11894 0
76541232221222 10427 0
76541233121213 9958 0
76541233331333 10703 0
76541233333313 12197 0
76543211111111 29273 0
76543211212112 19213 0
76543211223221 15483 0
76543211332331 15859 0
76543211333333 15034 0
76543212132323 16565 0
76543212222221 16742 0
76543212323213 16992 0
76543213113131 16336 0
