12345672121232 13824 0
12345672123212 12533 0
12345672321212 12670 0
12345673131323 11869 0
12345673132313 14705 0
12345673231313 14098 0
12345761111111 9994 0
12346571111231 9254 0
12346751113133 11995 0
12347561112212 12476 0
12347651111111 21781 0
12347651122112 17518 0
12347651133311 16233 0
12347652111221 14422 0
12347652123233 17383 0
12347652123332 20624 0
12347652223232 8911 0
12347653111133 15685 0
12347653132223 15950 0
12347653132322 15978 0
12347653332323 8332 0
12354671111111 9236 0
12354761112323 10579 0
12354762121112 12335 0
12354762121211 12372 0
12354762311123 12389 0
12354763131131 12200 0
12354763133111 11671 0
12354763211123 9017 0
12356471113133 12085 0
12356741133131 11941 0
12356741313131 10604 0
12356743113131 10656 0
12357461111222 12829 0
12357461113331 11298 0
12357462211112 9879 0
12357641113331 12114 0
12364571112212 12485 0
12364751112212 11692 0
12364751113133 14604 0
12364753311131 8881 0
12365471111111 15096 0
12365471211122 15774 0
12365471313113 14363 0
12365472223232 9287 0
12365472321233 16989 0
12365473232312 15369 0
12365473332323 9224 0
12365741113331 12191 0
12367451123333 9602 0
12367451132222 10021 0
12367451213333 10785 0
12367451312222 9674 0
12367452113333 11119 0
12367453112222 14563 0
12367541112212 13693 0
12367541113331 16010 0
12367541331131 8926 0
12374561121212 10545 0
12374561211212 10705 0
12374562111212 11595 0
12374651111222 13354 0
12375461111222 13273 0
12375641113112 12005 0
12376451111222 12727 0
12376451113133 16113 0
12376451221211 9526 0
12376541112323 8565 0
12376541232233 13305 0
12376541322233 10202 0
12376542121232 12357 0
12376542123212 11376 0
12376543133132 13176 0
12376543133231 12388 0
12456731132321 18130 0
12456731233223 11035 0
12456733223321 11638 0
12463751231231 17447 0
12467351131121 10507 0
12467351231321 9922 0
12473561132123 11536 0
12536741112323 16419 0
12537461332112 10844 0
12543671111111 21873 0
12543671211212 14524 0
12543671331113 15777 0
12543672121121 17612 0
12543672321332 20717 0
12543672322232 9010 0
12543672331232 17483 0
12543673111331 16335 0
12543673221323 16007 0
12543673231223 15967 0
12543673233323 8354 0
12546371221331 13233 0
12563472131213 9614 0
12563473131212 11926 0
12564733323122 11337 0
12567433232333 12261 0
12576343212221 16621 0
12637451132111 17137 0
12637451332112 14129 0
12643571321321 11995 0
12645371131121 11891 0
12673542331133 17239 0
12734561112323 16318 0
12734561322233 16278 0
12734562313223 15913 0
12745631111111 21860 0
12745632111122 16151 0
12745632212213 13969 0
12745632222221 14407 0
12745632232211 14210 0
12745633131131 16516 0
12745633313312 13896 0
12745633313333 16939 0
12745633323311 16322 0
12753462231323 12014 0
12763452322232 9161 0
12765432121313 9846 0
12765432222212 9368 0
12765433121213 9281 0
12765433331333 9768 0
13245671321111 10020 0
13246571111111 8105 0
13246571112233 9116 0
13246571113232 12271 0
13246572321332 12389 0
13246572331232 12359 0
13246573221233 11906 0
13246573321223 12096 0
13246752133211 17173 0
13247563212131 16518 0
13254761322233 12406 0
13254761323322 11808 0
13254762321233 15742 0
13254763323122 10455 0
13257641112233 14663 0
13265741112323 11874 0
13265742131312 15368 0
13267451122211 8844 0
13267451311133 13686 0
13267541111132 14881 0
13267541232212 12352 0
13274651112323 10255 0
13275461112233 19701 0
13275463213211 13045 0
13275641112233 9515 0
13275641112323 8868 0
13275642131333 12672 0
13275643212221 14376 0
13276451113211 14268 0
13276451233133 13890 0
13276541133122 19762 0
13276541213312 24837 0
13276541321123 20677 0
13276541322311 19119 0
13276541323112 12998 0
13276541323322 12194 0
13276542323312 12107 0
13276543323122 12615 0
13462571111111 16733 0
13462572213311 16315 0
13527461211113 10766 0
13542671231231 11871 0
13546271213213 8898 0
13546271231231 14486 0
13546271321321 11577 0
13572641122133 9180 0
13576241312213 14868 0
13576241321321 12585 0
13627451332112 14516 0
13642571221223 10537 0
13642571223221 10483 0
13642573221221 11814 0
13645271221331 12072 0
13647521111111 10741 0
13675241112323 14889 0
13675242331313 12567 0
13725642332132 14550 0
13754262123323 18557 0
13762451321321 17381 0
13764251211311 10368 0
13764252323231 13597 0
13765422121211 24603 0
14263751131121 9720 0
14267351321321 12118 0
14275633323122 13382 0
14325671111111 15212 0
14325672112121 15896 0
14325672231323 16439 0
14325672323222 9409 0
14325673123232 16763 0
14325673232333 9122 0
14325673311131 14476 0
14327652131213 12044 0
14327653121213 9522 0
14352672212111 12462 0
14356721112323 16855 0
14356721322233 16435 0
14367252322232 9506 0
14367523311113 11361 0
14523672121313 9559 0
14523673121312 11334 0
14527631121311 10259 0
14527631131211 8212 0
14527631133311 14951 0
14527631211131 11069 0
14527631311121 11021 0
14527632122213 17268 0
14527632212111 16021 0
14527632333332 17083 0
14527633132322 15869 0
14527633312133 14792 0
14536273311311 12384 0
14537622231323 15979 0
14563272323222 9608 0
14567231312213 17136 0
14567231321123 16745 0
14573261333111 11489 0
14625731111111 14973 0
14625731131121 9583 0
14625731322233 22478 0
14625732112121 12402 0
14625732113321 14253 0
14625732213323 14877 0
14625732233111 13522 0
14625733133111 12450 0
14632571111111 17521 0
14632571321132 11457 0
14652733321331 12252 0
14673251111111 9254 0
14723651111213 9018 0
14723651111312 8341 0
14723651112131 11284 0
14723651113121 14367 0
14723651211212 17452 0
14723652322121 13683 0
14723652331232 16472 0
14723653232222 16143 0
14723653313111 15123 0
14723653321313 15518 0
14725361111111 15008 0
14725361111123 13581 0
14725361322332 21107 0
14725362211121 13564 0
14725363211213 14784 0
14725363213121 13269 0
14725363223213 14781 0
14725363311113 12963 0
14726531223122 14700 0
14726531232122 14332 0
14726531233313 13911 0
14726531333312 13501 0
14726532232313 11414 0
14726533323122 12548 0
14735621221112 13117 0
14735621223113 11967 0
14735621223332 21041 0
14735621233112 13684 0
14735621323112 13181 0
14735621332112 12570 0
14735621333111 11842 0
14735621333222 21370 0
14736251111132 10303 0
14736251112332 10220 0
14736253222223 10770 0
14736521132222 12007 0
14736521133131 12867 0
14736521211212 14455 0
14736521213333 12429 0
14736521221313 14006 0
14736521321231 12487 0
14736521322233 8060 0
14736521332121 13631 0
14736523112222 12012 0
14736523113131 12200 0
14752363222121 13814 0
14752363232222 12840 0
14752363233131 12224 0
14752631111111 15711 0
14752631112311 14659 0
14752631323223 20341 0
14752632332132 12624 0
14752633213223 12107 0
14752633222223 12353 0
14752633223123 12182 0
14752633223231 21107 0
14753261221112 9736 0
14753261323112 11745 0
14753261333111 10673 0
14762351221331 12070 0
14762351321231 12158 0
14762351331221 13728 0
14763251221223 10051 0
14763251222312 9676 0
14763251332331 12082 0
14763251333123 9109 0
14763252322121 8188 0
14763253132232 8201 0
14763253133132 8142 0
14763253133222 9050 0
14763253133231 8570 0
14763253221221 9350 0
14763253222112 9774 0
14763521113211 10018 0
14763521113223 11222 0
14763523222331 16324 0
14765231111213 9384 0
14765231111312 9678 0
14765231112131 8553 0
14765231113121 11931 0
14765231133131 15307 0
14765232211211 15653 0
14765232232322 15686 0
14765232331313 16614 0
14765233113131 15418 0
14765233323332 15046 0
15236471111111 11983 0
15236473231121 12047 0
15243671331221 12358 0
15246371331332 11483 0
15246371332331 10583 0
15246372331331 10428 0
15267431223113 12046 0
15273641112323 16480 0
15324673113311 12058 0
15342671211311 9135 0
15346271321321 12362 0
15367421211113 17885 0
15367421223113 13784 0
15367423211123 12992 0
15426371111111 16332 0
15426371112233 16170 0
15463271313113 11242 0
15624732123212 15438 0
15624732133313 13579 0
15624732333332 13143 0
15627431223113 10100 0
15627431322113 14346 0
15627431332112 11378 0
15634722123332 8905 0
15634722321233 10228 0
15637423211123 10128 0
15642371111111 10489 0
15642372213311 10297 0
15642372231332 12983 0
15642372331322 11428 0
15642373212311 13330 0
15642373221323 12273 0
15642373231223 13064 0
15643271221331 16034 0
15643271331221 13716 0
15643273223111 9018 0
15647233213232 12248 0
15672341113232 11046 0
15672341323112 11882 0
15672342323312 10530 0
15672343213232 11733 0
15672433312133 18677 0
15724362212132 12871 0
15724631111111 14428 0
15724631211311 9188 0
15724631322233 20872 0
15724632123233 12046 0
15724632313223 23218 0
15724632323231 12532 0
15724632323333 11965 0
15724633132322 11482 0
15734622331223 12584 0
15746321111111 15991 0
15746321323211 10462 0
15746322313112 10314 0
15762342122213 15561 0
15763241111111 8967 0
15763242323132 12537 0
16243571132132 9899 0
16243571231231 12715 0
16243571321321 11179 0
16245371231231 13147 0
16254733312223 14952 0
16257431132111 10671 0
16257433223123 13789 0
16273541122133 16115 0
16273541321321 12401 0
16275341312213 13594 0
16275343122221 15344 0
16327453232333 9047 0
16342571331221 11968 0
16345271111111 15193 0
16345271133131 14462 0
16345271222111 15867 0
16345272322232 9382 0
16345272333212 15509 0
16345273122323 17393 0
16345273233323 9243 0
16347252131312 11312 0
16347253121312 9532 0
16357421223113 11477 0
16374521112323 16457 0
16374523211123 16289 0
16423572112121 11499 0
16427531211311 10321 0
16427531231321 7873 0
16427532333233 17308 0
16453271111111 17976 0
16453271211113 12874 0
16453272111131 13661 0
16475233132313 17531 0
16523473332323 9074 0
16523741112212 11902 0
16524731112212 15278 0
16524731112233 12223 0
16524731113133 12741 0
16527341111111 10164 0
16527431123333 11128 0
16527431222132 9877 0
16527431312222 9481 0
16527431333213 9339 0
16527432113333 11651 0
16527432211322 10351 0
16527432231122 8564 0
16527432231332 8376 0
16527432331322 8669 0
16527432333113 9425 0
16527433312133 8678 0
16532471111222 12286 0
16534271111111 10166 0
16534271111132 8113 0
16534273211111 10216 0
16534723211123 8215 0
16537421111222 12104 0
16537421113322 11438 0
16537421113331 12231 0
16537421223113 11017 0
16537421233112 14591 0
16537421332112 10608 0
16542371221331 12747 0
16542371331221 16132 0
16542372112331 9627 0
16543271221223 14437 0
16543271223221 9555 0
16543271331332 11005 0
16543271332331 10669 0
16543272331331 9484 0
16543273221221 9900 0
16543721111111 8851 0
16543721113211 8101 0
16547233332323 10748 0
16547321113331 13907 0
16572431111111 11980 0
16572433213223 13765 0
16573241123123 9395 0
16573241312312 10574 0
16574231113133 12285 0
16723451122133 15051 0
16723451322311 15200 0
16725431121311 9010 0
16725431131211 9142 0
16725431211122 15654 0
16725431211131 11327 0
16725431311121 8153 0
16725432211121 17080 0
16725432232223 14828 0
16725433113311 14992 0
16725433122212 13479 0
16725433333232 15197 0
16735242122213 13237 0
16742352232313 10759 0
16743252323222 8909 0
16745232121313 9723 0
16745232122222 8723 0
16745233121213 9265 0
16745233333313 11110 0
16753241221112 11464 0
17246351111111 15912 0
17265433111313 13541 0
17324561211323 15960 0
17324561232332 9795 0
17326452212111 12408 0
17356241212313 10740 0
17356242211331 22235 0
17362451211311 10286 0
17362451231321 10327 0
17362452213311 8236 0
17364251231231 12500 0
17423653213232 12509 0
17425631122112 13081 0
17425631223113 12297 0
17425631313113 11871 0
17425631322113 13519 0
17425631322332 21263 0
17425631323112 13287 0
17425631323223 19438 0
17425631332112 12384 0
17426531112233 10176 0
17426531121212 12618 0
17426531132312 13302 0
17426531213123 18515 0
17426531223221 13508 0
17426531232233 9853 0
17426531313131 12119 0
17426531331332 14239 0
17426532121211 11144 0
17426532331331 14654 0
17435622211133 8501 0
17435623211123 8707 0
17436521323232 11876 0
17452363213232 11939 0
17452363322132 13736 0
17452633213232 12597 0
17453262211133 10120 0
17462352213311 9392 0
17463251122112 13214 0
17463251221331 16064 0
17463251313113 10663 0
17463251321231 12449 0
17463251323112 12643 0
17463251331221 15307 0
17526431131121 10315 0
17526431231321 8407 0
17526432123233 11101 0
17543261111111 14183 0
17543261132111 12836 0
17642531111111 16017 0
17642531112233 21067 0
17642533312211 16656 0
17643251122112 11504 0
21345671111111 11989 0
21345762223322 12791 0
21345762312323 8989 0
21345762313223 9493 0
21345763332233 14358 0
21346752313322 9157 0
21347562312323 16603 0
21354671122112 11200 0
21354671131313 13155 0
21354671221112 11171 0
21354672311123 13214 0
21354672311132 10317 0
21354672313211 26895 0
21354673131113 12362 0
21354761112233 24956 0
21354761112311 12898 0
21354761113211 12310 0
21354761113322 19878 0
21354761122211 12227 0
21354761133311 12586 0
21354762213311 20655 0
21354763312211 19100 0
21357462311111 16243 0
21357463213331 12375 0
21357642221132 17367 0
21364752311111 14989 0
21364753212212 12563 0
21365742221312 12469 0
21365742312323 15010 0
21367451311331 10477 0
21367452112112 9289 0
21374653333121 16594 0
21375462312233 13571 0
21375463333211 15949 0
21376541111123 10944 0
21376541112311 11782 0
21376541122211 10512 0
21376541131133 11629 0
21457631321123 21951 0
21473563331312 18433 0
21536742222131 23881 0
21654372231323 11751 0
21654372233321 11060 0
21654373332122 10412 0
21654373332221 11901 0
21734652123131 16134 0
23147562123131 11847 0
23147651112323 10620 0
23147652312323 8147 0
23156471222132 13231 0
23156471333132 13685 0
23156473323332 15462 0
23157461231333 16295 0
23157462131123 18344 0
23164573213133 12127 0
23164752131312 13771 0
23164753333313 12938 0
23165471111111 9602 0
23165471311133 12327 0
23165471312132 13552 0
23165472111122 12286 0
23165472111332 14275 0
23165472132332 14757 0
23165472311111 14853 0
23165473233221 22355 0
23165741112323 8818 0
23165741231312 12968 0
23165742123131 7322 0
23165742131321 12833 0
23165742131333 21475 0
23165742312323 10721 0
23165743331312 21493 0
23167541233322 12896 0
23167542131222 13913 0
23174652123131 8461 0
23175463211222 14111 0
23176452132221 15945 0
23176453332233 15425 0
23416752121211 14791 0
23417563232123 10631 0
23456173212332 10117 0
23456173233122 8924 0
23456713212332 11580 0
23475162121112 12472 0
23517462131333 15174 0
23576412233321 15810 0
23576412312323 15652 0
23657142121112 19373 0
23671452122333 20564 0
23674153232321 9141 0
23751461132123 10316 0
23751463112321 10430 0
23756143222331 13037 0
23756411222312 10406 0
23756413222112 10687 0
23756413223312 10589 0
23756413322312 11076 0
24153672321233 12131 0
24157361313212 11372 0
24157362323111 11559 0
24167353132232 18952 0
24173652323231 8116 0
24315673311311 12167 0
24315761122322 17664 0
24315762213323 11998 0
24351671212211 13602 0
24351673111133 9041 0
24351673311311 15913 0
24351761111123 14856 0
24351761212232 12476 0
24367511323112 12648 0
24367513111121 8943 0
24376512222122 15545 0
24516732233111 8564 0
24531673123121 11602 0
24536713231232 13589 0
24537613231322 17223 0
24561372111131 9142 0
24563711121212 12631 0
24563712121232 12577 0
24563713121222 17839 0
24571362221213 18967 0
24571631121212 13718 0
24615371112332 12586 0
24615372213311 14987 0
24615731122313 21610 0
24615731132333 12946 0
24615732111323 21595 0
24615732213311 10700 0
24615732233321 8940 0
24615733113323 12811 0
24615733311122 6919 0
24617532233321 14395 0
24637512311132 11671 0
24651731113223 14033 0
24651731333333 12802 0
24715363311332 13187 0
24715631111111 13754 0
24715631122121 12529 0
24715631122133 14466 0
24715632313223 19678 0
24715633112111 9316 0
24715633131131 11189 0
24716532323231 14258 0
24731561111111 17489 0
24731562311231 11534 0
24736512222332 16583 0
24751362221231 16500 0
24751362321113 17803 0
24761531221223 19057 0
24763151111111 8886 0
24765313222112 21910 0
25134672233321 21165 0
25134672312323 16752 0
25134672313211 16123 0
25137461111111 11499 0
25137461211323 10039 0
25163741112323 14272 0
25314673111313 11908 0
25314673111331 10581 0
25314673131311 10630 0
25341673113311 12090 0
25341762313223 14646 0
25364172311231 18137 0
25364173223231 9923 0
25367411211122 11581 0
25413672323111 18227 0
25413763121222 18282 0
25436711311313 12442 0
25436712123122 14115 0
25436712123332 11821 0
25436712132122 15130 0
25436712323231 14345 0
25436713232321 11522 0
25436713332122 12316 0
25463713212332 13767 0
25471362323132 8781 0
25471631312213 18646 0
25631741212121 19362 0
25634713321232 13149 0
25641371213132 17339 0
25714632123131 9847 0
25714632223331 12714 0
25714632313211 24884 0
25714633121333 15912 0
25716431212223 15401 0
25716433223213 20209 0
25731642232211 18308 0
25734162221111 11442 0
25734613113323 19216 0
25736141111123 8053 0
25736141233232 13983 0
25736411133113 12927 0
25736411231321 10462 0
25736411321312 12987 0
25736411331113 12209 0
25736413123112 14927 0
25741361232113 11666 0
25741632222323 12153 0
25741632312323 11954 0
25743611233232 19290 0
25763142223133 11178 0
25763411332322 9090 0
26135742132221 16742 0
26135742213323 8542 0
26135742332312 16085 0
26153471122121 11262 0
26153473131131 9982 0
26153473132121 14445 0
26154372332213 18693 0
26175432331133 16087 0
26317451212211 12032 0
26345711223113 10777 0
26371453112111 10287 0
26415731322323 14305 0
26415732121223 12658 0
26415732233321 20798 0
26435712222122 20390 0
26435712233321 10278 0
26435712311132 6434 0
26435712322322 21745 0
26435713311122 7674 0
26435713333133 16153 0
26437512122312 14163 0
26453172211133 11100 0
26453711333333 14085 0
26513471122121 14540 0
26517343333313 20447 0
26534713333313 18254 0
26543171111111 17231 0
26543171123111 14007 0
26547313131323 17535 0
26573413331312 14715 0
26714531212133 16447 0
26714532121133 16595 0
26715433231322 19014 0
26741351232113 14290 0
26743512121232 24666 0
27134561131133 11924 0
27154632311132 16280 0
27314652313211 16396 0
27365412321212 13362 0
27415363131113 12674 0
27415632323231 20769 0
27415633321322 15199 0
27416532133232 9671 0
27416533321232 10330 0
27435612122222 13090 0
27453161123111 12600 0
27453161132111 15217 0
27456133132223 14208 0
27516341111111 9020 0
27534161111111 8020 0
27534161111123 12455 0
27534162311111 8718 0
27534612311132 8489 0
27536412332312 17010 0
27543611111123 16794 0
27543611111132 12111 0
27546312231122 18607 0
27613543333133 19258 0
27614353311332 23857 0
27615431312333 17259 0
27615432113321 8519 0
27615433313213 13669 0
27634511131133 13877 0
27634512233321 7959 0
27643513311233 18286 0
31246753312211 9742 0
31247651113232 7580 0
31247651323232 10967 0
31256471231222 12964 0
31257462222221 18172 0
31257462312311 15947 0
31257643311122 10841 0
31264572122213 13693 0
31264573132313 12938 0
31264573222223 12229 0
31264752132122 16041 0
31264752313121 17042 0
31265471111111 13673 0
31265471122112 13655 0
31265471122133 13290 0
31265471312213 14806 0
31265471313113 13067 0
31265471321111 15033 0
31265472233321 21204 0
31265472312233 14880 0
31265741233331 13285 0
31267542222233 16526 0
31267542313133 17828 0
31275461112233 8932 0
31275461322233 8767 0
31275462133211 12874 0
31275462223211 12855 0
31275462311213 14621 0
31275462312212 14328 0
31275463311122 8707 0
31276452133322 14670 0
31276452313313 15971 0
31452671323211 10529 0
31452671332232 10524 0
31452672322331 10660 0
31456722111221 10631 0
31462751111111 17009 0
31462751113322 16457 0
31475261322233 23072 0
31475262331313 18089 0
31475262333221 13683 0
31524673332122 10858 0
31527643332122 14319 0
31564272212111 12087 0
31564272213311 12176 0
31564273113311 13748 0
31572461122133 9145 0
31624751112233 15924 0
31624753312211 15768 0
31627452221333 14835 0
31654272313322 15443 0
31754621331122 22167 0
31765242322121 21935 0
32145671111111 21746 0
32145671123333 13917 0
32145671132222 13989 0
32145671221112 16038 0
32145671333333 16961 0
32145672113333 16342 0
32145672212222 14506 0
32145673112222 14234 0
32145673311113 16395 0
32146751232323 12028 0
32146752232223 10497 0
32147562313223 10690 0
32147562333233 17382 0
32147651123333 9117 0
32147651132222 8447 0
32147651213333 10077 0
32147651312222 9210 0
32147652113333 8726 0
32147652231332 8964 0
32147652233213 10226 0
32147652331322 9484 0
32147652332213 9057 0
32147653112222 8198 0
32156471111111 9209 0
32156471113211 14314 0
32156471232332 23239 0
32156472312332 12415 0
32156472332132 11985 0
32156472332321 20749 0
32156472333332 11930 0
32156473223123 11511 0
32156741112323 10442 0
32156742311123 12810 0
32156742313223 9726 0
32156742333131 16015 0
32157641232323 11834 0
32157642231323 12040 0
32164571111111 14755 0
32164571111231 15744 0
32164571232323 11988 0
32164572232223 12199 0
32164572232313 12448 0
32164572233321 20442 0
32164572312323 21128 0
32164573323212 12643 0
32165741111111 9332 0
32165741111132 13636 0
32165741233223 19704 0
32165742211112 12405 0
32165742331112 14491 0
32165743311131 11072 0
32167451111111 14931 0
32167451213333 15048 0
32167451222222 15511 0
32167451312222 14524 0
32167451333111 14157 0
32167452211121 15577 0
32167453222313 15210 0
32167453313333 13538 0
32167453321232 14905 0
32174561112323 8672 0
32174561232113 9959 0
32174561232233 11690 0
32174562231212 12589 0
32174652312332 11239 0
32174652332132 11256 0
32175461111111 15043 0
32175461113112 9328 0
32175461221112 12212 0
32175461333111 11210 0
32175462233111 13794 0
32175462312323 19298 0
32416753121222 18368 0
32417562113321 15342 0
32417652132131 13626 0
32417653132121 14260 0
32451762331121 10023 0
32456173212332 12604 0
32456711233133 24348 0
32465172112121 11840 0
32465172132131 13215 0
32465172133121 13204 0
32465172332321 20918 0
32465173123121 11942 0
32465173132121 13783 0
32465173133111 12443 0
32465173233221 21242 0
32475161232323 14264 0
32475163331222 13283 0
32476513232231 11300 0
32517463131311 13889 0
32546713323212 12429 0
32547611121113 11481 0
32547611131112 9611 0
32547611213111 10291 0
32547611312111 11912 0
32547612111311 12096 0
32547613111211 9394 0
32561471113133 17194 0
32561471121311 8222 0
32561471122211 17328 0
32561471131211 8899 0
32561471211131 14243 0
32561471311121 11163 0
32561472133313 15608 0
32561472213122 13783 0
32561473222223 16170 0
32561473323212 16486 0
32567412122222 12155 0
32567412131312 9851 0
32567412222212 9460 0
32567413131212 9442 0
32567413133333 9299 0
32576142313223 16015 0
32615473332122 13821 0
32647152133121 12098 0
32647153132121 16922 0
32647512333233 19188 0
32657143121213 18186 0
32657412111212 24635 0
32671453123313 17442 0
32674152113333 18578 0
32714652332132 12409 0
32716452123212 14933 0
32741651121311 12064 0
32741651131211 9374 0
32741651211131 11890 0
32741651311121 10266 0
32741652111113 9734 0
32741653111112 11593 0
32745611223332 15127 0
32745612313322 15130 0
32745612322331 14971 0
32751643321232 19308 0
32754163211123 15502 0
32756141233121 19310 0
32761452121313 8627 0
32761452122222 9425 0
32761452222212 8813 0
32761453121312 11541 0
32761453133333 12131 0
32765411112221 16725 0
32765411121113 10417 0
32765411131112 8166 0
32765411133113 15343 0
32765411331113 15330 0
32765412221312 17495 0
32765412323222 9142 0
32765413122212 14030 0
32765413223312 14757 0
32765413231223 14865 0
32765413322312 14806 0
34125672131213 9289 0
34125672131312 9606 0
34125672221222 8744 0
34125673133333 11204 0
34127651121113 9038 0
34127651131112 9003 0
34127651213111 9574 0
34127651312111 9564 0
34127652111311 9305 0
34127653111211 8912 0
34162752132212 24106 0
34165271112212 17059 0
34165271121311 9561 0
34165271131211 9267 0
34165271211131 11806 0
34165271311121 8429 0
34165271311133 15294 0
34165272323333 15063 0
34165273133312 16493 0
34165273222322 15035 0
34165273311131 15188 0
34167252213323 15432 0
34172562132332 16769 0
34172562313331 16622 0
34175263321232 13471 0
34216572213122 18583 0
34261572132131 9619 0
34261572133121 11768 0
34261573123121 10557 0
34265712212132 16149 0
34275161312213 13608 0
34275162112322 14737 0
34275162213221 15953 0
34516271111111 10250 0
34516272312332 13690 0
34516722313223 9319 0
34517622231323 12079 0
34521672223232 9006 0
34526713232312 8427 0
34527612211322 14578 0
34527612231122 14981 0
34527612231332 14293 0
34527612331322 14537 0
34527613312133 10191 0
34561272122123 9657 0
34561272122321 9555 0
34561272212213 9367 0
34561272213122 8808 0
34561272232211 10080 0
34561273221233 8625 0
34561273233131 8993 0
34561273311233 9313 0
34561273313321 12112 0
34561273321133 9547 0
34561273321223 8304 0
34561721111111 11542 0
34562171321111 10097 0
34562171321231 10329 0
34562172232313 10860 0
34567212223232 8843 0
34617252111212 12402 0
34617252123212 12439 0
34617252132212 12941 0
34617522221333 13662 0
34621572132131 11562 0
34625172111212 13336 0
34627512232313 9060 0
34651271123111 8849 0
34651272332132 12635 0
34675212222122 21823 0
34715262221123 16122 0
34716522223211 17051 0
34721652121313 9973 0
34721652131213 9563 0
34721652221222 9438 0
34721652222212 12060 0
34721653333313 9202 0
34725611212211 15904 0
34725612111113 8071 0
34725612121322 17473 0
34725612231212 14014 0
34725612231332 14924 0
34725612322232 9113 0
34725612331322 14884 0
34725613111112 10322 0
34725613111133 15236 0
34725613132223 14765 0
34725613311113 15251 0
34761252323222 8744 0
35126741232212 16327 0
35126742231233 16474 0
35127462331331 18355 0
35162472122231 14796 0
35162472123233 12427 0
35162473122221 14213 0
35162473323131 13595 0
35162473332122 11505 0
35162473332131 13785 0
35162742213323 14137 0
35167242132212 18937 0
35172461232323 14726 0
35174262213131 16107 0
35174262231113 17264 0
35246171111111 16200 0
35246171113322 15796 0
35246172213311 16153 0
35267141223233 10975 0
35267141321132 18420 0
35271461322233 14613 0
35416721113112 10153 0
35416723232213 10066 0
35417622223133 12562 0
35426712131132 14850 0
35426712311312 13932 0
35426713111313 11950 0
35426713131113 10886 0
35426713312211 9344 0
35461271111231 11104 0
35461271321231 10044 0
35461272222323 16343 0
35462171131313 11702 0
35462171212121 11891 0
35462171221223 12089 0
35462171332331 14344 0
35462172213311 8074 0
35462172223331 12581 0
35462172312131 14037 0
35462173123211 13651 0
35462173131311 12210 0
35462173221221 12754 0
35462712322322 17144 0
35472163222313 8880 0
35472163231322 14827 0
35476122221111 11842 0
35614722321233 11698 0
35617423131332 13988 0
35624712121232 10718 0
35624712321212 11195 0
35624712321332 10812 0
35624712331232 10528 0
35714623111322 24466 0
35721642221213 24538 0
35762142222113 16464 0
36125471111333 16769 0
36125471212112 17178 0
36125471213111 8255 0
36125471222111 15746 0
36125471312111 11425 0
36125472111311 9107 0
36125472121223 13361 0
36125473111211 9239 0
36125473232222 14928 0
36125473323233 16834 0
36125743222331 18897 0
36127451333222 14905 0
36145272122222 9244 0
36145272131213 9378 0
36145272131312 9938 0
36145273333313 9860 0
36147251121311 9384 0
36147251131211 10104 0
36147251211131 10134 0
36147251311121 9985 0
36147252111113 10166 0
36147253111112 9844 0
36152741231312 15493 0
36152742131321 20234 0
36172452133133 15235 0
36217452131333 20864 0
36217541223311 10189 0
36217543213112 13488 0
36241573212332 12113 0
36241753212311 8193 0
36415272123212 24629 0
36417522123311 15399 0
36514272212111 17254 0
36521472113321 15182 0
36521472331121 15859 0
36527411131133 15397 0
36527412111113 9170 0
36527412131222 13366 0
36527412211322 14073 0
36527412221312 13257 0
36527412231122 14158 0
36527412322232 8175 0
36527413111112 9690 0
36527413311311 14902 0
36541272323222 9256 0
36542712121322 14808 0
36547212121313 11575 0
36547212122222 8903 0
36547212131312 8722 0
36547212221222 9524 0
36547213331333 12010 0
36712542121112 10506 0
36712542121121 10691 0
36712542121211 10785 0
36712542122111 11172 0
36714252232223 8550 0
36714521232113 9467 0
36714522121322 14757 0
36714522122213 13837 0
36714523132223 11918 0
36714523132322 12093 0
36721451131331 16013 0
36721452121322 13231 0
36721452122123 14136 0
36721452122213 13350 0
36721452122321 14049 0
36721452131111 9811 0
36721452223232 8077 0
36721453113113 17459 0
36721453121111 9292 0
36725411121212 11660 0
36725411131313 11773 0
36725411212121 12754 0
36725411313131 11685 0
36725412111212 12418 0
36725412121112 11519 0
36725412121211 12537 0
36725412121232 11806 0
36725412123212 12861 0
36725412321212 12914 0
36725413111313 13806 0
36725413131113 12465 0
36725413131311 14649 0
36741252122123 14959 0
36741252122321 14552 0
36741252122333 14513 0
36741252123323 14274 0
36741253233131 10164 0
36745211211221 15053 0
36745212121223 13912 0
36745212122312 17381 0
36745212122333 14855 0
36745212123323 14910 0
36745212131111 10444 0
36745212223232 9015 0
36745213121111 8193 0
36745213131131 15368 0
36745213133111 15350 0
36745213232213 14886 0
36751243222322 8975 0
36752142122132 13009 0
36752142123221 14949 0
36752143132232 12100 0
36752143133222 12813 0
36752143211132 10560 0
36754123232222 14665 0
37246511112233 15533 0
37256142321233 11546 0
37415622333221 12779 0
37426513132313 14688 0
37452162323312 11064 0
37516422333311 14049 0
37561241311112 8768 0
37612453122233 15043 0
37612542221111 13124 0
37614252221123 13482 0
37614521111111 14463 0
37614521323232 11647 0
37614522111221 11936 0
37614522113321 14089 0
37614522313322 15252 0
37614522323312 12299 0
37614523232213 12555 0
37615421113322 10252 0
37615422211133 7453 0
37615422223133 7775 0
37615422313121 20512 0
37615422313331 21719 0
37615423121132 16270 0
37624152311213 16912 0
37624511232233 10580 0
37624512121322 14833 0
37624512231212 12893 0
37624513131323 12907 0
37624513231313 12191 0
37641252222323 17205 0
37642152213311 8469 0
37642513122221 19334 0
37645122312221 13939 0
37651242211133 12634 0
37651422312311 14286 0
37652141113232 8075 0
37652143231322 13996 0
37654212311222 16557 0
41236753232321 11244 0
41237561313131 17423 0
41263751312222 18216 0
41325671212211 13245 0
41325762313223 19679 0
41325763131233 12946 0
41352671212112 10525 0
41352671212121 10683 0
41352671222111 11577 0
41357622313112 10819 0
41367253111133 11603 0
41532672313211 16018 0
41532761233133 16201 0
41563273113311 11997 0
41576322212222 13867 0
41625372313211 13478 0
41625373121213 13308 0
41625731222231 14227 0
41635721212121 18805 0
41657321222312 18552 0
41673252212222 18945 0
41673521111111 8892 0
41723562313211 14515 0
41725361232113 6860 0
41725361321213 14311 0
41725362221213 14529 0
41725362313211 8667 0
41725362313223 8916 0
41725363121222 12777 0
41725363121231 12830 0
41725631111111 9306 0
41725631211122 12113 0
41725632322331 19275 0
41725633111133 11111 0
41725633121123 13769 0
41725633211111 14952 0
41726352313322 9118 0
41726532312233 14626 0
41735261323313 18352 0
41735262312233 13581 0
41735263123223 15488 0
41735621233232 13403 0
41735622313322 14171 0
41736521233232 14735 0
41736522332231 9005 0
41752631222123 12712 0
41752632311123 11662 0
41752632312323 10082 0
41752632313211 26774 0
41756231321213 16741 0
41756233121231 16740 0
41762532221333 17173 0
41762533123331 16008 0
41765231233232 13378 0
41765322221312 18217 0
41765322313211 22974 0
41765323122212 13658 0
42136752131312 18530 0
42137561123333 18246 0
42137653122131 12178 0
42137653132121 14462 0
42157633231322 12273 0
42163751121212 24313 0
42165373223123 10566 0
42167532131333 17554 0
42315673112111 9900 0
42351671212211 12455 0
42351763231133 16497 0
42367153111121 14082 0
42367153211123 12954 0
42516372233111 10351 0
42561733323122 13790 0
42573612323231 7674 0
42573613322231 11060 0
42613572313211 14543 0
42615371313332 12768 0
42615372213311 8971 0
42615372221213 14257 0
42615372313211 9403 0
42651372213311 16583 0
42651733311122 11836 0
42673512232133 11698 0
42751632321233 17502 0
42751632323231 10812 0
43126572133313 15049 0
43167251232212 23891 0
43176252123131 16663 0
43176252311132 20811 0
43216573132121 11907 0
43216573132223 10339 0
43216573212311 12498 0
43216573212332 15834 0
43512671313332 17268 0
43527612312323 8210 0
43561271111111 9600 0
43571262122222 18096 0
43572161111111 11122 0
43572612312323 9762 0
43576211123222 16059 0
43576212112232 17138 0
43615271333312 13102 0
43615272113321 11970 0
43617521223221 18401 0
43621752213323 15075 0
43651722323132 10749 0
43675122222122 13881 0
43675211221331 13306 0
43721653231313 13863 0
43751623123313 15457 0
43765212222122 16032 0
45167323322231 13951 0
45176231131313 10555 0
45176231133113 11937 0
45176231331113 10659 0
45176233131113 10654 0
45176321131133 11990 0
45213672221123 16396 0
45273162222122 17302 0
45276131131133 12190 0
45312671222312 12237 0
45312672223331 12367 0
45312672233321 9143 0
45312672313211 24861 0
45312673132313 19782 0
45312673222112 12275 0
45312673231313 19775 0
45312761113211 11923 0
45312761133311 10437 0
45312762221111 15854 0
45312762311111 12522 0
45321671212211 12819 0
45321671221121 9778 0
45321673113311 11272 0
45327612222323 12135 0
45362712122222 18458 0
45367122223133 11033 0
45367211111132 11648 0
45367211211122 9721 0
45367213111133 10652 0
45376121131133 11908 0
45376121331311 13637 0
45376211333123 12958 0
45376213131323 19964 0
45376213333322 13792 0
45612371133221 19861 0
45612372331121 24934 0
45612373112231 20558 0
45612373132121 12286 0
45612373132223 12487 0
45612373322111 18998 0
45612373332122 12207 0
45612373332221 13017 0
45613271331221 12447 0
45613272233111 14758 0
45621373123331 12279 0
45621373211111 16216 0
45621732212123 18320 0
45621732233333 16275 0
45623712332123 11474 0
45623713322321 9934 0
45637123132121 12719 0
45637123332122 15201 0
45671231132231 11098 0
45671233112132 11248 0
45673212212132 17709 0
45673213211222 16407 0
45713623223132 14177 0
45721363321313 15841 0
45721363322231 18294 0
45732612233321 15406 0
45736121122211 11183 0
46123571111111 10770 0
46123573232123 13807 0
46125731333123 19293 0
46127351131313 12231 0
46127352131333 12763 0
46127353131323 13216 0
46135272133313 13427 0
46153273131131 12071 0
46157233333232 8754 0
46157321331233 12422 0
46215372121223 13066 0
46215372313211 19578 0
46257132211133 10928 0
46257313312211 14633 0
46273512122312 15960 0
46273513221212 18264 0
46275311123222 12899 0
46275312112232 14649 0
46275312132212 14212 0
46275312232133 7261 0
46275312313211 8821 0
46275313121222 12738 0
46275313312211 8783 0
46321752111131 10890 0
46352171211233 10495 0
46352172113231 10550 0
46372511221331 12991 0
46375211211332 21232 0
46375212113111 13707 0
46375212132131 13084 0
46375212132221 14689 0
46375212332222 14903 0
46375213112111 14912 0
46375213123121 13679 0
46375213333121 13169 0
46512371331221 13993 0
46512372113321 14148 0
46513272332111 13708 0
46513273113221 8867 0
46523711331332 20966 0
46527133111121 11288 0
46572311223122 15386 0
46572312132122 12927 0
46721533123313 18251 0
47123562232133 11716 0
47123651233232 11850 0
47126351233232 12652 0
47126532133133 20952 0
47132562311111 7750 0
47132563222331 11702 0
47132652233321 8501 0
47135622132332 13348 0
47136252133112 15719 0
47152361233232 12077 0
47152631322131 17286 0
47156231332313 13306 0
47156233211132 9468 0
47156233223312 15249 0
47156233233113 14172 0
47156233322312 12576 0
47156321111111 9310 0
47156321133311 12624 0
47156322132311 13613 0
47156322313232 15236 0
47156322332132 11791 0
47156322332312 14346 0
47156323223123 12137 0
47162351322122 12877 0
47163522131222 18161 0
47165321232113 7290 0
47165321322131 12462 0
47165322132212 14010 0
47165322133112 12901 0
47165322232133 6830 0
47165322313211 9430 0
47216352131333 16106 0
47251363131113 17398 0
47251632131312 18141 0
47256133212311 7650 0
47256133321232 11600 0
47265312122222 13100 0
47265312131312 13554 0
47265312313211 13482 0
47321651311133 10747 0
47352612123131 15891 0
47352612311132 16249 0
47352612313211 16308 0
47512632312323 16794 0
47621532232331 10385 0
47621533231121 12265 0
47632152233321 12586 0
47632153212311 8830 0
47632153232321 8144 0
47632513212332 11565 0
47652132231323 12049 0
47653213211231 21972 0
47653213232111 10125 0
51264731113322 16642 0
51264732213311 20787 0
51267342312233 18853 0
51324671211122 9651 0
51324672212111 12631 0
51324673113311 16014 0
51324761111123 14248 0
51324763113332 14007 0
51342672212111 13328 0
51342763312223 10379 0
51367241211113 9240 0
51423671221331 14002 0
51426731111111 16192 0
51426733312211 15695 0
51472361131313 13955 0
51472633331312 14332 0
51623471321111 10261 0
51623743313321 20548 0
51624731312123 15842 0
51624733323113 15551 0
51632741323232 9130 0
51642371122313 16496 0
51642731113322 8449 0
51647231113232 8236 0
51723643131311 17554 0
51724362122222 13911 0
51724363121213 13549 0
51726433123313 15141 0
51732643121213 18477 0
51742632323231 11359 0
51742632323333 11243 0
52134761232113 16890 0
52147631121311 9089 0
52147631131211 9173 0
52147631211131 9018 0
52147631311121 9500 0
52147632111113 11541 0
52147633111112 8856 0
52163471112122 16130 0
52163471213111 11121 0
52163471312111 11166 0
52163471333123 14673 0
52163472111311 10359 0
52163472131222 17284 0
52163473111211 8309 0
52163473111331 15055 0
52163473221323 15964 0
52163473323332 17105 0
52167342121232 13737 0
52167432121313 11761 0
52167432122222 11321 0
52167432131213 11220 0
52167433133333 8931 0
52167433331333 10991 0
52174633223123 11396 0
52314673311311 11969 0
52314761322122 17293 0
52341671111111 21895 0
52341671122211 14540 0
52341671311313 16351 0
52341672211112 17629 0
52341672232313 15880 0
52341672323222 9027 0
52341672323312 20749 0
52341673133111 15799 0
52341673232213 15851 0
52341673232333 8235 0
52341673323212 17507 0
52361472121313 11220 0
52361472131312 9437 0
52367142211121 11621 0
52367412322232 9028 0
52374161112323 16033 0
52376413222223 10877 0
52463173212332 15867 0
52463713212332 12105 0
52471631223113 13825 0
52471631323112 13573 0
52614372313211 9064 0
52641733212311 8266 0
52641733232321 10521 0
52673413232123 14193 0
52713461232323 8090 0
52714361232113 9644 0
52714633213223 12145 0
52714633223123 10400 0
52731641233112 16892 0
52731641323112 12000 0
52736141322233 8374 0
52741362313211 11080 0
52741362313223 7695 0
52741632122333 9602 0
52741632123323 9083 0
52741632212213 9073 0
52741632212231 9007 0
52741632232211 8752 0
52741633221233 8957 0
52741633313312 8513 0
52741633313321 9385 0
52741633321223 10132 0
52741633323311 8659 0
52743611111213 9280 0
52743611111312 11971 0
52743611112131 10174 0
52743611113121 11793 0
52743612131111 11570 0
52743613121111 9718 0
52761431111213 10015 0
52761431111312 9297 0
52761431112131 9883 0
52761431113121 10032 0
52761432131111 9820 0
52761433121111 10143 0
52763143222331 17116 0
52763411222312 14449 0
52763411333123 10069 0
52763413222112 14862 0
52763413223312 14413 0
52763413322312 14172 0
53126471231231 12841 0
53126471231321 12317 0
53126471321321 15374 0
53146272123233 11353 0
53147262123131 13812 0
53162743312223 8595 0
53274163211222 16225 0
53421671321111 8948 0
53421671321231 8203 0
53426171112233 8100 0
53462711113322 9331 0
53467211321111 11642 0
53476121323112 14129 0
53476121323322 13591 0
53614721212121 14772 0
53621471331221 12006 0
53642171111111 16292 0
53672142221213 23759 0
53714622233111 18271 0
53721463223312 20990 0
53724612121112 14907 0
53726143333121 13203 0
53741621323112 13525 0
53741621332112 14237 0
53742612323333 12309 0
53761242121211 12393 0
53761242221213 13081 0
53761242321212 11766 0
53762143222331 13606 0
53762413322123 8531 0
54123673233323 10627 0
54126371331221 12380 0
54127632131213 10829 0
54127632222212 11777 0
54127633131212 9474 0
54127633133333 10667 0
54127633333313 9560 0
54163271133221 17829 0
54163272233111 16647 0
54167231121113 9601 0
54167231131112 9394 0
54167231221211 16307 0
54167231333213 14448 0
54167232112112 15948 0
54167232133313 16464 0
54167232333113 14044 0
54167233232333 10003 0
54167233331213 13857 0
54172633132313 13872 0
54217362233213 18192 0
54217632132212 24212 0
54231671123111 14201 0
54231673123121 12937 0
54261373123121 11586 0
54261732231233 23869 0
54276132233312 15492 0
54312671131331 8780 0
54312672212111 11674 0
54312673311311 14586 0
54317261113112 9699 0
54317621111222 17429 0
54321672212213 10002 0
54321672212231 9652 0
54321672232211 14542 0
54321673313312 9588 0
54321673313321 10768 0
54321673323311 11099 0
54321761211221 8748 0
54321763113113 13587 0
54326171111231 10265 0
54326171112233 10307 0
54326171321231 8217 0
54326711112212 17351 0
54327612223232 9283 0
54361272223232 9627 0
54362171113133 12480 0
54362711111231 10344 0
54362711323112 13706 0
54367121112212 15211 0
54367121113211 12345 0
54367121113331 15969 0
54367122211121 13191 0
54367122311111 12543 0
54367123311113 10637 0
54367211132222 9251 0
54367211213333 11992 0
54367211222132 8657 0
54367211333213 8951 0
54367212211322 9657 0
54367212231122 9749 0
54367212233213 8961 0
54367212332213 9107 0
54367212333113 8801 0
54367213112222 9953 0
54367213312133 9092 0
54371261113331 12096 0
54371621113112 10486 0
54371621113322 9905 0
54376121322233 9383 0
54376211111132 12059 0
54376211111222 11975 0
54376211113133 13636 0
54612371112311 14961 0
54612372222131 12468 0
54612732112223 15786 0
54612733322213 15565 0
54621371133311 10594 0
54621372211121 9416 0
54637211132111 8862 0
54671232221213 18849 0
54712361323313 17159 0
54712362223322 15944 0
54716232222113 24229 0
54716321112323 17131 0
54716322313223 16577 0
54721631111111 15052 0
54721631122121 15696 0
54721631311133 14270 0
54721632133232 15944 0
54721632212222 15490 0
54721632212231 14499 0
54721633231322 15232 0
54721633313321 15021 0
54721633333331 13438 0
54723612131312 11445 0
54723612221222 8930 0
54723612222212 9541 0
54723613121312 8746 0
54723613333313 12110 0
54761233322321 15475 0
54763212322232 8860 0
56123471222312 9162 0
56123471223221 9503 0
56123471331332 11676 0
56123471333123 8785 0
56123472322121 9977 0
56123472331331 11154 0
56123473133132 9527 0
56123473133231 9441 0
56123473222112 8239 0
56123473223312 8239 0
56123473322312 8627 0
56124371111231 12077 0
56124371232323 13778 0
56127433332323 9970 0
56132472333332 11121 0
56132473211111 8506 0
56132473213211 10407 0
56143273332323 12144 0
56147231222132 9993 0
56147231333213 9988 0
56147232233213 14708 0
56147232332213 10087 0
56147232333113 10340 0
56147322333233 11729 0
56173421113112 11312 0
56174232323333 8865 0
56174321232113 8337 0
56213471111111 10860 0
56213743313333 15196 0
56243173133111 10861 0
56243713121333 13769 0
56247132333233 11828 0
56271433111313 13109 0
56271433123313 13292 0
56271433132313 14361 0
56274132331133 12553 0
56274312313211 9019 0
56321473233323 8952 0
56321742211112 14420 0
56324171221331 12389 0
56327411211332 15443 0
56327413213112 14872 0
56341273121213 12028 0
56341273131212 9639 0
56347122333233 12633 0
56347211213111 11265 0
56347211222132 13807 0
56347211312111 14343 0
56347211331131 15089 0
56347212111221 17428 0
56347212111311 8319 0
56347212123233 16373 0
56347212232223 16048 0
56347213111211 8996 0
56347213131332 15635 0
56423171231231 12209 0
56423171231321 11537 0
56423171321321 12323 0
56423172112121 10901 0
56423173132121 14686 0
56423173133111 10488 0
56432713122122 14607 0
56712341232113 15749 0
56712343211123 15902 0
56721343123331 14821 0
56721432312233 16845 0
56723411113313 15346 0
56723411121113 9792 0
56723411131112 9265 0
56723411222312 13949 0
56723412122312 13133 0
56723412323222 8204 0
56723413221212 13248 0
56723413222112 14039 0
56723413331111 14897 0
56732143122113 17030 0
56741231121311 9427 0
56741231131211 9036 0
56741231211131 9688 0
56741231311121 9695 0
56741232111113 8981 0
56741233111112 9019 0
56743212122222 9341 0
56743212221222 12179 0
56743213121213 9542 0
56743213121312 9946 0
56743213331333 9321 0
57123461111111 11389 0
57164322131312 13268 0
57214361323232 11225 0
57214632212213 18655 0
57236141113232 12556 0
57236141322233 8815 0
57236141323232 8128 0
57241631322113 14447 0
57241631323112 12077 0
57246131112233 8478 0
57264132111323 15611 0
57321641311112 17257 0
57321642311132 14116 0
57364212213311 10209 0
57364212313211 10199 0
57364213332122 10884 0
57642311113322 16108 0
61234572231323 11819 0
61234573232213 13760 0
61235741313131 14132 0
61257343232123 8875 0
61274351313131 13981 0
61274532231323 11969 0
61352472233321 16266 0
61352472313211 16431 0
61452731311313 12318 0
61453721111111 14875 0
61453721311112 14201 0
61453723111121 15838 0
61472532123332 11678 0
61472533112111 10231 0
61527431111111 11210 0
61534272311132 9278 0
61534721112311 14240 0
61534721113211 13489 0
61543271111111 10387 0
61543271112311 9809 0
61572432312323 8318 0
61734523222331 11828 0
62134572321323 12617 0
62135471122121 12269 0
62135472132131 11969 0
62135473122131 13312 0
62135473123121 13184 0
62135473131131 12175 0
62135473132121 13616 0
62135473232231 19530 0
62135473322321 21362 0
62135743222331 15298 0
62135743312223 20646 0
62147353123121 13672 0
62147353132121 13840 0
62154733321121 10842 0
62157342132212 18743 0
62173543232132 11220 0
62174351122133 14215 0
62174533311212 17148 0
62317453112111 8974 0
62317453312211 8227 0
62351743112123 18395 0
62371453311311 14027 0
62374511322311 11610 0
62374513112321 11625 0
62374513312112 10398 0
62435172211133 8492 0
62435172311132 8266 0
62435711222222 12801 0
62453713311122 13540 0
62471532232133 9812 0
62475131322323 15827 0
62531472321233 12608 0
62543711211113 14140 0
62543711311112 13641 0
62571432321233 11709 0
62735143223213 16751 0
63125741112323 20677 0
63125743131233 12749 0
63125743133312 14324 0
63142571111111 11027 0
63142571132321 24268 0
63142573112123 23591 0
63172452312323 15795 0
63172452313211 16296 0
63174522332132 12422 0
63247511123132 11537 0
63251743133231 18382 0
63452711311313 10086 0
63452712333221 10253 0
63471522123131 15933 0
63471522323132 14898 0
63471522332132 14296 0
63472512123332 10518 0
63512743313333 14675 0
63541271212211 17331 0
63542713121333 18396 0
63574212123131 16550 0
63574212313211 17108 0
63712542221111 11682 0
63714252123131 9219 0
63714521112323 10273 0
63714522332132 9969 0
63721541233322 14105 0
63724153121213 16111 0
63725141112323 10151 0
63725141233121 16255 0
63725142123131 8898 0
63725142223133 8235 0
63725143122113 20486 0
63725143123313 21623 0
63741252222323 11986 0
63741522123131 9864 0
63742511232221 24450 0
63745123122212 12679 0
63751242221321 13780 0
63751423122311 15374 0
63752141111111 11621 0
63752141122211 12195 0
63752141123213 15224 0
63752142332132 12540 0
63752143123223 13989 0
63752143212323 14442 0
63752143223123 11920 0
63752411223212 14884 0
63752411333213 19353 0
63752412312323 9443 0
63752412322112 13961 0
63752412333113 19422 0
63754213122122 17167 0
64125371131313 17550 0
64157321133212 16589 0
64231572311132 9976 0
64257131113223 18138 0
64271533221212 13853 0
64275131212223 14137 0
64275131312123 12880 0
64275132211133 8966 0
64275132232133 7915 0
64275133231112 12433 0
64275133312211 9541 0
64275311112332 18189 0
64275311222222 13564 0
64275313312211 23092 0
64321572111131 18000 0
64321572132131 12975 0
64321572311132 13763 0
64325713121222 24504 0
64351272132131 11342 0
64357212313211 11203 0
64357213231322 16225 0
64357213312211 9924 0
64531271212211 15331 0
64531272132131 10544 0
64531273122131 12668 0
64531273123121 13096 0
64531273311311 16086 0
64531273312211 12464 0
64572131122223 15323 0
64713253112111 11670 0
65123471112311 7969 0
65123471233232 17405 0
65123472312311 10420 0
65132471212112 14533 0
65132471222111 14123 0
65132471231321 9872 0
65132471323121 13323 0
65132472131231 18535 0
65132472212231 20016 0
65132472233321 10269 0
65132473111331 13389 0
65132473313312 11187 0
65132473323311 11412 0
65132741223323 9771 0
65132743222331 10341 0
65134721233232 11983 0
65147321232113 12818 0
65172431132333 15753 0
65174232123131 8037 0
65174232133313 12822 0
65174232323312 12910 0
65174233323212 13180 0
65174233331213 13323 0
65174322313211 10336 0
65174323223123 11697 0
65213741111111 10722 0
65241371111111 12512 0
65243712121322 15433 0
65271341332331 18528 0
65271432231233 12327 0
65274131111111 15211 0
65274131311313 11767 0
65274131312213 14463 0
65274132123332 12117 0
65274133132223 12753 0
65274133232321 9293 0
65274133312223 13588 0
65314272311132 16408 0
65314272313211 16832 0
65321472111122 11384 0
65417321232113 14319 0
65417323223123 15956 0
65417323232123 14784 0
65423713321322 15276 0
65432173232321 11760 0
65471231132213 16566 0
65714323223123 10622 0
65723143321313 14257 0
65732411333123 14570 0
65742311212313 12025 0
67132541133311 14093 0
67145323133312 15706 0
67154233323332 10582 0
67215343333133 12567 0
67231541323112 15104 0
67231543323122 12698 0
67234513332122 11164 0
67245131313323 14522 0
67245311112311 14289 0
67245311133233 13387 0
67254311131133 14850 0
67254313311113 8974 0
67312452233321 8198 0
67312541121221 8801 0
67312542221111 10209 0
67321451111123 14716 0
67321451112311 11557 0
67321451212211 12220 0
67321451311133 10592 0
67321452111122 10997 0
67321453113311 12343 0
67321542232133 10074 0
67341252222323 15961 0
67342512222113 12482 0
67345122223133 8801 0
67345122232133 8142 0
67345211111123 13803 0
67345211111132 13084 0
67345211112233 21339 0
67345211113322 21012 0
67345211211122 13235 0
67345211311133 12545 0
67345212111122 11944 0
67345213111133 11962 0
67354121111111 11856 0
67354211212121 14443 0
67354211313113 19184 0
67354211333111 19075 0
67354212111221 13135 0
67354212212222 13915 0
67354212311132 7957 0
67354213111313 12849 0
67354213131311 12179 0
67354213211132 12608 0
67354213313333 13534 0
67412353132121 13602 0
67412353332221 14221 0
67412531131133 11962 0
67435121332112 11462 0
67435123123121 11606 0
67452313321232 11721 0
71234563231322 12166 0
71263541333222 22332 0
71263542323123 23628 0
71264533131323 11919 0
71264533221323 10643 0
71264533231223 10534 0
71264533231313 10638 0
71326451211311 12103 0
71326453132121 13664 0
71326543333313 18576 0
71345262132131 14411 0
71362453113311 12405 0
71365423331312 17438 0
71423563213232 12451 0
71423653213232 11613 0
71426353312211 8217 0
71426533333223 15876 0
71432561232323 15112 0
71432561323232 9199 0
71432562111221 12013 0
71432563232213 11671 0
71432563323113 13492 0
71432563323122 12726 0
71432563332113 14442 0
71435261322233 9525 0
71435262222122 12337 0
71435263211123 7444 0
71435263311122 8102 0
71435263333133 12783 0
71435263333223 14110 0
71435623333331 15813 0
71436253333112 18590 0
71452363213232 11875 0
71452632222131 17053 0
71453262222221 13978 0
71453623311122 13564 0
71456321322323 10353 0
71456322111221 11579 0
71462531113322 8147 0
71462532111212 11320 0
71462532121112 12525 0
71462533111223 12943 0
71462533221113 13447 0
71463523331222 16471 0
71523463131311 12969 0
71523463231313 14418 0
71523463331312 13218 0
71532463221332 12672 0
71534262122222 15555 0
71542633132322 11294 0
71543622111131 13692 0
71543623111121 13721 0
71546233331213 13773 0
71546322231212 14311 0
71562433123232 8770 0
71563243221221 18971 0
71625433213133 16071 0
71643252231212 13620 0
71643523331213 18771 0
72134562312212 17168 0
72136541322233 16161 0
72143563222331 12297 0
72143651121113 8880 0
72143651131112 11573 0
72143651213111 9386 0
72143651312111 8904 0
72143652111311 8970 0
72143653111211 9052 0
72145631233223 15160 0
72145633232231 15037 0
72145633312223 18728 0
72146352232223 11417 0
72163452122222 11872 0
72163453121213 9357 0
72163453131212 10702 0
72163453133333 9652 0
72163453331333 10538 0
72164353131113 13895 0
72165431113331 15273 0
72165432111113 8969 0
72165432111122 20479 0
72165432211112 17293 0
72165432323312 15256 0
72165433111112 8178 0
72165433121333 15665 0
72165433221233 14335 0
72165433233323 9273 0
72165433321223 13733 0
72165433331213 13331 0
72345611111111 21838 0
72345611133113 16495 0
72345611221223 14110 0
72345611222222 14520 0
72345611331332 16228 0
72345612122111 16137 0
72345612331331 13791 0
72345613221221 13875 0
72345613333331 16847 0
72356141112323 16141 0
72356141232113 16775 0
72356143211123 21183 0
72361453232333 10729 0
72361542333233 12231 0
72365412222212 8623 0
72365413121312 9698 0
72365413131212 9170 0
72365413331333 11224 0
72435163333313 19032 0
72513641232323 8246 0
72513641233322 10644 0
72516342313223 8347 0
72531463321232 11735 0
72534163211123 8385 0
72541631111213 9154 0
72541631111312 9067 0
72541631112131 9480 0
72541631113121 8998 0
72541632131111 8756 0
72541633121111 11448 0
72543162311111 12193 0
72543163211111 14343 0
72543611221223 8040 0
72543611223221 8650 0
72543611331332 10078 0
72543611332331 8764 0
72543612331331 8224 0
72543613132232 10246 0
72543613133222 9081 0
72543613221221 8953 0
72543613223312 9588 0
72543613322312 9061 0
72546311323112 11333 0
72546313323212 11135 0
72561342313223 8215 0
72561432213122 9971 0
72561433221233 10073 0
72561433311233 9966 0
72561433321133 10314 0
72561433321223 14689 0
72563411111213 9012 0
72563411111312 9400 0
72563411112131 9676 0
72563411113121 9664 0
72563412131111 8917 0
72563413121111 8884 0
72643513212311 11928 0
72643513212332 12136 0
73125463133132 19309 0
73146522113231 10674 0
73246153312211 16921 0
73456123231322 11864 0
73516243323113 13192 0
73516243332131 13480 0
73541262321212 24334 0
73542163321133 18628 0
73542613132121 12124 0
73542613132322 10514 0
73564213321322 24202 0
73614251112323 8473 0
73615241112323 10597 0
73615241113322 8914 0
73615242223133 8582 0
73615243123313 12713 0
73615243213313 21571 0
73615243331312 12848 0
73615243332311 21591 0
73615421113322 20775 0
73615423213211 12776 0
73615423333331 14208 0
73624513121132 20113 0
73624513332131 15523 0
73625141112323 8421 0
73625143121213 13039 0
73625143333313 13513 0
73625412222323 18994 0
73642511111111 8254 0
73642511113232 12837 0
73642511113322 9817 0
73642513223222 16032 0
73645121113211 20746 0
73645122222311 15326 0
73645211223113 11176 0
73645211231111 13725 0
73645211321111 9215 0
73645211332112 12501 0
73645213112231 19581 0
73645213333112 14374 0
73651241113322 14375 0
73652413211312 16567 0
73652413331321 16423 0
73654122111122 9793 0
73654122221111 10224 0
73654211111132 14232 0
74123563323221 8851 0
74123652322121 9874 0
74123653132232 14587 0
74123653133132 10211 0
74123653133222 9969 0
74123653133231 9869 0
74125631313311 14902 0
74125632121121 17420 0
74125632122111 20603 0
74125632131111 8300 0
74125632321332 15242 0
74125633121111 9085 0
74125633131233 13231 0
74125633132232 13636 0
74125633133222 14248 0
74125633133312 15562 0
74125633332323 9248 0
74126352333122 8885 0
74132561321231 9480 0
74132562121121 15134 0
74132562122111 12461 0
74132563131221 14193 0
74132563132112 13322 0
74136522322121 10458 0
74152363132232 10547 0
74152363133132 10435 0
74152363133222 11823 0
74152363133231 10540 0
74156322122123 12588 0
74156322122321 12039 0
74156322313223 8132 0
74156323132331 13424 0
74156323133123 12925 0
74163251121122 16378 0
74163252112211 15921 0
74163252131111 9626 0
74163253121111 9418 0
74163253131332 16485 0
74163253133132 13927 0
74163253133213 13879 0
74163253133231 14329 0
74163253332323 10100 0
74165231121212 13678 0
74165231131313 12278 0
74165231212121 11863 0
74165231313131 12161 0
74165232111212 12682 0
74165232121112 12500 0
74165232121211 12610 0
74165233111313 12154 0
74165233131113 12124 0
74165233131311 12063 0
74165233131323 12613 0
74165233132313 12586 0
74165233231313 12554 0
74213652323132 13694 0
74251633111313 17679 0
74256311321222 16128 0
74256313111232 17297 0
74265312333233 13492 0
74312652333332 11243 0
74321563311131 11956 0
74321653233323 12236 0
74325163131323 13525 0
74325612221222 9344 0
74325613121312 9960 0
74325613131212 9400 0
74325613133333 9882 0
74361253112132 18761 0
74361253211231 15068 0
74365211121221 16712 0
74365211213111 8529 0
74365211312111 11899 0
74365211313113 15285 0
74365211333111 15394 0
74365212111311 9653 0
74365212222323 15525 0
74365212333332 14952 0
74365213111211 9359 0
74365213121333 16593 0
74512361322233 20697 0
74512362313223 16547 0
74513263121222 23771 0
74521632222212 11446 0
74521633121213 11120 0
74521633121312 11882 0
74521633133333 10962 0
74521633333313 8910 0
74523611121113 9720 0
74523611131112 10054 0
74523611213111 10004 0
74523611312111 10153 0
74523612111311 9412 0
74523613111211 10127 0
74532163123223 15736 0
74561231111222 15034 0
74561232111113 9294 0
74561232221111 16613 0
74561233111112 9509 0
74561233131233 13765 0
74561233233323 10122 0
74561233311233 14426 0
74561233321133 14019 0
74561233321313 16364 0
74563211232332 15615 0
74653213133222 19035 0
75132463233233 21047 0
75143263231313 17651 0
75146321323331 17180 0
75213642223133 10969 0
75231463211123 13264 0
75234161322233 7774 0
75234162221111 11716 0
75236143213232 12028 0
75241632222323 12178 0
75243162211322 18265 0
75243611113232 10789 0
75243613213232 17482 0
75246131333312 17259 0
75246311111111 10493 0
75246313212311 11571 0
75246313312211 10060 0
75246313332332 12693 0
75261432123233 8872 0
75264132121232 15227 0
75264132223331 9366 0
75264132321212 12554 0
75264133121333 14074 0
75264133331213 13206 0
75264311223122 16724 0
75264313231112 16645 0
75312463333133 15076 0
75314621133221 9974 0
75314621313212 18442 0
75314623113122 12014 0
75316241231231 12231 0
75321461311112 10797 0
75321463132121 13690 0
75346122133133 12498 0
75346211133122 21008 0
75346211211311 15622 0
75346211311211 14779 0
75346212323333 12522 0
75346213112132 20460 0
75346213132121 12089 0
75346213132322 12078 0
75346213332122 12473 0
75412631223332 9878 0
75416323232213 12440 0
75431263133213 18036 0
75462132123212 10556 0
75613243131332 12913 0
75613243133213 14009 0
75634123323122 14189 0
75641323232111 11724 0
75642132213311 16254 0
76123453233323 10067 0
76125343333133 15972 0
76143252131312 11861 0
76143252221222 11414 0
76143253131212 11244 0
76143253331333 8810 0
76143253333313 10864 0
76145231121113 8273 0
76145231122112 17391 0
76145231131112 9068 0
76145231221112 20579 0
76145231311331 15845 0
76145232123332 15143 0
76145232233213 13755 0
76145232331313 15688 0
76145232332213 14363 0
76145233133213 13352 0
76145233232333 9156 0
76154323333112 15856 0
76213543213133 18225 0
76213543311332 16177 0
76215341231231 14205 0
76215433333133 19194 0
76231451123111 11411 0
76245311121131 15070 0
76245311131121 9205 0
76245311213312 19173 0
76245312132131 12235 0
76245313122122 13679 0
76245313123121 11230 0
76253141123132 10759 0
76253141211332 10231 0
76253413322312 18374 0
76254133311323 21065 0
76254313211111 14743 0
76312452212111 15398 0
76312453211111 12340 0
76312453311311 12860 0
76312542321212 11710 0
76312542322121 15348 0
76312543322222 13704 0
76315241112113 14947 0
76315241113112 9487 0
76315241223113 12381 0
76315241322122 13429 0
76315241323313 14156 0
76315241332112 12427 0
76315243211231 22449 0
76315243323323 14860 0
76321452122123 8336 0
76321452122321 8926 0
76321452122333 8866 0
76321452123323 10696 0
76321452212231 9384 0
76321452213122 10001 0
76321453233131 9722 0
76321453311233 9460 0
76321453313312 11025 0
76321453321133 9546 0
76321453323311 11559 0
76321542211112 11358 0
76321543211111 14465 0
76321543311131 10081 0
76324151112233 8529 0
76324151112323 10437 0
76324153323122 11005 0
76325411111213 9261 0
76325411111312 9129 0
76325411112131 8274 0
76325411113121 11454 0
76325411122121 17207 0
76325411331311 17424 0
76325412112121 15771 0
76325412231212 13463 0
76325412333233 15894 0
76325413222223 14949 0
76341251111213 8331 0
76341251111312 10383 0
76341251112131 11145 0
76341251113121 11188 0
76341251221121 16874 0
76341251311313 15069 0
76341252232313 15988 0
76341252323333 16986 0
76341253221212 17166 0
76341253233131 14770 0
76342511111231 9089 0
76342511111321 14412 0
76342511323112 12511 0
76342512232223 11386 0
76342513213112 20843 0
76342513322111 23119 0
76342513323122 12027 0
76342513323212 11862 0
76345122211112 12362 0
76345122211121 13201 0
76345122213311 21385 0
76345122311111 13187 0
76345123211111 13641 0
76345123311113 11994 0
76345123311131 12274 0
76345123312211 19561 0
76351421112323 10442 0
76351421113322 7990 0
76351423321232 17423 0
76354121121212 14631 0
76354121122121 11148 0
76354121311313 11120 0
76354121313131 13497 0
76354122111212 14218 0
76354122112121 12939 0
76354122212222 13207 0
76354123211123 10289 0
76354123211132 9752 0
76354123313333 18418 0
76354212213323 14306 0
76354212312233 13618 0
76354212313322 14817 0
76354212333332 12523 0
76354213222223 11529 0
76354213312223 13883 0
76421351131121 11335 0
76512343213313 15958 0
76512343332311 15521 0
76514321112323 16319 0
76514321232113 15808 0
76521433232333 10089 0
76523413223231 17436 0
76524313331222 15260 0
76541232131213 9449 0
76541232221222 11896 0
76541233121213 10798 0
76541233331333 9677 0
76541233333313 10639 0
76543211111111 15031 0
76543211212112 15672 0
76543211223221 14407 0
76543211332331 14926 0
76543211333333 13559 0
76543212132323 15514 0
76543212222221 15390 0
76543212323213 16058 0
76543213113131 14256 0
