12345672121232 14058 0
12345672123212 12888 0
12345672321212 13037 0
12345673131323 12408 0
12345673132313 15367 0
12345673231313 14707 0
12345761111111 10652 0
12346571111231 9486 0
12346751113133 12466 0
12347561112212 13667 0
12347651111111 22612 0
12347651122112 18275 0
12347651133311 16577 0
12347652111221 14932 0
12347652123233 18070 0
12347652123332 21471 0
12347652223232 9301 0
12347653111133 16093 0
12347653132223 16223 0
12347653132322 15553 0
12347653332323 10803 0
12354671111111 12310 0
12354761112323 11169 0
12354762121112 15228 0
12354762121211 14806 0
12354762311123 12439 0
12354763131131 12622 0
12354763133111 12052 0
12354763211123 9394 0
12356471113133 12271 0
12356741133131 11190 0
12356741313131 11160 0
12356743113131 11714 0
12357461111222 11600 0
12357461113331 11392 0
12357462211112 10262 0
12357641113331 12340 0
12364571112212 14179 0
12364751112212 10597 0
12364751113133 10802 0
12364753311131 9036 0
12365471111111 15488 0
12365471211122 16117 0
12365471313113 14989 0
12365472223232 9576 0
12365472321233 17704 0
12365473232312 15923 0
12365473332323 9440 0
12365741113331 12928 0
12367451123333 11558 0
12367451132222 10963 0
12367451213333 11815 0
12367451312222 15909 0
12367452113333 13173 0
12367453112222 10906 0
12367541112212 13142 0
12367541113331 15343 0
12367541331131 9329 0
12374561121212 10985 0
12374561211212 11638 0
12374562111212 15864 0
12374651111222 14048 0
12375461111222 12745 0
12375641113112 12769 0
12376451111222 14468 0
12376451113133 12183 0
12376451221211 9865 0
12376541112323 9159 0
12376541232233 12756 0
12376541322233 10446 0
12376542121232 12873 0
12376542123212 11856 0
12376543133132 13344 0
12376543133231 13366 0
12456731132321 19183 0
12456731233223 11658 0
12456733223321 12007 0
12463751231231 12831 0
12467351131121 10056 0
12467351231321 8535 0
12473561132123 12165 0
12536741112323 17137 0
12537461332112 11443 0
12543671111111 15965 0
12543671211212 15779 0
12543671331113 15680 0
12543672121121 16376 0
12543672321332 17702 0
12543672322232 9467 0
12543672331232 16027 0
12543673111331 15654 0
12543673221323 16036 0
12543673231223 15912 0
12543673233323 12070 0
12546371221331 13912 0
12563472131213 10151 0
12563473131212 12331 0
12564733323122 11349 0
12567433232333 9478 0
12576343212221 18422 0
12637451132111 17700 0
12637451332112 14063 0
12643571321321 12320 0
12645371131121 12031 0
12673542331133 18158 0
12734561112323 16287 0
12734561322233 16889 0
12734562313223 16522 0
12745631111111 25750 0
12745632111122 16635 0
12745632212213 16086 0
12745632222221 14605 0
12745632232211 16023 0
12745633131131 16144 0
12745633313312 15506 0
12745633313333 15164 0
12745633323311 15664 0
12753462231323 12407 0
12763452322232 9588 0
12765432121313 10270 0
12765432222212 11825 0
12765433121213 9727 0
12765433331333 10140 0
13245671321111 12631 0
13246571111111 8463 0
13246571112233 8828 0
13246571113232 12334 0
13246572321332 15614 0
13246572331232 12548 0
13246573221233 12456 0
13246573321223 12625 0
13246752133211 18150 0
13247563212131 19117 0
13254761322233 12784 0
13254761323322 12118 0
13254762321233 16210 0
13254763323122 13446 0
13257641112233 16391 0
13265741112323 12354 0
13265742131312 16271 0
13267451122211 10436 0
13267451311133 9168 0
13267541111132 15501 0
13267541232212 12630 0
13274651112323 10710 0
13275461112233 18311 0
13275463213211 14585 0
13275641112233 9796 0
13275641112323 9119 0
13275642131333 13216 0
13275643212221 13980 0
13276451113211 18241 0
13276451233133 14163 0
13276541133122 20974 0
13276541213312 26161 0
13276541321123 22250 0
13276541322311 23153 0
13276541323112 13000 0
13276541323322 12583 0
13276542323312 12453 0
13276543323122 14337 0
13462571111111 17110 0
13462572213311 16776 0
13527461211113 11313 0
13542671231231 12234 0
13546271213213 9367 0
13546271231231 14977 0
13546271321321 12142 0
13572641122133 13240 0
13576241312213 15541 0
13576241321321 12636 0
13627451332112 11782 0
13642571221223 11280 0
13642571223221 11024 0
13642573221221 12654 0
13645271221331 12561 0
13647521111111 11000 0
13675241112323 15758 0
13675242331313 14994 0
13725642332132 14836 0
13754262123323 28361 0
13762451321321 12441 0
13764251211311 9396 0
13764252323231 14145 0
13765422121211 18625 0
14263751131121 11061 0
14267351321321 13257 0
14275633323122 13731 0
14325671111111 33145 0
14325672112121 16850 0
14325672231323 17180 0
14325672323222 9411 0
14325673123232 17292 0
14325673232333 9450 0
14325673311131 16515 0
14327652131213 9212 0
14327653121213 9896 0
14352672212111 12096 0
14356721112323 17302 0
14356721322233 22215 0
14367252322232 9954 0
14367523311113 14691 0
14523672121313 10470 0
14523673121312 11968 0
14527631121311 10541 0
14527631131211 8538 0
14527631133311 15590 0
14527631211131 11443 0
14527631311121 11379 0
14527632122213 15040 0
14527632212111 16825 0
14527632333332 21234 0
14527633132322 16487 0
14527633312133 14685 0
14536273311311 12964 0
14537622231323 12157 0
14563272323222 9086 0
14567231312213 17802 0
14567231321123 17454 0
14573261333111 11850 0
14625731111111 16375 0
14625731131121 11934 0
14625731322233 22475 0
14625732112121 13056 0
14625732113321 16237 0
14625732213323 14098 0
14625732233111 14730 0
14625733133111 11770 0
14632571111111 18344 0
14632571321132 11896 0
14652733321331 12490 0
14673251111111 11825 0
14723651111213 9485 0
14723651111312 12365 0
14723651112131 10520 0
14723651113121 9584 0
14723651211212 16103 0
14723652322121 14152 0
14723652331232 16298 0
14723653232222 15950 0
14723653313111 15802 0
14723653321313 16369 0
14725361111111 9635 0
14725361111123 14491 0
14725361322332 22289 0
14725362211121 14035 0
14725363211213 14282 0
14725363213121 13572 0
14725363223213 15379 0
14725363311113 13386 0
14726531223122 15380 0
14726531232122 15507 0
14726531233313 14065 0
14726531333312 14239 0
14726532232313 12036 0
14726533323122 12244 0
14735621221112 13625 0
14735621223113 13638 0
14735621223332 27610 0
14735621233112 14073 0
14735621323112 14440 0
14735621332112 12382 0
14735621333111 12357 0
14735621333222 20703 0
14736251111132 8385 0
14736251112332 11179 0
14736253222223 11095 0
14736521132222 12598 0
14736521133131 13796 0
14736521211212 12476 0
14736521213333 12957 0
14736521221313 14999 0
14736521321231 12647 0
14736521322233 9150 0
14736521332121 14796 0
14736523112222 12531 0
14736523113131 12582 0
14752363222121 13795 0
14752363232222 13282 0
14752363233131 12555 0
14752631111111 11811 0
14752631112311 15588 0
14752631323223 21483 0
14752632332132 12685 0
14752633213223 13574 0
14752633222223 12974 0
14752633223123 13283 0
14752633223231 23045 0
14753261221112 10531 0
14753261323112 15535 0
14753261333111 10806 0
14762351221331 15975 0
14762351321231 13691 0
14762351331221 13191 0
14763251221223 14420 0
14763251222312 11161 0
14763251332331 10721 0
14763251333123 10397 0
14763252322121 8476 0
14763253132232 8723 0
14763253133132 8481 0
14763253133222 9646 0
14763253133231 8975 0
14763253221221 10304 0
14763253222112 10903 0
14763521113211 9217 0
14763521113223 11005 0
14763523222331 12363 0
14765231111213 11484 0
14765231111312 11401 0
14765231112131 10902 0
14765231113121 8791 0
14765231133131 15971 0
14765232211211 16308 0
14765232232322 16263 0
14765232331313 16602 0
14765233113131 16099 0
14765233323332 16344 0
15236471111111 12340 0
15236473231121 12401 0
15243671331221 12920 0
15246371331332 11927 0
15246371332331 11193 0
15246372331331 10861 0
15267431223113 11340 0
15273641112323 17393 0
15324673113311 16679 0
15342671211311 9161 0
15346271321321 12857 0
15367421211113 18513 0
15367421223113 14254 0
15367423211123 14857 0
15426371111111 17134 0
15426371112233 16979 0
15463271313113 11594 0
15624732123212 14924 0
15624732133313 14171 0
15624732333332 13660 0
15627431223113 10320 0
15627431322113 14874 0
15627431332112 10561 0
15634722123332 11576 0
15634722321233 10632 0
15637423211123 10575 0
15642371111111 11026 0
15642372213311 8429 0
15642372231332 13369 0
15642372331322 11814 0
15642373212311 10260 0
15642373221323 12748 0
15642373231223 13560 0
15643271221331 11202 0
15643271331221 11617 0
15643273223111 9070 0
15647233213232 12718 0
15672341113232 13653 0
15672341323112 12659 0
15672342323312 11579 0
15672343213232 12967 0
15672433312133 19858 0
15724362212132 13303 0
15724631111111 15004 0
15724631211311 13546 0
15724631322233 23336 0
15724632123233 15342 0
15724632313223 21650 0
15724632323231 13891 0
15724632323333 12618 0
15724633132322 11459 0
15734622331223 13202 0
15746321111111 16672 0
15746321323211 10941 0
15746322313112 10465 0
15762342122213 15593 0
15763241111111 11866 0
15763242323132 12931 0
16243571132132 9898 0
16243571231231 13405 0
16243571321321 11631 0
16245371231231 13655 0
16254733312223 15612 0
16257431132111 11228 0
16257433223123 13532 0
16273541122133 16822 0
16273541321321 13579 0
16275341312213 11473 0
16275343122221 16301 0
16327453232333 9755 0
16342571331221 12497 0
16345271111111 29074 0
16345271133131 17184 0
16345271222111 17864 0
16345272322232 11707 0
16345272333212 16107 0
16345273122323 18052 0
16345273233323 15031 0
16347252131312 11337 0
16347253121312 9967 0
16357421223113 11866 0
16374521112323 17670 0
16374523211123 17048 0
16423572112121 12208 0
16427531211311 10999 0
16427531231321 8256 0
16427532333233 17969 0
16453271111111 18410 0
16453271211113 13685 0
16453272111131 14031 0
16475233132313 18559 0
16523473332323 9608 0
16523741112212 12337 0
16524731112212 15740 0
16524731112233 12595 0
16524731113133 13186 0
16527341111111 10145 0
16527431123333 10365 0
16527431222132 10305 0
16527431312222 14203 0
16527431333213 9712 0
16527432113333 9859 0
16527432211322 10674 0
16527432231122 8843 0
16527432231332 8798 0
16527432331322 9055 0
16527432333113 9792 0
16527433312133 8902 0
16532471111222 12751 0
16534271111111 10356 0
16534271111132 8464 0
16534273211111 10489 0
16534723211123 11033 0
16537421111222 12325 0
16537421113322 11910 0
16537421113331 12682 0
16537421223113 10480 0
16537421233112 15128 0
16537421332112 10163 0
16542371221331 10210 0
16542371331221 10514 0
16542372112331 11793 0
16543271221223 15236 0
16543271223221 10086 0
16543271331332 11521 0
16543271332331 11273 0
16543272331331 9841 0
16543273221221 10540 0
16543721111111 9031 0
16543721113211 8460 0
16547233332323 10303 0
16547321113331 14534 0
16572431111111 12271 0
16572433213223 13273 0
16573241123123 10314 0
16573241312312 9291 0
16574231113133 12738 0
16723451122133 15539 0
16723451322311 15919 0
16725431121311 9310 0
16725431131211 9455 0
16725431211122 16338 0
16725431211131 11740 0
16725431311121 8502 0
16725432211121 17785 0
16725432232223 15248 0
16725433113311 15635 0
16725433122212 14625 0
16725433333232 15687 0
16735242122213 13638 0
16742352232313 11232 0
16743252323222 9215 0
16745232121313 9764 0
16745232122222 9283 0
16745233121213 9285 0
16745233333313 11515 0
16753241221112 11723 0
17246351111111 16216 0
17265433111313 19776 0
17324561211323 16861 0
17324561232332 10309 0
17326452212111 20119 0
17356241212313 11298 0
17356242211331 22897 0
17362451211311 8106 0
17362451231321 8753 0
17362452213311 14350 0
17364251231231 14847 0
17423653213232 12844 0
17425631122112 13505 0
17425631223113 12495 0
17425631313113 12356 0
17425631322113 13933 0
17425631322332 22375 0
17425631323112 14515 0
17425631323223 20651 0
17425631332112 13679 0
17426531112233 10432 0
17426531121212 13191 0
17426531132312 14857 0
17426531213123 14961 0
17426531223221 12323 0
17426531232233 12585 0
17426531313131 12721 0
17426531331332 13370 0
17426532121211 11563 0
17426532331331 15805 0
17435622211133 8865 0
17435623211123 9086 0
17436521323232 9815 0
17452363213232 10388 0
17452363322132 8890 0
17452633213232 14741 0
17453262211133 10457 0
17462352213311 8803 0
17463251122112 10862 0
17463251221331 12346 0
17463251313113 10768 0
17463251321231 12364 0
17463251323112 15096 0
17463251331221 13012 0
17526431131121 10923 0
17526431231321 8802 0
17526432123233 14411 0
17543261111111 19048 0
17543261132111 13643 0
17642531111111 16774 0
17642531112233 22199 0
17642533312211 17555 0
17643251122112 11769 0
21345671111111 12560 0
21345762223322 16521 0
21345762312323 12378 0
21345762313223 9321 0
21345763332233 13551 0
21346752313322 13226 0
21347562312323 24758 0
21354671122112 11681 0
21354671131313 15641 0
21354671221112 11662 0
21354672311123 13511 0
21354672311132 10197 0
21354672313211 27230 0
21354673131113 13969 0
21354761112233 23147 0
21354761112311 13241 0
21354761113211 13823 0
21354761113322 24488 0
21354761122211 14869 0
21354761133311 12847 0
21354762213311 21978 0
21354763312211 21471 0
21357462311111 16891 0
21357463213331 13274 0
21357642221132 19455 0
21364752311111 15462 0
21364753212212 12959 0
21365742221312 13119 0
21365742312323 16850 0
21367451311331 11023 0
21367452112112 9588 0
21374653333121 17025 0
21375462312233 9092 0
21375463333211 16325 0
21376541111123 11245 0
21376541112311 12216 0
21376541122211 14005 0
21376541131133 12103 0
21457631321123 23154 0
21473563331312 19119 0
21536742222131 17464 0
21654372231323 14373 0
21654372233321 12673 0
21654373332122 10826 0
21654373332221 12160 0
21734652123131 16605 0
23147562123131 12301 0
23147651112323 11579 0
23147652312323 8362 0
23156471222132 13788 0
23156471333132 13724 0
23156473323332 12865 0
23157461231333 18101 0
23157462131123 18650 0
23164573213133 12354 0
23164752131312 14663 0
23164753333313 13735 0
23165471111111 9518 0
23165471311133 13038 0
23165471312132 14263 0
23165472111122 12978 0
23165472111332 14018 0
23165472132332 15421 0
23165472311111 15864 0
23165473233221 23775 0
23165741112323 9179 0
23165741231312 14480 0
23165742123131 7590 0
23165742131321 16424 0
23165742131333 22504 0
23165742312323 12462 0
23165743331312 22520 0
23167541233322 15589 0
23167542131222 14710 0
23174652123131 8171 0
23175463211222 14309 0
23176452132221 16440 0
23176453332233 16310 0
23416752121211 15895 0
23417563232123 11406 0
23456173212332 10654 0
23456173233122 11247 0
23456713212332 11983 0
23475162121112 13167 0
23517462131333 16254 0
23576412233321 16131 0
23576412312323 16011 0
23657142121112 20841 0
23671452122333 28882 0
23674153232321 9312 0
23751461132123 10721 0
23751463112321 10658 0
23756143222331 13628 0
23756411222312 10975 0
23756413222112 11281 0
23756413223312 11020 0
23756413322312 11547 0
24153672321233 12756 0
24157361313212 11787 0
24157362323111 11781 0
24167353132232 23638 0
24173652323231 8208 0
24315673311311 17808 0
24315761122322 17950 0
24315762213323 9265 0
24351671212211 13908 0
24351673111133 14903 0
24351673311311 16247 0
24351761111123 23140 0
24351761212232 13610 0
24367511323112 15381 0
24367513111121 11041 0
24376512222122 16152 0
24516732233111 8846 0
24531673123121 15943 0
24536713231232 14573 0
24537613231322 15407 0
24561372111131 9543 0
24563711121212 12696 0
24563712121232 13214 0
24563713121222 18772 0
24571362221213 14816 0
24571631121212 14408 0
24615371112332 13839 0
24615372213311 26391 0
24615731122313 14713 0
24615731132333 22094 0
24615732111323 16757 0
24615732213311 9153 0
24615732233321 12941 0
24615733113323 22061 0
24615733311122 7160 0
24617532233321 20891 0
24637512311132 12070 0
24651731113223 17278 0
24651731333333 13504 0
24715363311332 13641 0
24715631111111 15274 0
24715631122121 14214 0
24715631122133 14311 0
24715632313223 20777 0
24715633112111 9328 0
24715633131131 14119 0
24716532323231 18113 0
24731561111111 18317 0
24731562311231 11743 0
24736512222332 18519 0
24751362221231 22158 0
24751362321113 25760 0
24761531221223 23472 0
24763151111111 11269 0
24765313222112 19787 0
25134672233321 16429 0
25134672312323 16595 0
25134672313211 18181 0
25137461111111 11820 0
25137461211323 10464 0
25163741112323 15096 0
25314673111313 16307 0
25314673111331 15578 0
25314673131311 16124 0
25341673113311 18991 0
25341762313223 22152 0
25364172311231 18916 0
25364173223231 10211 0
25367411211122 11876 0
25413672323111 19028 0
25413763121222 18909 0
25436711311313 12895 0
25436712123122 14399 0
25436712123332 12414 0
25436712132122 15893 0
25436712323231 15346 0
25436713232321 11787 0
25436713332122 12805 0
25463713212332 13091 0
25471362323132 9183 0
25471631312213 19236 0
25631741212121 25840 0
25634713321232 14202 0
25641371213132 16820 0
25714632123131 10362 0
25714632223331 12955 0
25714632313211 25216 0
25714633121333 16580 0
25716431212223 16259 0
25716433223213 16829 0
25731642232211 26776 0
25734162221111 11969 0
25734613113323 20230 0
25736141111123 10223 0
25736141233232 16531 0
25736411133113 16209 0
25736411231321 10569 0
25736411321312 13565 0
25736411331113 15414 0
25736413123112 14493 0
25741361232113 12280 0
25741632222323 14142 0
25741632312323 12620 0
25743611233232 12679 0
25763142223133 11515 0
25763411332322 9552 0
26135742132221 17865 0
26135742213323 9024 0
26135742332312 17184 0
26153471122121 11457 0
26153473131131 10246 0
26153473132121 13412 0
26154372332213 34035 0
26175432331133 17344 0
26317451212211 20132 0
26345711223113 11066 0
26371453112111 10726 0
26415731322323 13867 0
26415732121223 13342 0
26415732233321 16688 0
26435712222122 21381 0
26435712233321 12434 0
26435712311132 6660 0
26435712322322 16617 0
26435713311122 7945 0
26435713333133 16976 0
26437512122312 15003 0
26453172211133 11444 0
26453711333333 17056 0
26513471122121 13368 0
26517343333313 21370 0
26534713333313 19247 0
26543171111111 15173 0
26543171123111 14384 0
26547313131323 18804 0
26573413331312 15457 0
26714531212133 16610 0
26714532121133 19263 0
26715433231322 12872 0
26741351232113 14411 0
26743512121232 21130 0
27134561131133 12265 0
27154632311132 17090 0
27314652313211 18049 0
27365412321212 15075 0
27415363131113 12814 0
27415632323231 15250 0
27415633321322 15511 0
27416532133232 10032 0
27416533321232 14406 0
27435612122222 13955 0
27453161123111 13117 0
27453161132111 14837 0
27456133132223 11991 0
27516341111111 9242 0
27534161111111 8139 0
27534161111123 13178 0
27534162311111 8859 0
27534612311132 8371 0
27536412332312 16752 0
27543611111123 17404 0
27543611111132 12681 0
27546312231122 29219 0
27613543333133 20039 0
27614353311332 16846 0
27615431312333 17696 0
27615432113321 12261 0
27615433313213 13895 0
27634511131133 14307 0
27634512233321 8154 0
27643513311233 22811 0
31246753312211 11329 0
31247651113232 8001 0
31247651323232 11579 0
31256471231222 12743 0
31257462222221 18977 0
31257462312311 14951 0
31257643311122 11212 0
31264572122213 14324 0
31264573132313 13284 0
31264573222223 12767 0
31264752132122 17940 0
31264752313121 18037 0
31265471111111 17717 0
31265471122112 12148 0
31265471122133 14793 0
31265471312213 14010 0
31265471313113 11883 0
31265471321111 9842 0
31265472233321 25205 0
31265472312233 13991 0
31265741233331 15421 0
31267542222233 17036 0
31267542313133 17254 0
31275461112233 11664 0
31275461322233 11763 0
31275462133211 14509 0
31275462223211 14646 0
31275462311213 16317 0
31275462312212 16015 0
31275463311122 8944 0
31276452133322 15049 0
31276452313313 16315 0
31452671323211 10930 0
31452671332232 10852 0
31452672322331 11105 0
31456722111221 11388 0
31462751111111 17403 0
31462751113322 16870 0
31475261322233 18015 0
31475262331313 19148 0
31475262333221 15227 0
31524673332122 14794 0
31527643332122 14745 0
31564272212111 18567 0
31564272213311 11388 0
31564273113311 12677 0
31572461122133 9254 0
31624751112233 16881 0
31624753312211 16512 0
31627452221333 19155 0
31654272313322 15724 0
31754621331122 23398 0
31765242322121 22455 0
32145671111111 22561 0
32145671123333 15320 0
32145671132222 15198 0
32145671221112 16705 0
32145671333333 15088 0
32145672113333 15667 0
32145672212222 14613 0
32145673112222 14446 0
32145673311113 16777 0
32146751232323 12488 0
32146752232223 13718 0
32147562313223 11064 0
32147562333233 17795 0
32147651123333 9381 0
32147651132222 8858 0
32147651213333 10485 0
32147651312222 9434 0
32147652113333 9036 0
32147652231332 9385 0
32147652233213 14685 0
32147652331322 9882 0
32147652332213 14538 0
32147653112222 8626 0
32156471111111 10483 0
32156471113211 15299 0
32156471232332 20818 0
32156472312332 12838 0
32156472332132 12684 0
32156472332321 22000 0
32156472333332 12313 0
32156473223123 11306 0
32156741112323 10982 0
32156742311123 10219 0
32156742313223 10067 0
32156742333131 13808 0
32157641232323 12067 0
32157642231323 12428 0
32164571111111 16757 0
32164571111231 9497 0
32164571232323 12378 0
32164572232223 14065 0
32164572232313 14000 0
32164572233321 21972 0
32164572312323 21858 0
32164573323212 12053 0
32165741111111 15793 0
32165741111132 14555 0
32165741233223 23420 0
32165742211112 13033 0
32165742331112 13873 0
32165743311131 11665 0
32167451111111 15317 0
32167451213333 16794 0
32167451222222 14313 0
32167451312222 14812 0
32167451333111 14743 0
32167452211121 15926 0
32167453222313 15735 0
32167453313333 15365 0
32167453321232 15551 0
32174561112323 9188 0
32174561232113 10326 0
32174561232233 10895 0
32174562231212 13188 0
32174652312332 11535 0
32174652332132 10545 0
32175461111111 16922 0
32175461113112 9550 0
32175461221112 12089 0
32175461333111 12047 0
32175462233111 14313 0
32175462312323 23366 0
32416753121222 15737 0
32417562113321 15978 0
32417652132131 14891 0
32417653132121 12991 0
32451762331121 10493 0
32456173212332 13388 0
32456711233133 25552 0
32465172112121 12355 0
32465172132131 12433 0
32465172133121 12746 0
32465172332321 22173 0
32465173123121 13524 0
32465173132121 13649 0
32465173133111 13149 0
32465173233221 22506 0
32475161232323 14927 0
32475163331222 13586 0
32476513232231 11893 0
32517463131311 19946 0
32546713323212 11759 0
32547611121113 12068 0
32547611131112 9985 0
32547611213111 10318 0
32547611312111 10372 0
32547612111311 9748 0
32547613111211 9253 0
32561471113133 17827 0
32561471121311 8571 0
32561471122211 18081 0
32561471131211 9298 0
32561471211131 14839 0
32561471311121 11616 0
32561472133313 14384 0
32561472213122 14886 0
32561473222223 16401 0
32561473323212 15274 0
32567412122222 9354 0
32567412131312 10302 0
32567412222212 11099 0
32567413131212 9854 0
32567413133333 10729 0
32576142313223 16800 0
32615473332122 14125 0
32647152133121 16972 0
32647153132121 13105 0
32647512333233 19838 0
32657143121213 19247 0
32657412111212 17138 0
32671453123313 18404 0
32674152113333 24952 0
32714652332132 11479 0
32716452123212 15785 0
32741651121311 12711 0
32741651131211 10152 0
32741651211131 9615 0
32741651311121 11495 0
32741652111113 10306 0
32741653111112 10621 0
32745611223332 15576 0
32745612313322 15684 0
32745612322331 15697 0
32751643321232 12586 0
32754163211123 16804 0
32756141233121 16919 0
32761452121313 8937 0
32761452122222 9939 0
32761452222212 9135 0
32761453121312 11511 0
32761453133333 9636 0
32765411112221 17330 0
32765411121113 8736 0
32765411131112 8784 0
32765411133113 16186 0
32765411331113 16102 0
32765412221312 14460 0
32765412323222 11044 0
32765413122212 13958 0
32765413223312 15280 0
32765413231223 16169 0
32765413322312 15316 0
34125672131213 9145 0
34125672131312 10025 0
34125672221222 9618 0
34125673133333 9856 0
34127651121113 9925 0
34127651131112 9195 0
34127651213111 10039 0
34127651312111 10011 0
34127652111311 9700 0
34127653111211 9307 0
34162752132212 25370 0
34165271112212 17763 0
34165271121311 9887 0
34165271131211 9575 0
34165271211131 12245 0
34165271311121 8783 0
34165271311133 15977 0
34165272323333 15526 0
34165273133312 16861 0
34165273222322 15638 0
34165273311131 15850 0
34167252213323 16040 0
34172562132332 18276 0
34172562313331 17542 0
34175263321232 12892 0
34216572213122 24939 0
34261572132131 10019 0
34261572133121 11355 0
34261573123121 11010 0
34265712212132 16836 0
34275161312213 9163 0
34275162112322 14905 0
34275162213221 16110 0
34516271111111 10588 0
34516272312332 17169 0
34516722313223 11285 0
34517622231323 11756 0
34521672223232 10365 0
34526713232312 8688 0
34527612211322 11779 0
34527612231122 10784 0
34527612231332 13208 0
34527612331322 11751 0
34527613312133 11462 0
34561272122123 10218 0
34561272122321 10065 0
34561272212213 14972 0
34561272213122 8991 0
34561272232211 14771 0
34561273221233 8938 0
34561273233131 9526 0
34561273311233 9525 0
34561273313321 11295 0
34561273321133 9647 0
34561273321223 8593 0
34561721111111 11816 0
34562171321111 10464 0
34562171321231 7629 0
34562172232313 14087 0
34567212223232 11748 0
34617252111212 12470 0
34617252123212 13147 0
34617252132212 13449 0
34617522221333 13988 0
34621572132131 12192 0
34625172111212 14614 0
34627512232313 10876 0
34651271123111 9268 0
34651272332132 14558 0
34675212222122 22658 0
34715262221123 18762 0
34716522223211 17989 0
34721652121313 14061 0
34721652131213 12070 0
34721652221222 13775 0
34721652222212 12375 0
34721653333313 9574 0
34725611212211 16700 0
34725612111113 8392 0
34725612121322 15325 0
34725612231212 14914 0
34725612231332 15632 0
34725612322232 11712 0
34725612331322 15267 0
34725613111112 10634 0
34725613111133 15923 0
34725613132223 15363 0
34725613311113 15917 0
34761252323222 9024 0
35126741232212 17128 0
35126742231233 17300 0
35127462331331 21303 0
35162472122231 14270 0
35162472123233 12745 0
35162473122221 14677 0
35162473323131 15220 0
35162473332122 13045 0
35162473332131 14387 0
35162742213323 14900 0
35167242132212 19709 0
35172461232323 15275 0
35174262213131 18111 0
35174262231113 16871 0
35246171111111 16386 0
35246171113322 16166 0
35246172213311 16499 0
35267141223233 11353 0
35267141321132 19154 0
35271461322233 15881 0
35416721113112 10738 0
35416723232213 14170 0
35417622223133 12888 0
35426712131132 19471 0
35426712311312 13818 0
35426713111313 12438 0
35426713131113 11331 0
35426713312211 9610 0
35461271111231 11521 0
35461271321231 7769 0
35461272222323 12154 0
35462171131313 12158 0
35462171212121 12273 0
35462171221223 12609 0
35462171332331 14879 0
35462172213311 9731 0
35462172223331 12275 0
35462172312131 15347 0
35462173123211 14119 0
35462173131311 12656 0
35462173221221 13294 0
35462712322322 16961 0
35472163222313 9137 0
35472163231322 10599 0
35476122221111 12208 0
35614722321233 14328 0
35617423131332 14587 0
35624712121232 11353 0
35624712321212 16227 0
35624712321332 11236 0
35624712331232 11934 0
35714623111322 22471 0
35721642221213 25754 0
35762142222113 17242 0
36125471111333 17437 0
36125471212112 19776 0
36125471213111 8823 0
36125471222111 19991 0
36125471312111 10171 0
36125472111311 9624 0
36125472121223 13902 0
36125473111211 11118 0
36125473232222 16401 0
36125473323233 17492 0
36125743222331 19584 0
36127451333222 15379 0
36145272122222 9596 0
36145272131213 10898 0
36145272131312 9954 0
36145273333313 11489 0
36147251121311 11113 0
36147251131211 11194 0
36147251211131 11658 0
36147251311121 9725 0
36147252111113 11699 0
36147253111112 10478 0
36152741231312 21150 0
36152742131321 17330 0
36172452133133 16684 0
36217452131333 21615 0
36217541223311 10552 0
36217543213112 14021 0
36241573212332 12454 0
36241753212311 9534 0
36415272123212 18904 0
36417522123311 18008 0
36514272212111 18026 0
36521472113321 15682 0
36521472331121 16322 0
36527411131133 16080 0
36527412111113 9470 0
36527412131222 18018 0
36527412211322 16770 0
36527412221312 15248 0
36527412231122 14418 0
36527412322232 9657 0
36527413111112 10011 0
36527413311311 15507 0
36541272323222 9118 0
36542712121322 15210 0
36547212121313 10023 0
36547212122222 11167 0
36547212131312 11101 0
36547212221222 9922 0
36547213331333 12573 0
36712542121112 11597 0
36712542121121 11477 0
36712542121211 15345 0
36712542122111 12447 0
36714252232223 9166 0
36714521232113 12145 0
36714522121322 15340 0
36714522122213 14479 0
36714523132223 12386 0
36714523132322 12482 0
36721451131331 16709 0
36721452121322 15214 0
36721452122123 14645 0
36721452122213 14656 0
36721452122321 15275 0
36721452131111 11738 0
36721452223232 8369 0
36721453113113 18148 0
36721453121111 14797 0
36725411121212 12132 0
36725411131313 12331 0
36725411212121 13178 0
36725411313131 12090 0
36725412111212 12859 0
36725412121112 11946 0
36725412121211 12997 0
36725412121232 12250 0
36725412123212 13326 0
36725412321212 13446 0
36725413111313 14505 0
36725413131113 13123 0
36725413131311 15409 0
36741252122123 12150 0
36741252122321 11681 0
36741252122333 10174 0
36741252123323 11412 0
36741253233131 11494 0
36745211211221 15503 0
36745212121223 14159 0
36745212122312 17866 0
36745212122333 14661 0
36745212123323 16531 0
36745212131111 8782 0
36745212223232 9343 0
36745213121111 11460 0
36745213131131 15718 0
36745213133111 15609 0
36745213232213 15165 0
36751243222322 9298 0
36752142122132 19556 0
36752142123221 14396 0
36752143132232 12605 0
36752143133222 13370 0
36752143211132 11939 0
36754123232222 14098 0
37246511112233 22201 0
37256142321233 12721 0
37415622333221 16824 0
37426513132313 11490 0
37452162323312 11293 0
37516422333311 14361 0
37561241311112 9171 0
37612453122233 15103 0
37612542221111 13969 0
37614252221123 13888 0
37614521111111 16688 0
37614521323232 9595 0
37614522111221 12260 0
37614522113321 15879 0
37614522313322 15643 0
37614522323312 12127 0
37614523232213 14019 0
37615421113322 9490 0
37615422211133 7724 0
37615422223133 7936 0
37615422313121 12936 0
37615422313331 13488 0
37615423121132 13901 0
37624152311213 17853 0
37624511232233 10638 0
37624512121322 15523 0
37624512231212 13593 0
37624513131323 13069 0
37624513231313 12900 0
37641252222323 11543 0
37642152213311 11355 0
37642513122221 18269 0
37645122312221 14034 0
37651242211133 13102 0
37651422312311 17126 0
37652141113232 7626 0
37652143231322 12774 0
37654212311222 18559 0
41236753232321 11536 0
41237561313131 18849 0
41263751312222 24573 0
41325671212211 11977 0
41325762313223 16616 0
41325763131233 13593 0
41352671212112 11212 0
41352671212121 11018 0
41352671222111 11821 0
41357622313112 11230 0
41367253111133 12337 0
41532672313211 23944 0
41532761233133 16096 0
41563273113311 12513 0
41576322212222 14307 0
41625372313211 14161 0
41625373121213 13776 0
41625731222231 13035 0
41635721212121 18975 0
41657321222312 19329 0
41673252212222 15143 0
41673521111111 11222 0
41723562313211 15410 0
41725361232113 7134 0
41725361321213 17423 0
41725362221213 15262 0
41725362313211 8901 0
41725362313223 10807 0
41725363121222 13462 0
41725363121231 13569 0
41725631111111 11948 0
41725631211122 12492 0
41725632322331 22452 0
41725633111133 11496 0
41725633121123 14437 0
41725633211111 15910 0
41726352313322 9362 0
41726532312233 15231 0
41735261323313 19388 0
41735262312233 11226 0
41735263123223 16309 0
41735621233232 12479 0
41735622313322 14956 0
41736521233232 15283 0
41736522332231 9535 0
41752631222123 13535 0
41752632311123 11009 0
41752632312323 8303 0
41752632313211 27115 0
41756231321213 20780 0
41756233121231 17199 0
41762532221333 17941 0
41762533123331 16754 0
41765231233232 14005 0
41765322221312 14340 0
41765322313211 24145 0
41765323122212 14381 0
42136752131312 19561 0
42137561123333 20657 0
42137653122131 14960 0
42137653132121 12861 0
42157633231322 14881 0
42163751121212 20463 0
42165373223123 10831 0
42167532131333 18456 0
42315673112111 10060 0
42351671212211 12993 0
42351763231133 22214 0
42367153111121 14564 0
42367153211123 14933 0
42516372233111 11097 0
42561733323122 14138 0
42573612323231 9797 0
42573613322231 10651 0
42613572313211 15434 0
42615371313332 21940 0
42615372213311 10505 0
42615372221213 14886 0
42615372313211 9702 0
42651372213311 15830 0
42651733311122 12469 0
42673512232133 12028 0
42751632321233 15852 0
42751632323231 12605 0
43126572133313 14910 0
43167251232212 16556 0
43176252123131 16630 0
43176252311132 16573 0
43216573132121 11655 0
43216573132223 10611 0
43216573212311 12051 0
43216573212332 18088 0
43512671313332 16244 0
43527612312323 8455 0
43561271111111 9846 0
43571262122222 19149 0
43572161111111 11133 0
43572612312323 10152 0
43576211123222 17475 0
43576212112232 21016 0
43615271333312 13670 0
43615272113321 8893 0
43617521223221 23607 0
43621752213323 15442 0
43651722323132 9659 0
43675122222122 14633 0
43675211221331 13473 0
43721653231313 14560 0
43751623123313 15370 0
43765212222122 16760 0
45167323322231 15498 0
45176231131313 16200 0
45176231133113 15703 0
45176231331113 15602 0
45176233131113 16862 0
45176321131133 19095 0
45213672221123 17082 0
45273162222122 18145 0
45276131131133 17937 0
45312671222312 12671 0
45312672223331 10868 0
45312672233321 8223 0
45312672313211 25203 0
45312673132313 20510 0
45312673222112 12711 0
45312673231313 20510 0
45312761113211 13172 0
45312761133311 10433 0
45312762221111 15318 0
45312762311111 11598 0
45321671212211 11632 0
45321671221121 10034 0
45321673113311 17472 0
45327612222323 12925 0
45362712122222 19359 0
45367122223133 11421 0
45367211111132 12175 0
45367211211122 10965 0
45367213111133 11080 0
45376121131133 17377 0
45376121331311 14346 0
45376211333123 15384 0
45376213131323 20808 0
45376213333322 14406 0
45612371133221 23080 0
45612372331121 22114 0
45612373112231 21739 0
45612373132121 13237 0
45612373132223 13129 0
45612373322111 20119 0
45612373332122 12848 0
45612373332221 13584 0
45613271331221 12798 0
45613272233111 15395 0
45621373123331 12644 0
45621373211111 19165 0
45621732212123 16800 0
45621732233333 16700 0
45623712332123 11846 0
45623713322321 10405 0
45637123132121 14483 0
45637123332122 13140 0
45671231132231 11504 0
45671233112132 11874 0
45673212212132 18619 0
45673213211222 17264 0
45713623223132 14713 0
45721363321313 16445 0
45721363322231 14553 0
45732612233321 15845 0
45736121122211 15240 0
46123571111111 10442 0
46123573232123 15682 0
46125731333123 19889 0
46127351131313 12913 0
46127352131333 13407 0
46127353131323 13352 0
46135272133313 13838 0
46153273131131 15249 0
46157233333232 9099 0
46157321331233 13632 0
46215372121223 14129 0
46215372313211 20580 0
46257132211133 11296 0
46257313312211 26906 0
46273512122312 14588 0
46273513221212 13968 0
46275311123222 13902 0
46275312112232 17617 0
46275312132212 15014 0
46275312232133 7497 0
46275312313211 9194 0
46275313121222 13430 0
46275313312211 10748 0
46321752111131 9704 0
46352171211233 10836 0
46352172113231 10952 0
46372511221331 13744 0
46375211211332 20628 0
46375212113111 15373 0
46375212132131 11883 0
46375212132221 15527 0
46375212332222 14277 0
46375213112111 15441 0
46375213123121 13020 0
46375213333121 13826 0
46512371331221 14761 0
46512372113321 14887 0
46513272332111 9329 0
46513273113221 9257 0
46523711331332 19075 0
46527133111121 12029 0
46572311223122 16104 0
46572312132122 13731 0
46721533123313 18895 0
47123562232133 12020 0
47123651233232 13764 0
47126351233232 15624 0
47126532133133 22092 0
47132562311111 9275 0
47132563222331 18239 0
47132652233321 10223 0
47135622132332 14239 0
47136252133112 20532 0
47152361233232 12505 0
47152631322131 17032 0
47156231332313 17336 0
47156233211132 13183 0
47156233223312 15000 0
47156233233113 16607 0
47156233322312 14207 0
47156321111111 13300 0
47156321133311 13214 0
47156322132311 15066 0
47156322313232 15111 0
47156322332132 11631 0
47156322332312 15152 0
47156323223123 12713 0
47162351322122 13726 0
47163522131222 14177 0
47165321232113 7612 0
47165321322131 22915 0
47165322132212 14794 0
47165322133112 17150 0
47165322232133 7020 0
47165322313211 9830 0
47216352131333 16835 0
47251363131113 22975 0
47251632131312 19048 0
47256133212311 8031 0
47256133321232 12043 0
47265312122222 13995 0
47265312131312 14544 0
47265312313211 13934 0
47321651311133 11272 0
47352612123131 16432 0
47352612311132 16733 0
47352612313211 23972 0
47512632312323 17392 0
47621532232331 10656 0
47621533231121 12938 0
47632152233321 8569 0
47632153212311 10496 0
47632153232321 9738 0
47632513212332 19908 0
47652132231323 12857 0
47653213211231 23241 0
47653213232111 10686 0
51264731113322 16681 0
51264732213311 15874 0
51267342312233 19785 0
51324671211122 9755 0
51324672212111 12850 0
51324673113311 16408 0
51324761111123 15197 0
51324763113332 13010 0
51342672212111 13249 0
51342763312223 14299 0
51367241211113 9492 0
51423671221331 12921 0
51426731111111 16902 0
51426733312211 16425 0
51472361131313 14184 0
51472633331312 15069 0
51623471321111 9444 0
51623743313321 19480 0
51624731312123 16483 0
51624733323113 20945 0
51632741323232 9370 0
51642371122313 17296 0
51642731113322 10630 0
51647231113232 8459 0
51723643131311 17752 0
51724362122222 14458 0
51724363121213 14056 0
51726433123313 15947 0
51732643121213 19409 0
51742632323231 13298 0
51742632323333 11998 0
52134761232113 17187 0
52147631121311 10743 0
52147631131211 10763 0
52147631211131 9573 0
52147631311121 10263 0
52147632111113 9924 0
52147633111112 12839 0
52163471112122 16612 0
52163471213111 9615 0
52163471312111 9591 0
52163471333123 15379 0
52163472111311 8644 0
52163472131222 13845 0
52163473111211 9080 0
52163473111331 16867 0
52163473221323 15212 0
52163473323332 21552 0
52167342121232 15015 0
52167432121313 12143 0
52167432122222 11919 0
52167432131213 10093 0
52167433133333 11587 0
52167433331333 10123 0
52174633223123 12556 0
52314673311311 20025 0
52314761322122 17257 0
52341671111111 26088 0
52341671122211 16508 0
52341671311313 14841 0
52341672211112 17085 0
52341672232313 16537 0
52341672323222 9652 0
52341672323312 19689 0
52341673133111 15100 0
52341673232213 16509 0
52341673232333 8581 0
52341673323212 19382 0
52361472121313 11552 0
52361472131312 9879 0
52367142211121 12743 0
52367412322232 9933 0
52374161112323 16456 0
52376413222223 11499 0
52463173212332 16572 0
52463713212332 16082 0
52471631223113 14299 0
52471631323112 14046 0
52614372313211 9543 0
52641733212311 8047 0
52641733232321 10813 0
52673413232123 14674 0
52713461232323 8404 0
52714361232113 9998 0
52714633213223 12055 0
52714633223123 10893 0
52731641233112 13516 0
52731641323112 12702 0
52736141322233 8462 0
52741362313211 12083 0
52741362313223 10573 0
52741632122333 9659 0
52741632123323 12349 0
52741632212213 9304 0
52741632212231 9215 0
52741632232211 8904 0
52741633221233 9397 0
52741633313312 8735 0
52741633313321 9564 0
52741633321223 10649 0
52741633323311 8909 0
52743611111213 9675 0
52743611111312 12413 0
52743611112131 10617 0
52743611113121 12298 0
52743612131111 9129 0
52743613121111 11143 0
52761431111213 10444 0
52761431111312 9732 0
52761431112131 10237 0
52761431113121 10338 0
52761432131111 11225 0
52761433121111 9387 0
52763143222331 17858 0
52763411222312 15005 0
52763411333123 10680 0
52763413222112 15445 0
52763413223312 15161 0
52763413322312 14903 0
53126471231231 16526 0
53126471231321 11563 0
53126471321321 15092 0
53146272123233 14509 0
53147262123131 15395 0
53162743312223 14020 0
53274163211222 18879 0
53421671321111 13812 0
53421671321231 8300 0
53426171112233 8154 0
53462711113322 9782 0
53467211321111 9812 0
53476121323112 14879 0
53476121323322 14980 0
53614721212121 14952 0
53621471331221 12442 0
53642171111111 16971 0
53672142221213 25053 0
53714622233111 18873 0
53721463223312 19273 0
53724612121112 15472 0
53726143333121 13736 0
53741621323112 14014 0
53741621332112 14809 0
53742612323333 12822 0
53761242121211 12482 0
53761242221213 13603 0
53761242321212 12369 0
53762143222331 13501 0
53762413322123 13937 0
54123673233323 10971 0
54126371331221 12758 0
54127632131213 12407 0
54127632222212 12134 0
54127633131212 13321 0
54127633133333 11489 0
54127633333313 9952 0
54163271133221 18432 0
54163272233111 17245 0
54167231121113 9352 0
54167231131112 9433 0
54167231221211 16820 0
54167231333213 14505 0
54167232112112 16472 0
54167232133313 15930 0
54167232333113 15239 0
54167233232333 10398 0
54167233331213 15754 0
54172633132313 14818 0
54217362233213 31714 0
54217632132212 25403 0
54231671123111 14488 0
54231673123121 14635 0
54261373123121 11850 0
54261732231233 16362 0
54276132233312 15816 0
54312671131331 9057 0
54312672212111 10624 0
54312673311311 17349 0
54317261113112 9610 0
54317621111222 12784 0
54321672212213 11479 0
54321672212231 10524 0
54321672232211 11157 0
54321673313312 15412 0
54321673313321 15215 0
54321673323311 16156 0
54321761211221 9001 0
54321763113113 13979 0
54326171111231 13453 0
54326171112233 8954 0
54326171321231 8638 0
54326711112212 12965 0
54327612223232 9988 0
54361272223232 11031 0
54362171113133 12491 0
54362711111231 9836 0
54362711323112 14806 0
54367121112212 15940 0
54367121113211 12613 0
54367121113331 16703 0
54367122211121 11713 0
54367122311111 13061 0
54367123311113 10416 0
54367211132222 9685 0
54367211213333 12486 0
54367211222132 9078 0
54367211333213 9426 0
54367212211322 12144 0
54367212231122 9764 0
54367212233213 9190 0
54367212332213 9314 0
54367212333113 9253 0
54367213112222 10369 0
54367213312133 10236 0
54371261113331 12740 0
54371621113112 14107 0
54371621113322 9266 0
54376121322233 9300 0
54376211111132 12409 0
54376211111222 12525 0
54376211113133 14327 0
54612371112311 22408 0
54612372222131 12842 0
54612732112223 15996 0
54612733322213 15741 0
54621371133311 10003 0
54621372211121 10565 0
54637211132111 9374 0
54671232221213 19451 0
54712361323313 17746 0
54712362223322 16576 0
54716232222113 17105 0
54716321112323 17387 0
54716322313223 16750 0
54721631111111 33129 0
54721631122121 16762 0
54721631311133 15265 0
54721632133232 16538 0
54721632212222 15552 0
54721632212231 14508 0
54721633231322 15794 0
54721633313321 14902 0
54721633333331 13675 0
54723612131312 11801 0
54723612221222 12487 0
54723612222212 10624 0
54723613121312 10974 0
54723613333313 11889 0
54761233322321 16209 0
54763212322232 10001 0
56123471222312 9676 0
56123471223221 9802 0
56123471331332 13184 0
56123471333123 9349 0
56123472322121 9926 0
56123472331331 9864 0
56123473133132 10915 0
56123473133231 9823 0
56123473222112 8713 0
56123473223312 8540 0
56123473322312 8975 0
56124371111231 9496 0
56124371232323 14437 0
56127433332323 10440 0
56132472333332 11120 0
56132473211111 8225 0
56132473213211 11356 0
56143273332323 12562 0
56147231222132 15853 0
56147231333213 10711 0
56147232233213 11173 0
56147232332213 11782 0
56147232333113 10766 0
56147322333233 13104 0
56173421113112 9991 0
56174232323333 11195 0
56174321232113 9399 0
56213471111111 9389 0
56213743313333 15147 0
56243173133111 12519 0
56243713121333 14313 0
56247132333233 12081 0
56271433111313 13835 0
56271433123313 14002 0
56271433132313 14476 0
56274132331133 12849 0
56274312313211 9375 0
56321473233323 9271 0
56321742211112 15087 0
56324171221331 12819 0
56327411211332 15986 0
56327413213112 15516 0
56341273121213 11747 0
56341273131212 9829 0
56347122333233 13104 0
56347211213111 10288 0
56347211222132 14684 0
56347211312111 9770 0
56347211331131 15683 0
56347212111221 21510 0
56347212111311 10570 0
56347212123233 16672 0
56347212232223 16777 0
56347213111211 9653 0
56347213131332 15577 0
56423171231231 12929 0
56423171231321 12848 0
56423171321321 14183 0
56423172112121 11141 0
56423173132121 12246 0
56423173133111 10674 0
56432713122122 15232 0
56712341232113 16836 0
56712343211123 16505 0
56721343123331 15800 0
56721432312233 17344 0
56723411113313 15988 0
56723411121113 10530 0
56723411131112 9939 0
56723411222312 14453 0
56723412122312 13678 0
56723412323222 8830 0
56723413221212 13763 0
56723413222112 14523 0
56723413331111 15486 0
56732143122113 19852 0
56741231121311 9794 0
56741231131211 12773 0
56741231211131 12555 0
56741231311121 9474 0
56741232111113 11147 0
56741233111112 10990 0
56743212122222 9661 0
56743212221222 11531 0
56743213121213 11663 0
56743213121312 9655 0
56743213331333 13364 0
57123461111111 9234 0
57164322131312 14194 0
57214361323232 9349 0
57214632212213 26521 0
57236141113232 8576 0
57236141322233 8957 0
57236141323232 13652 0
57241631322113 13093 0
57241631323112 12776 0
57246131112233 9299 0
57264132111323 16358 0
57321641311112 14422 0
57321642311132 15380 0
57364212213311 10489 0
57364212313211 10720 0
57364213332122 10472 0
57642311113322 16683 0
61234572231323 12040 0
61234573232213 9362 0
61235741313131 14928 0
61257343232123 12993 0
61274351313131 14983 0
61274532231323 11996 0
61352472233321 16690 0
61352472313211 22885 0
61452731311313 12604 0
61453721111111 16401 0
61453721311112 15125 0
61453723111121 16356 0
61472532123332 11117 0
61472533112111 10637 0
61527431111111 11394 0
61534272311132 9603 0
61534721112311 15208 0
61534721113211 14003 0
61543271111111 10638 0
61543271112311 10073 0
61572432312323 8304 0
61734523222331 17595 0
62134572321323 14012 0
62135471122121 12851 0
62135472132131 13865 0
62135473122131 12527 0
62135473123121 15008 0
62135473131131 12843 0
62135473132121 14077 0
62135473232231 24150 0
62135473322321 22957 0
62135743222331 13143 0
62135743312223 21676 0
62147353123121 14663 0
62147353132121 12965 0
62154733321121 11083 0
62157342132212 14507 0
62173543232132 11589 0
62174351122133 14767 0
62174533311212 18495 0
62317453112111 8821 0
62317453312211 13690 0
62351743112123 19480 0
62371453311311 12728 0
62374511322311 12218 0
62374513112321 12278 0
62374513312112 10752 0
62435172211133 8517 0
62435172311132 8504 0
62435711222222 16528 0
62453713311122 13956 0
62471532232133 10269 0
62475131322323 14199 0
62531472321233 13872 0
62543711211113 14666 0
62543711311112 13159 0
62571432321233 13180 0
62735143223213 17467 0
63125741112323 21871 0
63125743131233 14971 0
63125743133312 14039 0
63142571111111 11265 0
63142571132321 24667 0
63142573112123 24502 0
63172452312323 15960 0
63172452313211 22568 0
63174522332132 11906 0
63247511123132 11846 0
63251743133231 23222 0
63452711311313 11226 0
63452712333221 11383 0
63471522123131 20280 0
63471522323132 17764 0
63471522332132 19932 0
63472512123332 10919 0
63512743313333 15216 0
63541271212211 18106 0
63542713121333 18953 0
63574212123131 17579 0
63574212313211 23848 0
63712542221111 13285 0
63714252123131 9555 0
63714521112323 11513 0
63714522332132 10432 0
63721541233322 14688 0
63724153121213 16777 0
63725141112323 10417 0
63725141233121 13694 0
63725142123131 9161 0
63725142223133 8248 0
63725143122113 14324 0
63725143123313 22536 0
63741252222323 12191 0
63741522123131 10327 0
63742511232221 16626 0
63745123122212 13328 0
63751242221321 14283 0
63751423122311 16775 0
63752141111111 15235 0
63752141122211 12458 0
63752141123213 14307 0
63752142332132 12966 0
63752143123223 14417 0
63752143212323 14840 0
63752143223123 13469 0
63752411223212 13713 0
63752411333213 19921 0
63752412312323 10534 0
63752412322112 14384 0
63752412333113 20016 0
63754213122122 16263 0
64125371131313 25124 0
64157321133212 26025 0
64231572311132 10388 0
64257131113223 14595 0
64271533221212 14682 0
64275131212223 13528 0
64275131312123 13520 0
64275132211133 9051 0
64275132232133 8192 0
64275133231112 14557 0
64275133312211 9660 0
64275311112332 17376 0
64275311222222 14188 0
64275313312211 17053 0
64321572111131 17618 0
64321572132131 19322 0
64321572311132 19787 0
64325713121222 25688 0
64351272132131 12809 0
64357212313211 11995 0
64357213231322 16801 0
64357213312211 10201 0
64531271212211 18026 0
64531272132131 11068 0
64531273122131 11572 0
64531273123121 13688 0
64531273311311 12506 0
64531273312211 11335 0
64572131122223 15446 0
64713253112111 10163 0
65123471112311 7876 0
65123471233232 12777 0
65123472312311 11294 0
65132471212112 14976 0
65132471222111 14610 0
65132471231321 13407 0
65132471323121 17151 0
65132472131231 13886 0
65132472212231 20640 0
65132472233321 10464 0
65132473111331 13794 0
65132473313312 11533 0
65132473323311 11794 0
65132741223323 9774 0
65132743222331 13697 0
65134721233232 14505 0
65147321232113 13388 0
65172431132333 16496 0
65174232123131 8410 0
65174232133313 13487 0
65174232323312 13264 0
65174233323212 13590 0
65174233331213 13976 0
65174322313211 10870 0
65174323223123 11868 0
65213741111111 11862 0
65241371111111 13013 0
65243712121322 16438 0
65271341332331 18756 0
65271432231233 12744 0
65274131111111 16255 0
65274131311313 11642 0
65274131312213 14324 0
65274132123332 12657 0
65274133132223 13272 0
65274133232321 10268 0
65274133312223 13951 0
65314272311132 16305 0
65314272313211 24217 0
65321472111122 11890 0
65417321232113 16738 0
65417323223123 15254 0
65417323232123 15468 0
65423713321322 16046 0
65432173232321 11852 0
65471231132213 16749 0
65714323223123 12832 0
65723143321313 13740 0
65732411333123 15367 0
65742311212313 12199 0
67132541133311 14743 0
67145323133312 16506 0
67154233323332 11640 0
67215343333133 13111 0
67231541323112 15543 0
67231543323122 16109 0
67234513332122 11723 0
67245131313323 14837 0
67245311112311 19540 0
67245311133233 12757 0
67254311131133 16732 0
67254313311113 9573 0
67312452233321 8495 0
67312541121221 9018 0
67312542221111 12151 0
67321451111123 10995 0
67321451112311 11847 0
67321451212211 17810 0
67321451311133 11188 0
67321452111122 10742 0
67321453113311 14531 0
67321542232133 10516 0
67341252222323 11989 0
67342512222113 12905 0
67345122223133 8894 0
67345122232133 8463 0
67345211111123 12780 0
67345211111132 13593 0
67345211112233 22386 0
67345211113322 21344 0
67345211211122 12671 0
67345211311133 13149 0
67345212111122 12388 0
67345213111133 13444 0
67354121111111 9584 0
67354211212121 12917 0
67354211313113 20027 0
67354211333111 19918 0
67354212111221 13545 0
67354212212222 14672 0
67354212311132 8296 0
67354213111313 16411 0
67354213131311 15742 0
67354213211132 10915 0
67354213313333 14197 0
67412353132121 16994 0
67412353332221 13553 0
67412531131133 12655 0
67435121332112 11721 0
67435123123121 11779 0
67452313321232 12081 0
71234563231322 12738 0
71263541333222 23544 0
71263542323123 24805 0
71264533131323 11084 0
71264533221323 11404 0
71264533231223 13737 0
71264533231313 11510 0
71326451211311 11176 0
71326453132121 14510 0
71326543333313 19557 0
71345262132131 14707 0
71362453113311 12403 0
71365423331312 18399 0
71423563213232 13052 0
71423653213232 12145 0
71426353312211 8263 0
71426533333223 18504 0
71432561232323 16070 0
71432561323232 9541 0
71432562111221 12527 0
71432563232213 12051 0
71432563323113 14048 0
71432563323122 12140 0
71432563332113 14015 0
71435261322233 10009 0
71435262222122 12913 0
71435263211123 7765 0
71435263311122 8115 0
71435263333133 13479 0
71435263333223 13723 0
71435623333331 20013 0
71436253333112 19633 0
71452363213232 12395 0
71452632222131 17795 0
71453262222221 15304 0
71453623311122 14040 0
71456321322323 11451 0
71456322111221 11875 0
71462531113322 12411 0
71462532111212 11710 0
71462532121112 12993 0
71462533111223 16049 0
71462533221113 14912 0
71463523331222 17115 0
71523463131311 13713 0
71523463231313 14534 0
71523463331312 13900 0
71532463221332 12481 0
71534262122222 16115 0
71542633132322 11647 0
71543622111131 13234 0
71543623111121 14182 0
71546233331213 14196 0
71546322231212 14546 0
71562433123232 9013 0
71563243221221 19995 0
71625433213133 25719 0
71643252231212 14006 0
71643523331213 15334 0
72134562312212 18163 0
72136541322233 16956 0
72143563222331 12667 0
72143651121113 9960 0
72143651131112 10217 0
72143651213111 9846 0
72143651312111 9404 0
72143652111311 9339 0
72143653111211 9442 0
72145631233223 15636 0
72145633232231 15765 0
72145633312223 19645 0
72146352232223 11151 0
72163452122222 11474 0
72163453121213 9794 0
72163453131212 11009 0
72163453133333 9724 0
72163453331333 10911 0
72164353131113 14740 0
72165431113331 15862 0
72165432111113 9367 0
72165432111122 21289 0
72165432211112 18042 0
72165432323312 15471 0
72165433111112 8528 0
72165433121333 17019 0
72165433221233 15109 0
72165433233323 11062 0
72165433321223 14061 0
72165433331213 14620 0
72345611111111 16048 0
72345611133113 15659 0
72345611221223 14734 0
72345611222222 14004 0
72345611331332 16780 0
72345612122111 16105 0
72345612331331 14309 0
72345613221221 14523 0
72345613333331 17591 0
72356141112323 17446 0
72356141232113 16707 0
72356143211123 16321 0
72361453232333 9393 0
72361542333233 17945 0
72365412222212 8920 0
72365413121312 11658 0
72365413131212 9442 0
72365413331333 10083 0
72435163333313 19853 0
72513641232323 7925 0
72513641233322 11795 0
72516342313223 8400 0
72531463321232 11921 0
72534163211123 8717 0
72541631111213 10443 0
72541631111312 11316 0
72541631112131 10794 0
72541631113121 11201 0
72541632131111 9102 0
72541633121111 11850 0
72543162311111 13292 0
72543163211111 14845 0
72543611221223 8377 0
72543611223221 9184 0
72543611331332 10622 0
72543611332331 9119 0
72543612331331 8702 0
72543613132232 15117 0
72543613133222 10192 0
72543613221221 9360 0
72543613223312 11825 0
72543613322312 12230 0
72546311323112 12761 0
72546313323212 11339 0
72561342313223 14196 0
72561432213122 12343 0
72561433221233 10683 0
72561433311233 15822 0
72561433321133 11120 0
72561433321223 10993 0
72563411111213 9915 0
72563411111312 9230 0
72563411112131 12821 0
72563411113121 10179 0
72563412131111 9287 0
72563413121111 9252 0
72643513212311 12220 0
72643513212332 14333 0
73125463133132 20053 0
73146522113231 11116 0
73246153312211 16960 0
73456123231322 12341 0
73516243323113 13751 0
73516243332131 14066 0
73541262321212 17355 0
73542163321133 20857 0
73542613132121 12224 0
73542613132322 10414 0
73564213321322 16805 0
73614251112323 8953 0
73615241112323 10959 0
73615241113322 11350 0
73615242223133 8765 0
73615243123313 13298 0
73615243213313 13701 0
73615243331312 13447 0
73615243332311 13862 0
73615421113322 16141 0
73615423213211 16751 0
73615423333331 14958 0
73624513121132 21264 0
73624513332131 21634 0
73625141112323 8883 0
73625143121213 13430 0
73625143333313 13972 0
73625412222323 12633 0
73642511111111 8582 0
73642511113232 10782 0
73642511113322 10934 0
73642513223222 16484 0
73645121113211 15213 0
73645122222311 13482 0
73645211223113 12080 0
73645211231111 17259 0
73645211321111 9465 0
73645211332112 11877 0
73645213112231 20857 0
73645213333112 15053 0
73651241113322 18041 0
73652413211312 16552 0
73652413331321 19224 0
73654122111122 11820 0
73654122221111 10354 0
73654211111132 15099 0
74123563323221 8910 0
74123652322121 10402 0
74123653132232 15323 0
74123653133132 10870 0
74123653133222 10447 0
74123653133231 10516 0
74125631313311 15524 0
74125632121121 17611 0
74125632122111 16244 0
74125632131111 8856 0
74125632321332 15562 0
74125633121111 11609 0
74125633131233 13978 0
74125633132232 14320 0
74125633133222 15009 0
74125633133312 16372 0
74125633332323 9923 0
74126352333122 11588 0
74132561321231 10580 0
74132562121121 15669 0
74132562122111 12838 0
74132563131221 16047 0
74132563132112 14968 0
74136522322121 11024 0
74152363132232 11304 0
74152363133132 11035 0
74152363133222 12700 0
74152363133231 11085 0
74156322122123 13060 0
74156322122321 12656 0
74156322313223 8314 0
74156323132331 15157 0
74156323133123 14493 0
74163251121122 17150 0
74163252112211 16546 0
74163252131111 11646 0
74163253121111 11474 0
74163253131332 14024 0
74163253133132 14526 0
74163253133213 16401 0
74163253133231 14961 0
74163253332323 8852 0
74165231121212 14033 0
74165231131313 12677 0
74165231212121 12248 0
74165231313131 12721 0
74165232111212 13019 0
74165232121112 12817 0
74165232121211 13041 0
74165233111313 12596 0
74165233131113 12618 0
74165233131311 12471 0
74165233131323 13202 0
74165233132313 13018 0
74165233231313 12969 0
74213652323132 14622 0
74251633111313 17538 0
74256311321222 22456 0
74256313111232 26079 0
74265312333233 12368 0
74312652333332 11523 0
74321563311131 12517 0
74321653233323 11742 0
74325163131323 14244 0
74325612221222 9760 0
74325613121312 11329 0
74325613131212 9758 0
74325613133333 9498 0
74361253112132 19331 0
74361253211231 15796 0
74365211121221 17339 0
74365211213111 8656 0
74365211312111 8655 0
74365211313113 16170 0
74365211333111 16132 0
74365212111311 9230 0
74365212222323 16263 0
74365212333332 15542 0
74365213111211 9371 0
74365213121333 14897 0
74512361322233 21725 0
74512362313223 17418 0
74513263121222 25073 0
74521632222212 10617 0
74521633121213 11439 0
74521633121312 10933 0
74521633133333 11407 0
74521633333313 11506 0
74523611121113 10183 0
74523611131112 10575 0
74523611213111 12085 0
74523611312111 10496 0
74523612111311 10846 0
74523613111211 9582 0
74532163123223 18197 0
74561231111222 15717 0
74561232111113 9558 0
74561232221111 17262 0
74561233111112 9821 0
74561233131233 14061 0
74561233233323 11352 0
74561233311233 14555 0
74561233321133 14545 0
74561233321313 16701 0
74563211232332 16125 0
74653213133222 19834 0
75132463233233 16457 0
75143263231313 18584 0
75146321323331 17324 0
75213642223133 11285 0
75231463211123 14021 0
75234161322233 8282 0
75234162221111 16036 0
75236143213232 12466 0
75241632222323 12682 0
75243162211322 28669 0
75243611113232 11889 0
75243613213232 13005 0
75246131333312 19947 0
75246311111111 10911 0
75246313212311 11772 0
75246313312211 8273 0
75246313332332 19130 0
75261432123233 10392 0
75264132121232 15270 0
75264132223331 9323 0
75264132321212 13714 0
75264133121333 14845 0
75264133331213 13851 0
75264311223122 16779 0
75264313231112 17411 0
75312463333133 15389 0
75314621133221 10304 0
75314621313212 19232 0
75314623113122 12494 0
75316241231231 15276 0
75321461311112 9455 0
75321463132121 14319 0
75346122133133 12803 0
75346211133122 22362 0
75346211211311 16205 0
75346211311211 15306 0
75346212323333 13168 0
75346213112132 20731 0
75346213132121 13368 0
75346213132322 12540 0
75346213332122 12846 0
75412631223332 10198 0
75416323232213 11507 0
75431263133213 19081 0
75462132123212 15456 0
75613243131332 17216 0
75613243133213 14992 0
75634123323122 11577 0
75641323232111 12251 0
75642132213311 17454 0
76123453233323 9206 0
76125343333133 16723 0
76143252131312 9603 0
76143252221222 9368 0
76143253131212 9490 0
76143253331333 9139 0
76143253333313 11251 0
76145231121113 8541 0
76145231122112 21250 0
76145231131112 9760 0
76145231221112 21577 0
76145231311331 16478 0
76145232123332 15467 0
76145232233213 15993 0
76145232331313 14359 0
76145232332213 16351 0
76145233133213 15389 0
76145233232333 9460 0
76154323333112 17319 0
76213543213133 19155 0
76213543311332 16915 0
76215341231231 12787 0
76215433333133 19885 0
76231451123111 9515 0
76245311121131 16918 0
76245311131121 9453 0
76245311213312 20303 0
76245312132131 12833 0
76245313122122 14410 0
76245313123121 13423 0
76253141123132 11109 0
76253141211332 10605 0
76253413322312 19937 0
76254133311323 22428 0
76254313211111 23544 0
76312452212111 18086 0
76312453211111 11573 0
76312453311311 14322 0
76312542321212 12155 0
76312542322121 15989 0
76312543322222 15977 0
76315241112113 17309 0
76315241113112 9765 0
76315241223113 11974 0
76315241322122 14041 0
76315241323313 14777 0
76315241332112 12122 0
76315243211231 20384 0
76315243323323 14732 0
76321452122123 8486 0
76321452122321 9166 0
76321452122333 9054 0
76321452123323 10939 0
76321452212231 9919 0
76321452213122 10340 0
76321453233131 9926 0
76321453311233 14898 0
76321453313312 11642 0
76321453321133 9815 0
76321453323311 12270 0
76321542211112 14362 0
76321543211111 11598 0
76321543311131 11198 0
76324151112233 8158 0
76324151112323 11423 0
76324153323122 11476 0
76325411111213 11686 0
76325411111312 14869 0
76325411112131 8693 0
76325411113121 9713 0
76325411122121 18278 0
76325411331311 18099 0
76325412112121 21404 0
76325412231212 14756 0
76325412333233 16620 0
76325413222223 15766 0
76341251111213 9542 0
76341251111312 12262 0
76341251112131 10118 0
76341251113121 9483 0
76341251221121 17422 0
76341251311313 15883 0
76341252232313 15404 0
76341252323333 17534 0
76341253221212 17631 0
76341253233131 14401 0
76342511111231 9390 0
76342511111321 16598 0
76342511323112 12871 0
76342512232223 11735 0
76342513213112 23173 0
76342513322111 24420 0
76342513323122 12768 0
76342513323212 12352 0
76345122211112 15435 0
76345122211121 12884 0
76345122213311 21055 0
76345122311111 13728 0
76345123211111 12662 0
76345123311113 13053 0
76345123311131 13590 0
76345123312211 20788 0
76351421112323 12300 0
76351421113322 8089 0
76351423321232 12244 0
76354121121212 15331 0
76354121122121 11598 0
76354121311313 11596 0
76354121313131 12764 0
76354122111212 14285 0
76354122112121 13537 0
76354122212222 13841 0
76354123211123 8507 0
76354123211132 9919 0
76354123313333 19481 0
76354212213323 14660 0
76354212312233 14527 0
76354212313322 16080 0
76354212333332 12739 0
76354213222223 13413 0
76354213312223 13791 0
76421351131121 9636 0
76512343213313 21368 0
76512343332311 21654 0
76514321112323 17277 0
76514321232113 17099 0
76521433232333 10700 0
76523413223231 18311 0
76524313331222 19385 0
76541232131213 11465 0
76541232221222 10046 0
76541233121213 9534 0
76541233331333 10315 0
76541233333313 11817 0
76543211111111 28888 0
76543211212112 18862 0
76543211223221 15096 0
76543211332331 15432 0
76543211333333 14606 0
76543212132323 16176 0
76543212222221 16312 0
76543212323213 16644 0
76543213113131 15983 0
