12345672121232 8721 0
12345672123212 7221 0
12345672321212 7238 0
12345673131323 7402 0
12345673132313 8620 0
12345673231313 8562 0
12345761111111 4710 0
12346571111231 4313 0
12346751113133 7601 0
12347561112212 9163 0
12347651111111 4314 0
12347651122112 7787 0
12347651133311 6959 0
12347652111221 6716 0
12347652123233 6818 0
12347652123332 8591 0
12347652223232 5346 0
12347653111133 6695 0
12347653132223 6816 0
12347653132322 6274 0
12347653332323 5498 0
12354671111111 4295 0
12354761112323 4267 0
12354762121112 8135 0
12354762121211 8686 0
12354762311123 5506 0
12354763131131 6150 0
12354763133111 6394 0
12354763211123 4465 0
12356471113133 8013 0
12356741133131 5505 0
12356741313131 4907 0
12356743113131 5498 0
12357461111222 6786 0
12357461113331 9270 0
12357462211112 6033 0
12357641113331 7506 0
12364571112212 8028 0
12364751112212 6374 0
12364751113133 9290 0
12364753311131 5505 0
12365471111111 6783 0
12365471211122 6554 0
12365471313113 6083 0
12365472223232 5662 0
12365472321233 7621 0
12365473232312 7504 0
12365473332323 5540 0
12365741113331 7943 0
12367451123333 4531 0
12367451132222 4765 0
12367451213333 5457 0
12367451312222 4559 0
12367452113333 4811 0
12367453112222 4758 0
12367541112212 6634 0
12367541113331 7280 0
12367541331131 5675 0
12374561121212 4974 0
12374561211212 5107 0
12374562111212 5048 0
12374651111222 8971 0
12375461111222 7206 0
12375641113112 4732 0
12376451111222 6111 0
12376451113133 6269 0
12376451221211 5751 0
12376541112323 5659 0
12376541232233 5430 0
12376541322233 4856 0
12376542121232 6390 0
12376542123212 6067 0
12376543133132 7326 0
12376543133231 6966 0
12456731132321 10205 0
12456731233223 8236 0
12456733223321 12491 0
12463751231231 7373 0
12467351131121 4516 0
12467351231321 6140 0
12473561132123 7115 0
12536741112323 6599 0
12537461332112 7143 0
12543671111111 4191 0
12543671211212 6446 0
12543671331113 6145 0
12543672121121 6495 0
12543672321332 8683 0
12543672322232 5351 0
12543672331232 6917 0
12543673111331 6058 0
12543673221323 6373 0
12543673231223 6910 0
12543673233323 6180 0
12546371221331 8274 0
12563472131213 5375 0
12563473131212 5317 0
12564733323122 7080 0
12567433232333 5304 0
12576343212221 8397 0
12637451132111 12053 0
12637451332112 7850 0
12643571321321 7326 0
12645371131121 4619 0
12673542331133 10871 0
12734561112323 6469 0
12734561322233 9625 0
12734562313223 9270 0
12745631111111 4417 0
12745632111122 6365 0
12745632212213 9319 0
12745632222221 7934 0
12745632232211 9089 0
12745633131131 6389 0
12745633313312 8847 0
12745633313333 8087 0
12745633323311 8939 0
12753462231323 7117 0
12763452322232 5346 0
12765432121313 5016 0
12765432222212 5185 0
12765433121213 5264 0
12765433331333 5089 0
13245671321111 4736 0
13246571111111 4148 0
13246571112233 4564 0
13246571113232 5384 0
13246572321332 8778 0
13246572331232 8240 0
13246573221233 6255 0
13246573321223 6491 0
13246752133211 8020 0
13247563212131 12076 0
13254761322233 6629 0
13254761323322 6726 0
13254762321233 7239 0
13254763323122 7741 0
13257641112233 9378 0
13265741112323 7923 0
13265742131312 8052 0
13267451122211 5616 0
13267451311133 7977 0
13267541111132 7775 0
13267541232212 6542 0
13274651112323 5957 0
13275461112233 9379 0
13275463213211 6556 0
13275641112233 5576 0
13275641112323 5740 0
13275642131333 9139 0
13275643212221 9416 0
13276451113211 8885 0
13276451233133 6504 0
13276541133122 13169 0
13276541213312 11378 0
13276541321123 11851 0
13276541322311 11314 0
13276541323112 7167 0
13276541323322 7155 0
13276542323312 8016 0
13276543323122 8075 0
13462571111111 6754 0
13462572213311 13502 0
13527461211113 8089 0
13542671231231 7326 0
13546271213213 5520 0
13546271231231 9314 0
13546271321321 6399 0
13572641122133 5723 0
13576241312213 7945 0
13576241321321 6905 0
13627451332112 7356 0
13642571221223 5517 0
13642571223221 4790 0
13642573221221 5519 0
13645271221331 7492 0
13647521111111 10450 0
13675241112323 9557 0
13675242331313 6642 0
13725642332132 7291 0
13754262123323 13000 0
13762451321321 7332 0
13764251211311 5300 0
13764252323231 6190 0
13765422121211 8735 0
14263751131121 5452 0
14267351321321 7308 0
14275633323122 7056 0
14325671111111 6755 0
14325672112121 6397 0
14325672231323 7413 0
14325672323222 5785 0
14325673123232 7599 0
14325673232333 5438 0
14325673311131 6819 0
14327652131213 5439 0
14327653121213 5283 0
14352672212111 7674 0
14356721112323 6731 0
14356721322233 13409 0
14367252322232 6452 0
14367523311113 8599 0
14523672121313 5520 0
14523673121312 5169 0
14527631121311 5253 0
14527631131211 5113 0
14527631133311 6385 0
14527631211131 5648 0
14527631311121 5856 0
14527632122213 7402 0
14527632212111 8183 0
14527632333332 8332 0
14527633132322 7020 0
14527633312133 9663 0
14536273311311 7359 0
14537622231323 7970 0
14563272323222 6480 0
14567231312213 10974 0
14567231321123 11181 0
14573261333111 7264 0
14625731111111 13011 0
14625731131121 4954 0
14625731322233 11491 0
14625732112121 7730 0
14625732113321 7533 0
14625732213323 7549 0
14625732233111 7637 0
14625733133111 7121 0
14632571111111 7028 0
14632571321132 6991 0
14652733321331 6374 0
14673251111111 7869 0
14723651111213 5297 0
14723651111312 5355 0
14723651112131 5427 0
14723651113121 6437 0
14723651211212 8231 0
14723652322121 9194 0
14723652331232 6294 0
14723653232222 7208 0
14723653313111 8291 0
14723653321313 8678 0
14725361111111 8530 0
14725361111123 11149 0
14725361322332 13127 0
14725362211121 8655 0
14725363211213 7642 0
14725363213121 7293 0
14725363223213 7848 0
14725363311113 7398 0
14726531223122 7363 0
14726531232122 7630 0
14726531233313 7534 0
14726531333312 7916 0
14726532232313 7888 0
14726533323122 7609 0
14735621221112 7126 0
14735621223113 7292 0
14735621223332 11412 0
14735621233112 7947 0
14735621323112 7966 0
14735621332112 7005 0
14735621333111 7226 0
14735621333222 11592 0
14736251111132 7765 0
14736251112332 8684 0
14736253222223 6490 0
14736521132222 7947 0
14736521133131 9034 0
14736521211212 7417 0
14736521213333 6660 0
14736521221313 7323 0
14736521321231 5403 0
14736521322233 4464 0
14736521332121 6777 0
14736523112222 8068 0
14736523113131 8814 0
14752363222121 6741 0
14752363232222 7855 0
14752363233131 7014 0
14752631111111 8673 0
14752631112311 11437 0
14752631323223 11332 0
14752632332132 7619 0
14752633213223 7576 0
14752633222223 7471 0
14752633223123 8010 0
14752633223231 11457 0
14753261221112 6335 0
14753261323112 8049 0
14753261333111 6470 0
14762351221331 6788 0
14762351321231 6686 0
14762351331221 6349 0
14763251221223 5057 0
14763251222312 6131 0
14763251332331 6765 0
14763251333123 4719 0
14763252322121 4563 0
14763253132232 4666 0
14763253133132 4496 0
14763253133222 5262 0
14763253133231 4570 0
14763253221221 4997 0
14763253222112 4849 0
14763521113211 7600 0
14763521113223 8809 0
14763523222331 6018 0
14765231111213 5701 0
14765231111312 5983 0
14765231112131 5690 0
14765231113121 5256 0
14765231133131 6834 0
14765232211211 8468 0
14765232232322 7584 0
14765232331313 8690 0
14765233113131 6910 0
14765233323332 6629 0
15236471111111 10086 0
15236473231121 7001 0
15243671331221 7643 0
15246371331332 4940 0
15246371332331 5128 0
15246372331331 4861 0
15267431223113 7235 0
15273641112323 13636 0
15324673113311 8963 0
15342671211311 4195 0
15346271321321 7904 0
15367421211113 12249 0
15367421223113 8959 0
15367423211123 10287 0
15426371111111 6531 0
15426371112233 9982 0
15463271313113 7240 0
15624732123212 8738 0
15624732133313 6597 0
15624732333332 7163 0
15627431223113 6376 0
15627431322113 7332 0
15627431332112 6473 0
15634722123332 5627 0
15634722321233 6834 0
15637423211123 5205 0
15642371111111 5539 0
15642372213311 4884 0
15642372231332 6416 0
15642372331322 6092 0
15642373212311 5305 0
15642373221323 7064 0
15642373231223 7419 0
15643271221331 7162 0
15643271331221 6525 0
15643273223111 5767 0
15647233213232 7160 0
15672341113232 5688 0
15672341323112 7310 0
15672342323312 6561 0
15672343213232 6281 0
15672433312133 14267 0
15724362212132 6621 0
15724631111111 12469 0
15724631211311 4657 0
15724631322233 11452 0
15724632123233 8176 0
15724632313223 11357 0
15724632323231 7889 0
15724632323333 7259 0
15724633132322 7127 0
15734622331223 6221 0
15746321111111 7230 0
15746321323211 6905 0
15746322313112 6874 0
15762342122213 9237 0
15763241111111 7934 0
15763242323132 7976 0
16243571132132 6051 0
16243571231231 6814 0
16243571321321 9289 0
16245371231231 8106 0
16254733312223 8763 0
16257431132111 8001 0
16257433223123 7782 0
16273541122133 8738 0
16273541321321 6735 0
16275341312213 7194 0
16275343122221 8984 0
16327453232333 5869 0
16342571331221 7925 0
16345271111111 6660 0
16345271133131 7106 0
16345271222111 7082 0
16345272322232 5757 0
16345272333212 7508 0
16345273122323 7526 0
16345273233323 5560 0
16347252131312 5285 0
16347253121312 5492 0
16357421223113 7688 0
16374521112323 6441 0
16374523211123 9963 0
16423572112121 7324 0
16427531211311 8461 0
16427531231321 7068 0
16427532333233 6639 0
16453271111111 12339 0
16453271211113 10302 0
16453272111131 8838 0
16475233132313 9224 0
16523473332323 5971 0
16523741112212 7405 0
16524731112212 9086 0
16524731112233 6438 0
16524731113133 6614 0
16527341111111 5983 0
16527431123333 4933 0
16527431222132 5493 0
16527431312222 6494 0
16527431333213 4576 0
16527432113333 4557 0
16527432211322 5229 0
16527432231122 5275 0
16527432231332 4837 0
16527432331322 4674 0
16527432333113 4508 0
16527433312133 4893 0
16532471111222 7444 0
16534271111111 4517 0
16534271111132 5563 0
16534273211111 6011 0
16534723211123 6335 0
16537421111222 8903 0
16537421113322 5904 0
16537421113331 7018 0
16537421223113 6440 0
16537421233112 7426 0
16537421332112 6683 0
16542371221331 5995 0
16542371331221 6154 0
16542372112331 5852 0
16543271221223 4777 0
16543271223221 4444 0
16543271331332 4701 0
16543271332331 5476 0
16543272331331 4417 0
16543273221221 4779 0
16543721111111 4453 0
16543721113211 5577 0
16547233332323 5295 0
16547321113331 8198 0
16572431111111 6256 0
16572433213223 5988 0
16573241123123 5779 0
16573241312312 6740 0
16574231113133 7445 0
16723451122133 10824 0
16723451322311 10756 0
16725431121311 5256 0
16725431131211 5544 0
16725431211122 7048 0
16725431211131 5132 0
16725431311121 5135 0
16725432211121 7103 0
16725432232223 6360 0
16725433113311 7500 0
16725433122212 7640 0
16725433333232 7441 0
16735242122213 11489 0
16742352232313 7439 0
16743252323222 5384 0
16745232121313 5579 0
16745232122222 5222 0
16745233121213 5164 0
16745233333313 5546 0
16753241221112 7606 0
17246351111111 6521 0
17265433111313 14262 0
17324561211323 9989 0
17324561232332 6979 0
17326452212111 9181 0
17356241212313 6926 0
17356242211331 7105 0
17362451211311 4424 0
17362451231321 6125 0
17362452213311 5686 0
17364251231231 8225 0
17423653213232 7614 0
17425631122112 7601 0
17425631223113 7172 0
17425631313113 7634 0
17425631322113 7820 0
17425631322332 11422 0
17425631323112 8027 0
17425631323223 11222 0
17425631332112 7099 0
17426531112233 4761 0
17426531121212 7256 0
17426531132312 7003 0
17426531213123 6836 0
17426531223221 6586 0
17426531232233 5261 0
17426531313131 6266 0
17426531331332 7146 0
17426532121211 6041 0
17426532331331 8396 0
17435622211133 5343 0
17435623211123 5571 0
17436521323232 4668 0
17452363213232 6200 0
17452363322132 8338 0
17452633213232 7534 0
17453262211133 5270 0
17462352213311 4899 0
17463251122112 8358 0
17463251221331 6201 0
17463251313113 6478 0
17463251321231 6275 0
17463251323112 7777 0
17463251331221 6719 0
17526431131121 9083 0
17526431231321 6885 0
17526432123233 6862 0
17543261111111 11068 0
17543261132111 7947 0
17642531111111 6603 0
17642531112233 9769 0
17642533312211 9879 0
17643251122112 7539 0
21345671111111 4716 0
21345762223322 9256 0
21345762312323 5864 0
21345762313223 5554 0
21345763332233 9322 0
21346752313322 5699 0
21347562312323 13539 0
21354671122112 5966 0
21354671131313 7440 0
21354671221112 6297 0
21354672311123 5401 0
21354672311132 4757 0
21354672313211 5635 0
21354673131113 7082 0
21354761112233 11276 0
21354761112311 7543 0
21354761113211 7821 0
21354761113322 13069 0
21354761122211 7915 0
21354761133311 8181 0
21354762213311 11751 0
21354763312211 11217 0
21357462311111 8638 0
21357463213331 7219 0
21357642221132 12242 0
21364752311111 7848 0
21364753212212 6335 0
21365742221312 6620 0
21365742312323 9465 0
21367451311331 6643 0
21367452112112 5673 0
21374653333121 8298 0
21375462312233 7170 0
21375463333211 9104 0
21376541111123 5587 0
21376541112311 7626 0
21376541122211 6539 0
21376541131133 6399 0
21457631321123 7882 0
21473563331312 8338 0
21536742222131 8942 0
21654372231323 6382 0
21654372233321 5702 0
21654373332122 6439 0
21654373332221 7349 0
21734652123131 9819 0
23147562123131 5350 0
23147651112323 8736 0
23147652312323 6579 0
23156471222132 7260 0
23156471333132 6500 0
23156473323332 8831 0
23157461231333 11969 0
23157462131123 11161 0
23164573213133 6321 0
23164752131312 8850 0
23164753333313 8842 0
23165471111111 4976 0
23165471311133 7219 0
23165471312132 7663 0
23165472111122 7825 0
23165472111332 7551 0
23165472132332 7572 0
23165472311111 13034 0
23165473233221 11592 0
23165741112323 5547 0
23165741231312 13523 0
23165742123131 4599 0
23165742131321 13632 0
23165742131333 13272 0
23165742312323 6759 0
23165743331312 13152 0
23167541233322 7095 0
23167542131222 8976 0
23174652123131 4821 0
23175463211222 7908 0
23176452132221 7403 0
23176453332233 7525 0
23416752121211 11976 0
23417563232123 9097 0
23456173212332 6857 0
23456173233122 5644 0
23456713212332 7249 0
23475162121112 8602 0
23517462131333 9747 0
23576412233321 9893 0
23576412312323 9408 0
23657142121112 10097 0
23671452122333 14756 0
23674153232321 5140 0
23751461132123 6699 0
23751463112321 6896 0
23756143222331 8074 0
23756411222312 5112 0
23756413222112 7076 0
23756413223312 4951 0
23756413322312 4988 0
24153672321233 7410 0
24157361313212 6580 0
24157362323111 12983 0
24167353132232 8308 0
24173652323231 5614 0
24315673311311 9423 0
24315761122322 7962 0
24315762213323 8048 0
24351671212211 6618 0
24351673111133 5791 0
24351673311311 7254 0
24351761111123 7896 0
24351761212232 7031 0
24367511323112 9166 0
24367513111121 7910 0
24376512222122 9220 0
24516732233111 5781 0
24531673123121 9554 0
24536713231232 6787 0
24537613231322 7324 0
24561372111131 7757 0
24563711121212 8404 0
24563712121232 9060 0
24563713121222 8717 0
24571362221213 10083 0
24571631121212 11458 0
24615371112332 6524 0
24615372213311 9582 0
24615731122313 13267 0
24615731132333 13433 0
24615732111323 13390 0
24615732213311 6738 0
24615732233321 5672 0
24615733113323 13542 0
24615733311122 4719 0
24617532233321 10993 0
24637512311132 5338 0
24651731113223 8890 0
24651731333333 7218 0
24715363311332 7133 0
24715631111111 12828 0
24715631122121 8440 0
24715631122133 7696 0
24715632313223 10921 0
24715633112111 4876 0
24715633131131 8089 0
24716532323231 9036 0
24731561111111 6507 0
24731562311231 7196 0
24736512222332 11240 0
24751362221231 12991 0
24751362321113 14881 0
24761531221223 9319 0
24763151111111 7897 0
24765313222112 9481 0
25134672233321 9650 0
25134672312323 9760 0
25134672313211 6627 0
25137461111111 7202 0
25137461211323 6529 0
25163741112323 11092 0
25314673111313 5403 0
25314673111331 4887 0
25314673131311 5398 0
25341673113311 10431 0
25341762313223 9498 0
25364172311231 7050 0
25364173223231 7088 0
25367411211122 7108 0
25413672323111 10478 0
25413763121222 9501 0
25436711311313 8028 0
25436712123122 7632 0
25436712123332 7750 0
25436712132122 7644 0
25436712323231 11401 0
25436713232321 4827 0
25436713332122 7703 0
25463713212332 6759 0
25471362323132 7683 0
25471631312213 9790 0
25631741212121 13045 0
25634713321232 8932 0
25641371213132 10872 0
25714632123131 4493 0
25714632223331 5166 0
25714632313211 4383 0
25714633121333 8326 0
25716431212223 7614 0
25716433223213 7751 0
25731642232211 12684 0
25734162221111 7154 0
25734613113323 10234 0
25736141111123 6721 0
25736141233232 6515 0
25736411133113 7279 0
25736411231321 5001 0
25736411321312 6713 0
25736411331113 7474 0
25736413123112 7039 0
25741361232113 5326 0
25741632222323 6874 0
25741632312323 5929 0
25743611233232 7635 0
25763142223133 5441 0
25763411332322 6459 0
26135742132221 8351 0
26135742213323 5729 0
26135742332312 8104 0
26153471122121 6571 0
26153473131131 6477 0
26153473132121 7810 0
26154372332213 14149 0
26175432331133 9117 0
26317451212211 9180 0
26345711223113 6284 0
26371453112111 5887 0
26415731322323 6407 0
26415732121223 7105 0
26415732233321 9442 0
26435712222122 12500 0
26435712233321 7166 0
26435712311132 4196 0
26435712322322 9791 0
26435713311122 5473 0
26435713333133 10724 0
26437512122312 7120 0
26453172211133 5301 0
26453711333333 6812 0
26513471122121 7405 0
26517343333313 14851 0
26534713333313 7713 0
26543171111111 12146 0
26543171123111 7730 0
26547313131323 8758 0
26573413331312 8610 0
26714531212133 11011 0
26714532121133 12098 0
26715433231322 7603 0
26741351232113 8148 0
26743512121232 10021 0
27134561131133 7093 0
27154632311132 10167 0
27314652313211 6724 0
27365412321212 11606 0
27415363131113 10185 0
27415632323231 7969 0
27415633321322 7199 0
27416532133232 6015 0
27416533321232 7807 0
27435612122222 7192 0
27453161123111 7758 0
27453161132111 8794 0
27456133132223 7566 0
27516341111111 5167 0
27534161111111 4446 0
27534161111123 7295 0
27534162311111 5697 0
27534612311132 4859 0
27536412332312 7961 0
27543611111123 7640 0
27543611111132 5693 0
27546312231122 15339 0
27613543333133 10671 0
27614353311332 8942 0
27615431312333 8222 0
27615432113321 5705 0
27615433313213 8464 0
27634511131133 6490 0
27634512233321 6627 0
27643513311233 12804 0
31246753312211 5746 0
31247651113232 7890 0
31247651323232 8930 0
31256471231222 6417 0
31257462222221 6764 0
31257462312311 6500 0
31257643311122 5424 0
31264572122213 7180 0
31264573132313 7870 0
31264573222223 6894 0
31264752132122 7826 0
31264752313121 8013 0
31265471111111 11240 0
31265471122112 8678 0
31265471122133 7393 0
31265471312213 7741 0
31265471313113 7419 0
31265471321111 8552 0
31265472233321 13003 0
31265472312233 7946 0
31265741233331 6648 0
31267542222233 10868 0
31267542313133 11151 0
31275461112233 5761 0
31275461322233 5354 0
31275462133211 10082 0
31275462223211 8930 0
31275462311213 10481 0
31275462312212 9381 0
31275463311122 4461 0
31276452133322 8226 0
31276452313313 7572 0
31452671323211 7253 0
31452671332232 6757 0
31452672322331 7000 0
31456722111221 7154 0
31462751111111 6602 0
31462751113322 9430 0
31475261322233 9512 0
31475262331313 7758 0
31475262333221 6772 0
31524673332122 8791 0
31527643332122 8176 0
31564272212111 6882 0
31564272213311 6704 0
31564273113311 6451 0
31572461122133 5705 0
31624751112233 9795 0
31624753312211 9307 0
31627452221333 9769 0
31654272313322 9118 0
31754621331122 12252 0
31765242322121 9365 0
32145671111111 4440 0
32145671123333 8865 0
32145671132222 9412 0
32145671221112 6743 0
32145671333333 8113 0
32145672113333 8956 0
32145672212222 7955 0
32145673112222 9187 0
32145673311113 6948 0
32146751232323 6946 0
32146752232223 6441 0
32147562313223 5850 0
32147562333233 7278 0
32147651123333 4889 0
32147651132222 5424 0
32147651213333 4822 0
32147651312222 4882 0
32147652113333 5726 0
32147652231332 4487 0
32147652233213 5412 0
32147652331322 4592 0
32147652332213 5353 0
32147653112222 4907 0
32156471111111 4681 0
32156471113211 12493 0
32156471232332 11448 0
32156472312332 7223 0
32156472332132 7144 0
32156472332321 11548 0
32156472333332 8268 0
32156473223123 7012 0
32156741112323 4411 0
32156742311123 5189 0
32156742313223 4594 0
32156742333131 6607 0
32157641232323 5810 0
32157642231323 6898 0
32164571111111 11532 0
32164571111231 8703 0
32164571232323 6740 0
32164572232223 7897 0
32164572232313 7485 0
32164572233321 11216 0
32164572312323 11334 0
32164573323212 7506 0
32165741111111 4895 0
32165741111132 12854 0
32165741233223 11022 0
32165742211112 8537 0
32165742331112 7717 0
32165743311131 8189 0
32167451111111 6652 0
32167451213333 9092 0
32167451222222 8921 0
32167451312222 9421 0
32167451333111 6009 0
32167452211121 6303 0
32167453222313 7305 0
32167453313333 7825 0
32167453321232 7663 0
32174561112323 5724 0
32174561232113 5357 0
32174561232233 6584 0
32174562231212 6448 0
32174652312332 7174 0
32174652332132 6439 0
32175461111111 11668 0
32175461113112 4708 0
32175461221112 7625 0
32175461333111 8000 0
32175462233111 7160 0
32175462312323 11902 0
32416753121222 9957 0
32417562113321 8999 0
32417652132131 8289 0
32417653132121 7502 0
32451762331121 9038 0
32456173212332 6671 0
32456711233133 14440 0
32465172112121 7391 0
32465172132131 7150 0
32465172133121 7165 0
32465172332321 11442 0
32465173123121 7247 0
32465173132121 7369 0
32465173133111 7102 0
32465173233221 11609 0
32475161232323 9832 0
32475163331222 7524 0
32476513232231 12346 0
32517463131311 14427 0
32546713323212 7206 0
32547611121113 5671 0
32547611131112 5326 0
32547611213111 6334 0
32547611312111 6259 0
32547612111311 5771 0
32547613111211 5342 0
32561471113133 8174 0
32561471121311 5182 0
32561471122211 8250 0
32561471131211 5342 0
32561471211131 6312 0
32561471311121 5305 0
32561472133313 8768 0
32561472213122 9077 0
32561473222223 7232 0
32561473323212 6385 0
32567412122222 6162 0
32567412131312 5586 0
32567412222212 5205 0
32567413131212 6064 0
32567413133333 5133 0
32576142313223 9848 0
32615473332122 7198 0
32647152133121 7870 0
32647153132121 5996 0
32647512333233 9520 0
32657143121213 12780 0
32657412111212 7899 0
32671453123313 9784 0
32674152113333 15459 0
32714652332132 7110 0
32716452123212 11885 0
32741651121311 5671 0
32741651131211 5242 0
32741651211131 6159 0
32741651311121 6237 0
32741652111113 5226 0
32741653111112 5576 0
32745611223332 10944 0
32745612313322 10925 0
32745612322331 10829 0
32751643321232 7516 0
32754163211123 13723 0
32756141233121 10327 0
32761452121313 4968 0
32761452122222 5141 0
32761452222212 5518 0
32761453121312 5564 0
32761453133333 4862 0
32765411112221 7642 0
32765411121113 5009 0
32765411131112 5244 0
32765411133113 6681 0
32765411331113 6702 0
32765412221312 7813 0
32765412323222 5442 0
32765413122212 7774 0
32765413223312 9090 0
32765413231223 6445 0
32765413322312 8887 0
34125672131213 5192 0
34125672131312 5461 0
34125672221222 5099 0
34125673133333 5640 0
34127651121113 6261 0
34127651131112 6451 0
34127651213111 5357 0
34127651312111 5488 0
34127652111311 6138 0
34127653111211 6987 0
34162752132212 14332 0
34165271112212 8353 0
34165271121311 5865 0
34165271131211 5583 0
34165271211131 6238 0
34165271311121 5278 0
34165271311133 6931 0
34165272323333 6337 0
34165273133312 8790 0
34165273222322 7681 0
34165273311131 6850 0
34167252213323 10895 0
34172562132332 8366 0
34172562313331 7887 0
34175263321232 7388 0
34216572213122 12881 0
34261572132131 6214 0
34261572133121 6995 0
34261573123121 6350 0
34265712212132 8846 0
34275161312213 7166 0
34275162112322 7364 0
34275162213221 7787 0
34516271111111 5322 0
34516272312332 7811 0
34516722313223 4980 0
34517622231323 8565 0
34521672223232 5264 0
34526713232312 5423 0
34527612211322 5433 0
34527612231122 5651 0
34527612231332 5075 0
34527612331322 4695 0
34527613312133 4526 0
34561272122123 4869 0
34561272122321 6152 0
34561272212213 5011 0
34561272213122 4665 0
34561272232211 5083 0
34561273221233 5356 0
34561273233131 4727 0
34561273311233 4670 0
34561273313321 6792 0
34561273321133 4596 0
34561273321223 4766 0
34561721111111 5413 0
34562171321111 8600 0
34562171321231 7792 0
34562172232313 6514 0
34567212223232 6590 0
34617252111212 9178 0
34617252123212 8619 0
34617252132212 8394 0
34617522221333 7183 0
34621572132131 7175 0
34625172111212 11462 0
34627512232313 6431 0
34651271123111 7816 0
34651272332132 8345 0
34675212222122 9459 0
34715262221123 9863 0
34716522223211 8044 0
34721652121313 5709 0
34721652131213 5967 0
34721652221222 5182 0
34721652222212 6067 0
34721653333313 5036 0
34725611212211 7754 0
34725612111113 5072 0
34725612121322 7933 0
34725612231212 7899 0
34725612231332 8868 0
34725612322232 5412 0
34725612331322 9068 0
34725613111112 5314 0
34725613111133 6609 0
34725613132223 6462 0
34725613311113 6590 0
34761252323222 6713 0
35126741232212 11013 0
35126742231233 11104 0
35127462331331 8926 0
35162472122231 7247 0
35162472123233 7706 0
35162473122221 7516 0
35162473323131 7801 0
35162473332122 7916 0
35162473332131 7413 0
35162742213323 9135 0
35167242132212 9417 0
35172461232323 10646 0
35174262213131 11326 0
35174262231113 10725 0
35246171111111 6487 0
35246171113322 9365 0
35246172213311 9723 0
35267141223233 7079 0
35267141321132 6527 0
35271461322233 12459 0
35416721113112 8595 0
35416723232213 6374 0
35417622223133 5005 0
35426712131132 7408 0
35426712311312 6553 0
35426713111313 6536 0
35426713131113 6203 0
35426713312211 6920 0
35461271111231 8895 0
35461271321231 7627 0
35461272222323 5901 0
35462171131313 8089 0
35462171212121 6683 0
35462171221223 8836 0
35462171332331 7438 0
35462172213311 4479 0
35462172223331 5497 0
35462172312131 6525 0
35462173123211 6419 0
35462173131311 7963 0
35462173221221 9058 0
35462712322322 8136 0
35472163222313 5611 0
35472163231322 6163 0
35476122221111 7278 0
35614722321233 8097 0
35617423131332 6776 0
35624712121232 5076 0
35624712321212 5103 0
35624712321332 7059 0
35624712331232 5094 0
35714623111322 14594 0
35721642221213 13742 0
35762142222113 11198 0
36125471111333 7392 0
36125471212112 7200 0
36125471213111 5196 0
36125471222111 7139 0
36125471312111 5283 0
36125472111311 5353 0
36125472121223 7518 0
36125473111211 5641 0
36125473232222 6367 0
36125473323233 7455 0
36125743222331 10473 0
36127451333222 12119 0
36145272122222 5060 0
36145272131213 5361 0
36145272131312 5039 0
36145273333313 5181 0
36147251121311 6259 0
36147251131211 6327 0
36147251211131 6155 0
36147251311121 5249 0
36147252111113 6745 0
36147253111112 5766 0
36152741231312 7705 0
36152742131321 7847 0
36172452133133 8722 0
36217452131333 8301 0
36217541223311 6785 0
36217543213112 6799 0
36241573212332 7294 0
36241753212311 5520 0
36415272123212 8534 0
36417522123311 12182 0
36514272212111 9018 0
36521472113321 10850 0
36521472331121 10840 0
36527411131133 7073 0
36527412111113 5353 0
36527412131222 7290 0
36527412211322 8784 0
36527412221312 7991 0
36527412231122 8787 0
36527412322232 5238 0
36527413111112 5444 0
36527413311311 7174 0
36541272323222 5366 0
36542712121322 13082 0
36547212121313 5599 0
36547212122222 5543 0
36547212131312 5063 0
36547212221222 5240 0
36547213331333 4959 0
36712542121112 4995 0
36712542121121 5052 0
36712542121211 6952 0
36712542122111 5083 0
36714252232223 5547 0
36714521232113 6829 0
36714522121322 7566 0
36714522122213 7155 0
36714523132223 6442 0
36714523132322 6107 0
36721451131331 7155 0
36721452121322 7961 0
36721452122123 8768 0
36721452122213 7270 0
36721452122321 8763 0
36721452131111 5566 0
36721452223232 5163 0
36721453113113 7060 0
36721453121111 5476 0
36725411121212 6923 0
36725411131313 7081 0
36725411212121 7814 0
36725411313131 7056 0
36725412111212 7212 0
36725412121112 6968 0
36725412121211 7296 0
36725412121232 6893 0
36725412123212 7457 0
36725412321212 7488 0
36725413111313 8213 0
36725413131113 7114 0
36725413131311 8453 0
36741252122123 5632 0
36741252122321 5410 0
36741252122333 4597 0
36741252123323 4974 0
36741253233131 4502 0
36745211211221 7740 0
36745212121223 7874 0
36745212122312 7910 0
36745212122333 8977 0
36745212123323 8772 0
36745212131111 4958 0
36745212223232 5314 0
36745213121111 5823 0
36745213131131 6703 0
36745213133111 6719 0
36745213232213 6451 0
36751243222322 6346 0
36752142122132 7551 0
36752142123221 6857 0
36752143132232 7493 0
36752143133222 7303 0
36752143211132 5099 0
36754123232222 5135 0
37246511112233 13603 0
37256142321233 7681 0
37415622333221 7013 0
37426513132313 5155 0
37452162323312 7318 0
37516422333311 9209 0
37561241311112 7779 0
37612453122233 7618 0
37612542221111 7970 0
37614252221123 7310 0
37614521111111 11379 0
37614521323232 4949 0
37614522111221 7652 0
37614522113321 7610 0
37614522313322 7627 0
37614522323312 7818 0
37614523232213 7933 0
37615421113322 7140 0
37615422211133 4312 0
37615422223133 5444 0
37615422313121 12620 0
37615422313331 9697 0
37615423121132 10839 0
37624152311213 8078 0
37624511232233 5123 0
37624512121322 7554 0
37624512231212 6787 0
37624513131323 7187 0
37624513231313 7380 0
37641252222323 7227 0
37642152213311 4975 0
37642513122221 10348 0
37645122312221 7091 0
37651242211133 5459 0
37651422312311 7026 0
37652141113232 6744 0
37652143231322 6392 0
37654212311222 12226 0
41236753232321 5486 0
41237561313131 8770 0
41263751312222 12856 0
41325671212211 7667 0
41325762313223 9498 0
41325763131233 6679 0
41352671212112 4957 0
41352671212121 5013 0
41352671222111 5033 0
41357622313112 7235 0
41367253111133 7776 0
41532672313211 6405 0
41532761233133 9095 0
41563273113311 7229 0
41576322212222 12259 0
41625372313211 7077 0
41625373121213 9080 0
41625731222231 6916 0
41635721212121 8722 0
41657321222312 8244 0
41673252212222 10060 0
41673521111111 7794 0
41723562313211 12434 0
41725361232113 4363 0
41725361321213 9365 0
41725362221213 10587 0
41725362313211 5254 0
41725362313223 5742 0
41725363121222 10202 0
41725363121231 8906 0
41725631111111 4689 0
41725631211122 7610 0
41725632322331 12030 0
41725633111133 7975 0
41725633121123 7062 0
41725633211111 11578 0
41726352313322 5677 0
41726532312233 10629 0
41735261323313 7479 0
41735262312233 7138 0
41735263123223 7902 0
41735621233232 6566 0
41735622313322 9810 0
41736521233232 6281 0
41736522332231 5734 0
41752631222123 6578 0
41752632311123 6552 0
41752632312323 5481 0
41752632313211 5696 0
41756231321213 8341 0
41756233121231 7865 0
41762532221333 10959 0
41762533123331 10439 0
41765231233232 8413 0
41765322221312 7736 0
41765322313211 9492 0
41765323122212 6892 0
42136752131312 12594 0
42137561123333 15046 0
42137653122131 6765 0
42137653132121 5763 0
42157633231322 8534 0
42163751121212 10020 0
42165373223123 6221 0
42167532131333 9397 0
42315673112111 4617 0
42351671212211 8046 0
42351763231133 13503 0
42367153111121 10968 0
42367153211123 7927 0
42516372233111 6053 0
42561733323122 7448 0
42573612323231 7918 0
42573613322231 8677 0
42613572313211 9473 0
42615371313332 9234 0
42615372213311 5843 0
42615372221213 9438 0
42615372313211 5464 0
42651372213311 13658 0
42651733311122 5475 0
42673512232133 5448 0
42751632321233 7183 0
42751632323231 5971 0
43126572133313 8860 0
43167251232212 8927 0
43176252123131 10012 0
43176252311132 9371 0
43216573132121 6857 0
43216573132223 7836 0
43216573212311 6720 0
43216573212332 7260 0
43512671313332 8114 0
43527612312323 5537 0
43561271111111 5474 0
43571262122222 12947 0
43572161111111 5580 0
43572612312323 5770 0
43576211123222 7928 0
43576212112232 8108 0
43615271333312 8072 0
43615272113321 8019 0
43617521223221 9412 0
43621752213323 9648 0
43651722323132 9215 0
43675122222122 10172 0
43675211221331 6534 0
43721653231313 11666 0
43751623123313 9115 0
43765212222122 9283 0
45167323322231 7686 0
45176231131313 4900 0
45176231133113 4827 0
45176231331113 5500 0
45176233131113 4845 0
45176321131133 10680 0
45213672221123 10658 0
45273162222122 9338 0
45276131131133 9566 0
45312671222312 8262 0
45312672223331 5480 0
45312672233321 4592 0
45312672313211 4251 0
45312673132313 6516 0
45312673222112 8804 0
45312673231313 6279 0
45312761113211 7757 0
45312761133311 7865 0
45312762221111 7138 0
45312762311111 6744 0
45321671212211 6698 0
45321671221121 5932 0
45321673113311 9172 0
45327612222323 7127 0
45362712122222 12972 0
45367122223133 5252 0
45367211111132 7514 0
45367211211122 6316 0
45367213111133 6445 0
45376121131133 6316 0
45376121331311 8239 0
45376211333123 7759 0
45376213131323 6987 0
45376213333322 6978 0
45612371133221 13194 0
45612372331121 11398 0
45612373112231 11876 0
45612373132121 7447 0
45612373132223 8165 0
45612373322111 11337 0
45612373332122 8037 0
45612373332221 7673 0
45613271331221 6501 0
45613272233111 7880 0
45621373123331 7043 0
45621373211111 8757 0
45621732212123 11076 0
45621732233333 11190 0
45623712332123 6821 0
45623713322321 6884 0
45637123132121 8334 0
45637123332122 7483 0
45671231132231 6694 0
45671233112132 12963 0
45673212212132 11378 0
45673213211222 10772 0
45713623223132 8946 0
45721363321313 6621 0
45721363322231 6669 0
45732612233321 13694 0
45736121122211 9678 0
46123571111111 8100 0
46123573232123 9021 0
46125731333123 8452 0
46127351131313 8673 0
46127352131333 9369 0
46127353131323 9284 0
46135272133313 11456 0
46153273131131 8987 0
46157233333232 5929 0
46157321331233 7100 0
46215372121223 6655 0
46215372313211 9481 0
46257132211133 6350 0
46257313312211 12339 0
46273512122312 6594 0
46273513221212 6789 0
46275311123222 10183 0
46275312112232 10566 0
46275312132212 9267 0
46275312232133 4485 0
46275312313211 5647 0
46275313121222 8815 0
46275313312211 5370 0
46321752111131 8213 0
46352171211233 6884 0
46352172113231 10111 0
46372511221331 7208 0
46375211211332 13097 0
46375212113111 11271 0
46375212132131 7304 0
46375212132221 7767 0
46375212332222 7965 0
46375213112111 8434 0
46375213123121 8561 0
46375213333121 7410 0
46512371331221 7400 0
46512372113321 8988 0
46513272332111 7997 0
46513273113221 5637 0
46523711331332 8319 0
46527133111121 9731 0
46572311223122 8116 0
46572312132122 7452 0
46721533123313 8903 0
47123562232133 6382 0
47123651233232 6881 0
47126351233232 7255 0
47126532133133 13774 0
47132562311111 6921 0
47132563222331 9114 0
47132652233321 5350 0
47135622132332 7786 0
47136252133112 8002 0
47152361233232 7544 0
47152631322131 9918 0
47156231332313 8457 0
47156233211132 5138 0
47156233223312 7205 0
47156233233113 8471 0
47156233322312 7098 0
47156321111111 5064 0
47156321133311 7846 0
47156322132311 7389 0
47156322313232 12222 0
47156322332132 7159 0
47156322332312 7514 0
47156323223123 7084 0
47162351322122 7519 0
47163522131222 6961 0
47165321232113 4449 0
47165321322131 9343 0
47165322132212 9256 0
47165322133112 9301 0
47165322232133 5327 0
47165322313211 5403 0
47216352131333 9319 0
47251363131113 9524 0
47251632131312 15027 0
47256133212311 6895 0
47256133321232 9232 0
47265312122222 7887 0
47265312131312 7457 0
47265312313211 7039 0
47321651311133 7313 0
47352612123131 9389 0
47352612311132 9749 0
47352612313211 6374 0
47512632312323 9475 0
47621532232331 6653 0
47621533231121 7103 0
47632152233321 7426 0
47632153212311 5812 0
47632153232321 4351 0
47632513212332 9444 0
47652132231323 7264 0
47653213211231 7171 0
47653213232111 6408 0
51264731113322 9911 0
51264732213311 9270 0
51267342312233 9968 0
51324671211122 5877 0
51324672212111 6096 0
51324673113311 6248 0
51324761111123 9009 0
51324763113332 6435 0
51342672212111 7914 0
51342763312223 6082 0
51367241211113 7855 0
51423671221331 7315 0
51426731111111 6564 0
51426733312211 9320 0
51472361131313 11801 0
51472633331312 8624 0
51623471321111 6008 0
51623743313321 14872 0
51624731312123 7524 0
51624733323113 7647 0
51632741323232 5045 0
51642371122313 8415 0
51642731113322 4942 0
51647231113232 5737 0
51723643131311 8134 0
51724362122222 8213 0
51724363121213 7548 0
51726433123313 8983 0
51732643121213 15435 0
51742632323231 8018 0
51742632323333 6559 0
52134761232113 9501 0
52147631121311 5846 0
52147631131211 5402 0
52147631211131 5915 0
52147631311121 6395 0
52147632111113 5125 0
52147633111112 5675 0
52163471112122 8066 0
52163471213111 5956 0
52163471312111 5745 0
52163471333123 9548 0
52163472111311 5064 0
52163472131222 7280 0
52163473111211 5766 0
52163473111331 6488 0
52163473221323 6056 0
52163473323332 8429 0
52167342121232 11755 0
52167432121313 5444 0
52167432122222 5360 0
52167432131213 5602 0
52167433133333 5899 0
52167433331333 5282 0
52174633223123 8008 0
52314673311311 10826 0
52314761322122 8136 0
52341671111111 4286 0
52341671122211 7942 0
52341671311313 5826 0
52341672211112 7934 0
52341672232313 6394 0
52341672323222 6136 0
52341672323312 8712 0
52341673133111 5928 0
52341673232213 6934 0
52341673232333 5229 0
52341673323212 6938 0
52361472121313 5256 0
52361472131312 5397 0
52367142211121 7445 0
52367412322232 5361 0
52374161112323 6498 0
52376413222223 7274 0
52463173212332 9012 0
52463713212332 8453 0
52471631223113 8064 0
52471631323112 8138 0
52614372313211 5606 0
52641733212311 6699 0
52641733232321 8397 0
52673413232123 8052 0
52713461232323 5417 0
52714361232113 5648 0
52714633213223 7150 0
52714633223123 6344 0
52731641233112 6128 0
52731641323112 5996 0
52736141322233 4959 0
52741362313211 8740 0
52741362313223 7799 0
52741632122333 4706 0
52741632123323 4602 0
52741632212213 5401 0
52741632212231 4856 0
52741632232211 4887 0
52741633221233 5469 0
52741633313312 4867 0
52741633313321 4799 0
52741633321223 5530 0
52741633323311 5708 0
52743611111213 5367 0
52743611111312 5796 0
52743611112131 6357 0
52743611113121 6284 0
52743612131111 5699 0
52743613121111 5351 0
52761431111213 6447 0
52761431111312 6377 0
52761431112131 5367 0
52761431113121 6281 0
52761432131111 5888 0
52761433121111 6878 0
52763143222331 7347 0
52763411222312 5308 0
52763411333123 4408 0
52763413222112 5536 0
52763413223312 4709 0
52763413322312 5091 0
53126471231231 6637 0
53126471231321 6531 0
53126471321321 9111 0
53146272123233 9358 0
53147262123131 7548 0
53162743312223 5813 0
53274163211222 10150 0
53421671321111 4477 0
53421671321231 5679 0
53426171112233 6428 0
53462711113322 4996 0
53467211321111 5290 0
53476121323112 7297 0
53476121323322 7382 0
53614721212121 12065 0
53621471331221 7265 0
53642171111111 6692 0
53672142221213 14292 0
53714622233111 9860 0
53721463223312 8202 0
53724612121112 12692 0
53726143333121 7734 0
53741621323112 8087 0
53741621332112 8389 0
53742612323333 7686 0
53761242121211 8737 0
53761242221213 9158 0
53761242321212 8292 0
53762143222331 7042 0
53762413322123 5527 0
54123673233323 5318 0
54126371331221 7404 0
54127632131213 6062 0
54127632222212 6161 0
54127633131212 5520 0
54127633133333 5748 0
54127633333313 5223 0
54163271133221 10998 0
54163272233111 11277 0
54167231121113 5982 0
54167231131112 5583 0
54167231221211 7399 0
54167231333213 8641 0
54167232112112 8078 0
54167232133313 7478 0
54167232333113 8755 0
54167233232333 6564 0
54167233331213 8905 0
54172633132313 11717 0
54217362233213 12975 0
54217632132212 13616 0
54231671123111 11086 0
54231673123121 7829 0
54261373123121 6917 0
54261732231233 9060 0
54276132233312 7630 0
54312671131331 5404 0
54312672212111 6281 0
54312673311311 9194 0
54317261113112 5356 0
54317621111222 7373 0
54321672212213 4667 0
54321672212231 4540 0
54321672232211 4662 0
54321673313312 4520 0
54321673313321 5361 0
54321673323311 4794 0
54321761211221 5520 0
54321763113113 7878 0
54326171111231 4543 0
54326171112233 6102 0
54326171321231 5667 0
54326711112212 7765 0
54327612223232 5244 0
54361272223232 6357 0
54362171113133 7216 0
54362711111231 5204 0
54362711323112 7718 0
54367121112212 6833 0
54367121113211 6172 0
54367121113331 6316 0
54367122211121 8331 0
54367122311111 7583 0
54367123311113 6448 0
54367211132222 4899 0
54367211213333 6676 0
54367211222132 4685 0
54367211333213 4695 0
54367212211322 6032 0
54367212231122 4761 0
54367212233213 4791 0
54367212332213 5377 0
54367212333113 4621 0
54367213112222 4960 0
54367213312133 4611 0
54371261113331 7172 0
54371621113112 4629 0
54371621113322 6120 0
54376121322233 4886 0
54376211111132 6588 0
54376211111222 6905 0
54376211113133 6471 0
54612371112311 7962 0
54612372222131 6610 0
54612732112223 8760 0
54612733322213 8747 0
54621371133311 6761 0
54621372211121 5801 0
54637211132111 7873 0
54671232221213 8286 0
54712361323313 8126 0
54712362223322 7945 0
54716232222113 8859 0
54716321112323 6587 0
54716322313223 9335 0
54721631111111 6632 0
54721631122121 7860 0
54721631311133 6463 0
54721632133232 7641 0
54721632212222 8896 0
54721632212231 9399 0
54721633231322 7214 0
54721633313321 8993 0
54721633333331 7801 0
54723612131312 5468 0
54723612221222 5418 0
54723612222212 5258 0
54723613121312 5091 0
54723613333313 4982 0
54761233322321 10804 0
54763212322232 6685 0
56123471222312 5111 0
56123471223221 6593 0
56123471331332 4653 0
56123471333123 4766 0
56123472322121 5592 0
56123472331331 5029 0
56123473133132 4609 0
56123473133231 4677 0
56123473222112 5155 0
56123473223312 4549 0
56123473322312 4719 0
56124371111231 6281 0
56124371232323 6695 0
56127433332323 6184 0
56132472333332 6886 0
56132473211111 6912 0
56132473213211 8550 0
56143273332323 5406 0
56147231222132 4818 0
56147231333213 7098 0
56147232233213 7137 0
56147232332213 5111 0
56147232333113 5034 0
56147322333233 7230 0
56173421113112 5413 0
56174232323333 5687 0
56174321232113 5137 0
56213471111111 8183 0
56213743313333 9770 0
56243173133111 8084 0
56243713121333 11813 0
56247132333233 6998 0
56271433111313 9266 0
56271433123313 9274 0
56271433132313 8799 0
56274132331133 6575 0
56274312313211 5578 0
56321473233323 5991 0
56321742211112 9383 0
56324171221331 7779 0
56327411211332 10874 0
56327413213112 10723 0
56341273121213 5419 0
56341273131212 5401 0
56347122333233 8155 0
56347211213111 5407 0
56347211222132 9178 0
56347211312111 6412 0
56347211331131 8275 0
56347212111221 8135 0
56347212111311 6603 0
56347212123233 7839 0
56347212232223 7114 0
56347213111211 6061 0
56347213131332 8799 0
56423171231231 8922 0
56423171231321 6002 0
56423171321321 7042 0
56423172112121 6540 0
56423173132121 7264 0
56423173133111 6788 0
56432713122122 9092 0
56712341232113 9431 0
56712343211123 9914 0
56721343123331 8618 0
56721432312233 12098 0
56723411113313 7059 0
56723411121113 5546 0
56723411131112 5448 0
56723411222312 8664 0
56723412122312 7863 0
56723412323222 5701 0
56723413221212 7168 0
56723413222112 8672 0
56723413331111 6954 0
56732143122113 8053 0
56741231121311 6041 0
56741231131211 6892 0
56741231211131 5390 0
56741231311121 5255 0
56741232111113 6353 0
56741233111112 6166 0
56743212122222 5085 0
56743212221222 6190 0
56743213121213 6087 0
56743213121312 5681 0
56743213331333 5156 0
57123461111111 9832 0
57164322131312 7777 0
57214361323232 5609 0
57214632212213 12491 0
57236141113232 7396 0
57236141322233 5794 0
57236141323232 4466 0
57241631322113 5996 0
57241631323112 5774 0
57246131112233 5323 0
57264132111323 7895 0
57321641311112 12172 0
57321642311132 7838 0
57364212213311 7671 0
57364212313211 8723 0
57364213332122 6398 0
57642311113322 9723 0
61234572231323 6296 0
61234573232213 8363 0
61235741313131 10076 0
61257343232123 7777 0
61274351313131 11928 0
61274532231323 7565 0
61352472233321 9866 0
61352472313211 6561 0
61452731311313 8307 0
61453721111111 11349 0
61453721311112 10592 0
61453723111121 9218 0
61472532123332 7743 0
61472533112111 8378 0
61527431111111 5393 0
61534272311132 4781 0
61534721112311 6594 0
61534721113211 5844 0
61543271111111 4613 0
61543271112311 6024 0
61572432312323 5265 0
61734523222331 8930 0
62134572321323 6674 0
62135471122121 7200 0
62135472132131 7650 0
62135473122131 6990 0
62135473123121 7621 0
62135473131131 7263 0
62135473132121 8058 0
62135473232231 11241 0
62135473322321 11446 0
62135743222331 6947 0
62135743312223 8063 0
62147353123121 8380 0
62147353132121 7550 0
62154733321121 6998 0
62157342132212 9887 0
62173543232132 7904 0
62174351122133 8506 0
62174533311212 12014 0
62317453112111 4363 0
62317453312211 5703 0
62351743112123 10358 0
62371453311311 7172 0
62374511322311 6849 0
62374513112321 7136 0
62374513312112 7022 0
62435172211133 5664 0
62435172311132 5221 0
62435711222222 7111 0
62453713311122 5023 0
62471532232133 6360 0
62475131322323 6607 0
62531472321233 9362 0
62543711211113 8756 0
62543711311112 7773 0
62571432321233 7138 0
62735143223213 7214 0
63125741112323 9539 0
63125743131233 7129 0
63125743133312 6498 0
63142571111111 10302 0
63142571132321 8255 0
63142573112123 12372 0
63172452312323 9199 0
63172452313211 6599 0
63174522332132 7168 0
63247511123132 9063 0
63251743133231 9531 0
63452711311313 6398 0
63452712333221 8567 0
63471522123131 9312 0
63471522323132 11372 0
63471522332132 10480 0
63472512123332 7061 0
63512743313333 12855 0
63541271212211 9239 0
63542713121333 9986 0
63574212123131 9454 0
63574212313211 6487 0
63712542221111 8426 0
63714252123131 4880 0
63714521112323 9278 0
63714522332132 6277 0
63721541233322 6686 0
63724153121213 9190 0
63725141112323 7039 0
63725141233121 10825 0
63725142123131 5353 0
63725142223133 4296 0
63725143122113 12595 0
63725143123313 9811 0
63741252222323 8556 0
63741522123131 4902 0
63742511232221 10725 0
63745123122212 7138 0
63751242221321 6873 0
63751423122311 10559 0
63752141111111 4926 0
63752141122211 7797 0
63752141123213 7528 0
63752142332132 8051 0
63752143123223 7511 0
63752143212323 11281 0
63752143223123 7769 0
63752411223212 6766 0
63752411333213 6225 0
63752412312323 6952 0
63752412322112 6730 0
63752412333113 6563 0
63754213122122 8156 0
64125371131313 9753 0
64157321133212 14924 0
64231572311132 5149 0
64257131113223 6865 0
64271533221212 7803 0
64275131212223 9381 0
64275131312123 9206 0
64275132211133 5308 0
64275132232133 4573 0
64275133231112 9245 0
64275133312211 5517 0
64275311112332 7640 0
64275311222222 6867 0
64275313312211 9395 0
64321572111131 12363 0
64321572132131 10187 0
64321572311132 8939 0
64325713121222 13740 0
64351272132131 7300 0
64357212313211 8816 0
64357213231322 6000 0
64357213312211 7506 0
64531271212211 6815 0
64531272132131 6355 0
64531273122131 6910 0
64531273123121 8236 0
64531273311311 6295 0
64531273312211 6290 0
64572131122223 7689 0
64713253112111 5389 0
65123471112311 7088 0
65123471233232 6521 0
65123472312311 8414 0
65132471212112 8497 0
65132471222111 7239 0
65132471231321 5134 0
65132471323121 8044 0
65132472131231 6547 0
65132472212231 6289 0
65132472233321 4788 0
65132473111331 6685 0
65132473313312 6068 0
65132473323311 7281 0
65132741223323 6115 0
65132743222331 7692 0
65134721233232 8303 0
65147321232113 6233 0
65172431132333 7863 0
65174232123131 4593 0
65174232133313 6560 0
65174232323312 6511 0
65174233323212 6547 0
65174233331213 6708 0
65174322313211 8615 0
65174323223123 7620 0
65213741111111 9188 0
65241371111111 7207 0
65243712121322 9090 0
65271341332331 8360 0
65271432231233 6657 0
65274131111111 12200 0
65274131311313 7277 0
65274131312213 7495 0
65274132123332 7203 0
65274133132223 7748 0
65274133232321 5044 0
65274133312223 7368 0
65314272311132 13531 0
65314272313211 6638 0
65321472111122 7511 0
65417321232113 10573 0
65417323223123 9334 0
65417323232123 11259 0
65423713321322 10174 0
65432173232321 4553 0
65471231132213 10683 0
65714323223123 7360 0
65723143321313 7147 0
65732411333123 5041 0
65742311212313 12361 0
67132541133311 8977 0
67145323133312 6701 0
67154233323332 6869 0
67215343333133 8706 0
67231541323112 9045 0
67231543323122 9145 0
67234513332122 7234 0
67245131313323 7900 0
67245311112311 9712 0
67245311133233 6798 0
67254311131133 6258 0
67254313311113 5705 0
67312452233321 6455 0
67312541121221 5523 0
67312542221111 6730 0
67321451111123 6673 0
67321451112311 6022 0
67321451212211 8800 0
67321451311133 6807 0
67321452111122 6564 0
67321453113311 6922 0
67321542232133 5330 0
67341252222323 7442 0
67342512222113 6700 0
67345122223133 5317 0
67345122232133 5691 0
67345211111123 6871 0
67345211111132 7449 0
67345211112233 11491 0
67345211113322 11320 0
67345211211122 7025 0
67345211311133 7125 0
67345212111122 7411 0
67345213111133 7125 0
67354121111111 4648 0
67354211212121 7323 0
67354211313113 7845 0
67354211333111 7968 0
67354212111221 6561 0
67354212212222 6762 0
67354212311132 4361 0
67354213111313 8936 0
67354213131311 8719 0
67354213211132 5528 0
67354213313333 6610 0
67412353132121 7701 0
67412353332221 6016 0
67412531131133 7313 0
67435121332112 5970 0
67435123123121 6337 0
67452313321232 7250 0
71234563231322 8212 0
71263541333222 6677 0
71263542323123 12869 0
71264533131323 4728 0
71264533221323 4837 0
71264533231223 4882 0
71264533231313 5410 0
71326451211311 6160 0
71326453132121 6617 0
71326543333313 14249 0
71345262132131 7242 0
71362453113311 7095 0
71365423331312 9927 0
71423563213232 6767 0
71423653213232 7252 0
71426353312211 5231 0
71426533333223 7844 0
71432561232323 12102 0
71432561323232 4950 0
71432562111221 7188 0
71432563232213 7260 0
71432563323113 7273 0
71432563323122 7871 0
71432563332113 7398 0
71435261322233 5498 0
71435262222122 9367 0
71435263211123 5208 0
71435263311122 4552 0
71435263333133 9329 0
71435263333223 9355 0
71435623333331 6727 0
71436253333112 7802 0
71452363213232 7786 0
71452632222131 10667 0
71453262222221 7783 0
71453623311122 6334 0
71456321322323 8842 0
71456322111221 7713 0
71462531113322 4704 0
71462532111212 6628 0
71462532121112 6664 0
71462533111223 8170 0
71462533221113 7256 0
71463523331222 10721 0
71523463131311 9169 0
71523463231313 9384 0
71523463331312 8777 0
71532463221332 6396 0
71534262122222 7609 0
71542633132322 7378 0
71543622111131 7921 0
71543623111121 8294 0
71546233331213 11765 0
71546322231212 8602 0
71562433123232 5592 0
71563243221221 8188 0
71625433213133 13756 0
71643252231212 11488 0
71643523331213 9916 0
72134562312212 9936 0
72136541322233 10193 0
72143563222331 7405 0
72143651121113 5765 0
72143651131112 5227 0
72143651213111 6487 0
72143651312111 6014 0
72143652111311 5938 0
72143653111211 5496 0
72145631233223 10852 0
72145633232231 10734 0
72145633312223 10828 0
72146352232223 7197 0
72163452122222 6256 0
72163453121213 5402 0
72163453131212 6162 0
72163453133333 5315 0
72163453331333 5615 0
72164353131113 11464 0
72165431113331 7623 0
72165432111113 5483 0
72165432111122 8217 0
72165432211112 8209 0
72165432323312 6501 0
72165433111112 5244 0
72165433121333 8859 0
72165433221233 8878 0
72165433233323 5589 0
72165433321223 8682 0
72165433331213 7864 0
72345611111111 4320 0
72345611133113 6077 0
72345611221223 9201 0
72345611222222 7840 0
72345611331332 8846 0
72345612122111 6206 0
72345612331331 8743 0
72345613221221 9429 0
72345613333331 7995 0
72356141112323 6503 0
72356141232113 9855 0
72356143211123 9745 0
72361453232333 5198 0
72361542333233 8563 0
72365412222212 5194 0
72365413121312 5553 0
72365413131212 5069 0
72365413331333 5661 0
72435163333313 7876 0
72513641232323 6678 0
72513641233322 8901 0
72516342313223 4924 0
72531463321232 6981 0
72534163211123 5230 0
72541631111213 5517 0
72541631111312 5964 0
72541631112131 6513 0
72541631113121 6032 0
72541632131111 5796 0
72541633121111 5247 0
72543162311111 5752 0
72543163211111 6687 0
72543611221223 4785 0
72543611223221 4764 0
72543611331332 5609 0
72543611332331 4702 0
72543612331331 4762 0
72543613132232 5506 0
72543613133222 5442 0
72543613221221 5304 0
72543613223312 4695 0
72543613322312 4583 0
72546311323112 7356 0
72546313323212 6535 0
72561342313223 5713 0
72561432213122 4722 0
72561433221233 5100 0
72561433311233 7001 0
72561433321133 4938 0
72561433321223 7121 0
72563411111213 7015 0
72563411111312 6161 0
72563411112131 5377 0
72563411113121 5518 0
72563412131111 6289 0
72563413121111 6481 0
72643513212311 5903 0
72643513212332 6777 0
73125463133132 8341 0
73146522113231 6888 0
73246153312211 9379 0
73456123231322 7382 0
73516243323113 8870 0
73516243332131 8863 0
73541262321212 7623 0
73542163321133 12610 0
73542613132121 7375 0
73542613132322 6462 0
73564213321322 8691 0
73614251112323 5690 0
73615241112323 6635 0
73615241113322 5643 0
73615242223133 4690 0
73615243123313 13654 0
73615243213313 13367 0
73615243331312 13545 0
73615243332311 13249 0
73615421113322 9561 0
73615423213211 7006 0
73615423333331 6522 0
73624513121132 7862 0
73624513332131 7732 0
73625141112323 5607 0
73625143121213 8439 0
73625143333313 8204 0
73625412222323 7877 0
73642511111111 4281 0
73642511113232 5065 0
73642511113322 4617 0
73642513223222 8755 0
73645121113211 8080 0
73645122222311 6632 0
73645211223113 8203 0
73645211231111 12735 0
73645211321111 4775 0
73645211332112 8552 0
73645213112231 11041 0
73645213333112 7605 0
73651241113322 11109 0
73652413211312 10711 0
73652413331321 11798 0
73654122111122 6138 0
73654122221111 7786 0
73654211111132 9149 0
74123563323221 6026 0
74123652322121 4837 0
74123653132232 7020 0
74123653133132 5053 0
74123653133222 4997 0
74123653133231 7124 0
74125631313311 7740 0
74125632121121 8190 0
74125632122111 8198 0
74125632131111 5217 0
74125632321332 6297 0
74125633121111 5523 0
74125633131233 7764 0
74125633132232 8586 0
74125633133222 8792 0
74125633133312 8756 0
74125633332323 5563 0
74126352333122 5705 0
74132561321231 5011 0
74132562121121 7295 0
74132562122111 7194 0
74132563131221 8705 0
74132563132112 7464 0
74136522322121 6888 0
74152363132232 5529 0
74152363133132 4784 0
74152363133222 4843 0
74152363133231 4735 0
74156322122123 6607 0
74156322122321 6643 0
74156322313223 4688 0
74156323132331 6720 0
74156323133123 6549 0
74163251121122 8094 0
74163252112211 7423 0
74163252131111 6008 0
74163253121111 5608 0
74163253131332 7358 0
74163253133132 8774 0
74163253133213 8780 0
74163253133231 8659 0
74163253332323 5246 0
74165231121212 8713 0
74165231131313 7637 0
74165231212121 7145 0
74165231313131 6993 0
74165232111212 7257 0
74165232121112 7644 0
74165232121211 7339 0
74165233111313 7190 0
74165233131113 7436 0
74165233131311 7100 0
74165233131323 7997 0
74165233132313 7509 0
74165233231313 7470 0
74213652323132 7566 0
74251633111313 7962 0
74256311321222 13402 0
74256313111232 14922 0
74265312333233 8024 0
74312652333332 7329 0
74321563311131 7858 0
74321653233323 5426 0
74325163131323 11298 0
74325612221222 5160 0
74325613121312 4919 0
74325613131212 5384 0
74325613133333 5207 0
74361253112132 11296 0
74361253211231 10880 0
74365211121221 8449 0
74365211213111 5180 0
74365211312111 5228 0
74365211313113 6733 0
74365211333111 6811 0
74365212111311 5957 0
74365212222323 7707 0
74365212333332 6248 0
74365213111211 5675 0
74365213121333 8815 0
74512361322233 9397 0
74512362313223 10038 0
74513263121222 14452 0
74521632222212 5486 0
74521633121213 5502 0
74521633121312 5569 0
74521633133333 5252 0
74521633333313 6022 0
74523611121113 5868 0
74523611131112 6846 0
74523611213111 5341 0
74523611312111 6248 0
74523612111311 6351 0
74523613111211 6424 0
74532163123223 8016 0
74561231111222 7305 0
74561232111113 5483 0
74561232221111 7977 0
74561233111112 5890 0
74561233131233 8880 0
74561233233323 5326 0
74561233311233 8537 0
74561233321133 8659 0
74561233321313 7455 0
74563211232332 10917 0
74653213133222 9439 0
75132463233233 10699 0
75143263231313 9166 0
75146321323331 11399 0
75213642223133 5444 0
75231463211123 6259 0
75234161322233 6806 0
75234162221111 9206 0
75236143213232 7112 0
75241632222323 7291 0
75243162211322 14929 0
75243611113232 5948 0
75243613213232 7302 0
75246131333312 9820 0
75246311111111 5594 0
75246313212311 6461 0
75246313312211 5458 0
75246313332332 7353 0
75261432123233 6048 0
75264132121232 7318 0
75264132223331 5110 0
75264132321212 7221 0
75264133121333 6857 0
75264133331213 6787 0
75264311223122 7772 0
75264313231112 8246 0
75312463333133 8888 0
75314621133221 12474 0
75314621313212 10327 0
75314623113122 8136 0
75316241231231 6709 0
75321461311112 8127 0
75321463132121 8151 0
75346122133133 6574 0
75346211133122 11435 0
75346211211311 8584 0
75346211311211 11553 0
75346212323333 7605 0
75346213112132 11309 0
75346213132121 7285 0
75346213132322 7986 0
75346213332122 7370 0
75412631223332 6975 0
75416323232213 7390 0
75431263133213 6983 0
75462132123212 6771 0
75613243131332 7187 0
75613243133213 9004 0
75634123323122 7276 0
75641323232111 7782 0
75642132213311 10066 0
76123453233323 6207 0
76125343333133 9074 0
76143252131312 5544 0
76143252221222 5453 0
76143253131212 5627 0
76143253331333 5994 0
76143253333313 5154 0
76145231121113 5152 0
76145231122112 8094 0
76145231131112 5435 0
76145231221112 8102 0
76145231311331 7724 0
76145232123332 6372 0
76145232233213 8701 0
76145232331313 8886 0
76145232332213 8903 0
76145233133213 7889 0
76145233232333 5471 0
76154323333112 7744 0
76213543213133 11356 0
76213543311332 10508 0
76215341231231 6747 0
76215433333133 8435 0
76231451123111 9854 0
76245311121131 11692 0
76245311131121 4588 0
76245311213312 12006 0
76245312132131 7509 0
76245313122122 7179 0
76245313123121 7875 0
76253141123132 7222 0
76253141211332 6634 0
76253413322312 8806 0
76254133311323 13943 0
76254313211111 10529 0
76312452212111 8993 0
76312453211111 6554 0
76312453311311 6510 0
76312542321212 7281 0
76312542322121 8853 0
76312543322222 8308 0
76315241112113 12913 0
76315241113112 4858 0
76315241223113 7845 0
76315241322122 7545 0
76315241323313 7437 0
76315241332112 7238 0
76315243211231 11611 0
76315243323323 7455 0
76321452122123 5252 0
76321452122321 5203 0
76321452122333 4649 0
76321452123323 4811 0
76321452212231 6614 0
76321452213122 5613 0
76321453233131 4871 0
76321453311233 4693 0
76321453313312 5048 0
76321453321133 4625 0
76321453323311 4672 0
76321542211112 6600 0
76321543211111 7123 0
76321543311131 6506 0
76324151112233 6791 0
76324151112323 8773 0
76324153323122 6766 0
76325411111213 5664 0
76325411111312 5376 0
76325411112131 5148 0
76325411113121 5250 0
76325411122121 7226 0
76325411331311 7480 0
76325412112121 7161 0
76325412231212 7620 0
76325412333233 7343 0
76325413222223 6458 0
76341251111213 4969 0
76341251111312 5887 0
76341251112131 5981 0
76341251113121 5768 0
76341251221121 8167 0
76341251311313 6499 0
76341252232313 6457 0
76341252323333 8455 0
76341253221212 7382 0
76341253233131 9644 0
76342511111231 4558 0
76342511111321 12379 0
76342511323112 7183 0
76342512232223 7113 0
76342513213112 11570 0
76342513322111 11473 0
76342513323122 8290 0
76342513323212 7239 0
76345122211112 7215 0
76345122211121 7506 0
76345122213311 11320 0
76345122311111 7827 0
76345123211111 6843 0
76345123311113 7531 0
76345123311131 7282 0
76345123312211 11118 0
76351421112323 9024 0
76351421113322 6975 0
76351423321232 6614 0
76354121121212 8511 0
76354121122121 5943 0
76354121311313 6165 0
76354121313131 6700 0
76354122111212 7254 0
76354122112121 7161 0
76354122212222 6528 0
76354123211123 4668 0
76354123211132 5235 0
76354123313333 7319 0
76354212213323 7608 0
76354212312233 7902 0
76354212313322 7344 0
76354212333332 7721 0
76354213222223 7793 0
76354213312223 7510 0
76421351131121 5295 0
76512343213313 7501 0
76512343332311 7620 0
76514321112323 6476 0
76514321232113 9299 0
76521433232333 6087 0
76523413223231 11999 0
76524313331222 10424 0
76541232131213 5494 0
76541232221222 6284 0
76541233121213 6187 0
76541233331333 5341 0
76541233333313 5716 0
76543211111111 6530 0
76543211212112 7905 0
76543211223221 9308 0
76543211332331 9113 0
76543211333333 7712 0
76543212132323 7327 0
76543212222221 8796 0
76543212323213 7550 0
76543213113131 6705 0
