12345672121232 13557 0
12345672123212 12252 0
12345672321212 12424 0
12345673131323 11641 0
12345673132313 14386 0
12345673231313 13796 0
12345761111111 9620 0
12346571111231 8916 0
12346751113133 11670 0
12347561112212 12363 0
12347651111111 21231 0
12347651122112 17007 0
12347651133311 15711 0
12347652111221 13956 0
12347652123233 16936 0
12347652123332 20137 0
12347652223232 8725 0
12347653111133 15192 0
12347653132223 15600 0
12347653132322 15626 0
12347653332323 8179 0
12354671111111 8898 0
12354761112323 10974 0
12354762121112 11912 0
12354762121211 11994 0
12354762311123 11985 0
12354763131131 11915 0
12354763133111 11344 0
12354763211123 8839 0
12356471113133 11871 0
12356741133131 11706 0
12356741313131 10243 0
12356743113131 10443 0
12357461111222 12661 0
12357461113331 11068 0
12357462211112 9663 0
12357641113331 11812 0
12364571112212 12161 0
12364751112212 11501 0
12364751113133 14264 0
12364753311131 8689 0
12365471111111 14677 0
12365471211122 15265 0
12365471313113 13921 0
12365472223232 9147 0
12365472321233 16647 0
12365473232312 15117 0
12365473332323 9093 0
12365741113331 11999 0
12367451123333 9296 0
12367451132222 9824 0
12367451213333 10542 0
12367451312222 9357 0
12367452113333 10737 0
12367453112222 14202 0
12367541112212 13358 0
12367541113331 15704 0
12367541331131 8787 0
12374561121212 10135 0
12374561211212 10450 0
12374562111212 11149 0
12374651111222 13181 0
12375461111222 12928 0
12375641113112 11518 0
12376451111222 12415 0
12376451113133 15803 0
12376451221211 9386 0
12376541112323 8938 0
12376541232233 12775 0
12376541322233 9985 0
12376542121232 12148 0
12376542123212 11161 0
12376543133132 12874 0
12376543133231 11997 0
12456731132321 18143 0
12456731233223 10835 0
12456733223321 11376 0
12463751231231 17195 0
12467351131121 10523 0
12467351231321 9594 0
12473561132123 11430 0
12536741112323 16336 0
12537461332112 10624 0
12543671111111 21323 0
12543671211212 14058 0
12543671331113 15284 0
12543672121121 17101 0
12543672321332 20230 0
12543672322232 8824 0
12543672331232 17036 0
12543673111331 15813 0
12543673221323 15655 0
12543673231223 15617 0
12543673233323 8201 0
12546371221331 13060 0
12563472131213 9374 0
12563473131212 11528 0
12564733323122 11045 0
12567433232333 12057 0
12576343212221 16194 0
12637451132111 16335 0
12637451332112 13490 0
12643571321321 11693 0
12645371131121 11404 0
12673542331133 16854 0
12734561112323 15846 0
12734561322233 15705 0
12734562313223 15372 0
12745631111111 21310 0
12745632111122 15633 0
12745632212213 13660 0
12745632222221 13827 0
12745632232211 13834 0
12745633131131 16000 0
12745633313312 13648 0
12745633313333 16348 0
12745633323311 15861 0
12753462231323 11660 0
12763452322232 9011 0
12765432121313 9524 0
12765432222212 9161 0
12765433121213 9132 0
12765433331333 9403 0
13245671321111 9646 0
13246571111111 7939 0
13246571112233 8938 0
13246571113232 11867 0
13246572321332 12011 0
13246572331232 11936 0
13246573221233 11766 0
13246573321223 11968 0
13246752133211 16620 0
13247563212131 16091 0
13254761322233 11954 0
13254761323322 11531 0
13254762321233 15422 0
13254763323122 10195 0
13257641112233 14189 0
13265741112323 11482 0
13265742131312 15140 0
13267451122211 8651 0
13267451311133 13251 0
13267541111132 14490 0
13267541232212 12077 0
13274651112323 9945 0
13275461112233 19137 0
13275463213211 12754 0
13275641112233 9276 0
13275641112323 8705 0
13275642131333 12280 0
13275643212221 13901 0
13276451113211 13899 0
13276451233133 13560 0
13276541133122 19074 0
13276541213312 23913 0
13276541321123 19932 0
13276541322311 18461 0
13276541323112 12706 0
13276541323322 11873 0
13276542323312 11738 0
13276543323122 12420 0
13462571111111 16203 0
13462572213311 15740 0
13527461211113 10564 0
13542671231231 11546 0
13546271213213 8706 0
13546271231231 14146 0
13546271321321 11386 0
13572641122133 9018 0
13576241312213 14463 0
13576241321321 12468 0
13627451332112 14165 0
13642571221223 10324 0
13642571223221 10122 0
13642573221221 11579 0
13645271221331 11880 0
13647521111111 10691 0
13675241112323 14393 0
13675242331313 12216 0
13725642332132 14339 0
13754262123323 17978 0
13762451321321 17084 0
13764251211311 10482 0
13764252323231 13222 0
13765422121211 23849 0
14263751131121 9831 0
14267351321321 11899 0
14275633323122 13134 0
14325671111111 14793 0
14325672112121 15387 0
14325672231323 15990 0
14325672323222 9269 0
14325673123232 16341 0
14325673232333 8991 0
14325673311131 14034 0
14327652131213 11646 0
14327653121213 9282 0
14352672212111 12138 0
14356721112323 16325 0
14356721322233 15860 0
14367252322232 9364 0
14367523311113 11089 0
14523672121313 9453 0
14523673121312 10918 0
14527631121311 10028 0
14527631131211 8049 0
14527631133311 14622 0
14527631211131 10797 0
14527631311121 10749 0
14527632122213 16661 0
14527632212111 15663 0
14527632333332 16657 0
14527633132322 15353 0
14527633312133 14471 0
14536273311311 12152 0
14537622231323 15690 0
14563272323222 9466 0
14567231312213 16850 0
14567231321123 16484 0
14573261333111 11224 0
14625731111111 14435 0
14625731131121 9489 0
14625731322233 21711 0
14625732112121 12187 0
14625732113321 13880 0
14625732213323 14600 0
14625732233111 13123 0
14625733133111 12291 0
14632571111111 17046 0
14632571321132 11412 0
14652733321331 12005 0
14673251111111 8974 0
14723651111213 8818 0
14723651111312 8196 0
14723651112131 11029 0
14723651113121 14104 0
14723651211212 17054 0
14723652322121 13327 0
14723652331232 16073 0
14723653232222 15795 0
14723653313111 14874 0
14723653321313 14999 0
14725361111111 14690 0
14725361111123 13094 0
14725361322332 20416 0
14725362211121 13133 0
14725363211213 14487 0
14725363213121 12988 0
14725363223213 14257 0
14725363311113 12601 0
14726531223122 14383 0
14726531232122 13846 0
14726531233313 13502 0
14726531333312 13211 0
14726532232313 11261 0
14726533323122 12179 0
14735621221112 12719 0
14735621223113 11780 0
14735621223332 20276 0
14735621233112 13367 0
14735621323112 12807 0
14735621332112 12431 0
14735621333111 11537 0
14735621333222 20576 0
14736251111132 10088 0
14736251112332 9885 0
14736253222223 10491 0
14736521132222 11853 0
14736521133131 12465 0
14736521211212 13926 0
14736521213333 12269 0
14736521221313 13623 0
14736521321231 12092 0
14736521322233 7960 0
14736521332121 13286 0
14736523112222 11884 0
14736523113131 11771 0
14752363222121 13437 0
14752363232222 12559 0
14752363233131 11925 0
14752631111111 15320 0
14752631112311 14164 0
14752631323223 19603 0
14752632332132 12483 0
14752633213223 11721 0
14752633222223 12151 0
14752633223123 11838 0
14752633223231 20304 0
14753261221112 9540 0
14753261323112 11530 0
14753261333111 10505 0
14762351221331 11717 0
14762351321231 11720 0
14762351331221 13353 0
14763251221223 9767 0
14763251222312 9480 0
14763251332331 11677 0
14763251333123 8921 0
14763252322121 7929 0
14763253132232 8085 0
14763253133132 7918 0
14763253133222 8884 0
14763253133231 8353 0
14763253221221 9100 0
14763253222112 9601 0
14763521113211 9768 0
14763521113223 10820 0
14763523222331 16089 0
14765231111213 9248 0
14765231111312 9491 0
14765231112131 8399 0
14765231113121 11663 0
14765231133131 14960 0
14765232211211 15327 0
14765232232322 15382 0
14765232331313 15965 0
14765233113131 15079 0
14765233323332 14576 0
15236471111111 11788 0
15236473231121 11715 0
15243671331221 12245 0
15246371331332 11037 0
15246371332331 10328 0
15246372331331 10018 0
15267431223113 11821 0
15273641112323 15966 0
15324673113311 11844 0
15342671211311 8797 0
15346271321321 12038 0
15367421211113 17065 0
15367421223113 13133 0
15367423211123 12841 0
15426371111111 16251 0
15426371112233 15957 0
15463271313113 10970 0
15624732123212 14889 0
15624732133313 13288 0
15624732333332 12793 0
15627431223113 9847 0
15627431322113 14070 0
15627431332112 11070 0
15634722123332 8742 0
15634722321233 10037 0
15637423211123 9888 0
15642371111111 10303 0
15642372213311 10080 0
15642372231332 12706 0
15642372331322 11154 0
15642373212311 12800 0
15642373221323 11882 0
15642373231223 12762 0
15643271221331 15728 0
15643271331221 13381 0
15643273223111 8879 0
15647233213232 12051 0
15672341113232 10650 0
15672341323112 11786 0
15672342323312 10332 0
15672343213232 11411 0
15672433312133 18168 0
15724362212132 12702 0
15724631111111 13930 0
15724631211311 9059 0
15724631322233 20125 0
15724632123233 11676 0
15724632313223 22421 0
15724632323231 12216 0
15724632323333 11770 0
15724633132322 11109 0
15734622331223 12468 0
15746321111111 15607 0
15746321323211 10486 0
15746322313112 10066 0
15762342122213 15105 0
15763241111111 8705 0
15763242323132 12125 0
16243571132132 9683 0
16243571231231 12547 0
16243571321321 10949 0
16245371231231 12802 0
16254733312223 14765 0
16257431132111 10471 0
16257433223123 13397 0
16273541122133 15827 0
16273541321321 12265 0
16275341312213 13409 0
16275343122221 14995 0
16327453232333 8813 0
16342571331221 11754 0
16345271111111 14774 0
16345271133131 14020 0
16345271222111 15358 0
16345272322232 9242 0
16345272333212 15169 0
16345273122323 17189 0
16345273233323 9112 0
16347252131312 10896 0
16347253121312 9426 0
16357421223113 11187 0
16374521112323 16376 0
16374523211123 16076 0
16423572112121 11209 0
16427531211311 10225 0
16427531231321 7717 0
16427532333233 16761 0
16453271111111 17156 0
16453271211113 12723 0
16453272111131 13010 0
16475233132313 17059 0
16523473332323 8840 0
16523741112212 11568 0
16524731112212 14948 0
16524731112233 11767 0
16524731113133 12504 0
16527341111111 9965 0
16527431123333 10839 0
16527431222132 9540 0
16527431312222 9297 0
16527431333213 9043 0
16527432113333 11339 0
16527432211322 10252 0
16527432231122 8494 0
16527432231332 8334 0
16527432331322 8561 0
16527432333113 9131 0
16527433312133 8606 0
16532471111222 11964 0
16534271111111 10164 0
16534271111132 8117 0
16534273211111 9902 0
16534723211123 7875 0
16537421111222 11855 0
16537421113322 11050 0
16537421113331 12024 0
16537421223113 10737 0
16537421233112 14292 0
16537421332112 10333 0
16542371221331 12435 0
16542371331221 15822 0
16542372112331 9487 0
16543271221223 14076 0
16543271223221 9238 0
16543271331332 10623 0
16543271332331 10426 0
16543272331331 9178 0
16543273221221 9703 0
16543721111111 8798 0
16543721113211 8089 0
16547233332323 10514 0
16547321113331 13625 0
16572431111111 11763 0
16572433213223 13410 0
16573241123123 9243 0
16573241312312 10415 0
16574231113133 11916 0
16723451122133 14715 0
16723451322311 15028 0
16725431121311 8840 0
16725431131211 8976 0
16725431211122 15261 0
16725431211131 10972 0
16725431311121 7990 0
16725432211121 16751 0
16725432232223 14411 0
16725433113311 14712 0
16725433122212 13013 0
16725433333232 14890 0
16735242122213 12938 0
16742352232313 10573 0
16743252323222 8715 0
16745232121313 9488 0
16745232122222 8445 0
16745233121213 9011 0
16745233333313 10908 0
16753241221112 11172 0
17246351111111 15411 0
17265433111313 13226 0
17324561211323 15746 0
17324561232332 9642 0
17326452212111 12086 0
17356241212313 10629 0
17356242211331 21480 0
17362451211311 10284 0
17362451231321 10013 0
17362452213311 8240 0
17364251231231 12268 0
17423653213232 12171 0
17425631122112 12676 0
17425631223113 12094 0
17425631313113 11556 0
17425631322113 13213 0
17425631322332 20503 0
17425631323112 12883 0
17425631323223 18729 0
17425631332112 12201 0
17426531112233 9952 0
17426531121212 12400 0
17426531132312 12917 0
17426531213123 17886 0
17426531223221 13125 0
17426531232233 9460 0
17426531313131 11982 0
17426531331332 13763 0
17426532121211 10943 0
17426532331331 14138 0
17435622211133 8457 0
17435623211123 8596 0
17436521323232 11415 0
17452363213232 11671 0
17452363322132 13585 0
17452633213232 12321 0
17453262211133 9938 0
17462352213311 9037 0
17463251122112 12881 0
17463251221331 15657 0
17463251313113 10477 0
17463251321231 11984 0
17463251323112 12280 0
17463251331221 14899 0
17526431131121 10178 0
17526431231321 8223 0
17526432123233 10875 0
17543261111111 13510 0
17543261132111 12685 0
17642531111111 15931 0
17642531112233 20879 0
17642533312211 16433 0
17643251122112 11212 0
21345671111111 11502 0
21345762223322 12399 0
21345762312323 8826 0
21345762313223 9254 0
21345763332233 13883 0
21346752313322 8995 0
21347562312323 16089 0
21354671122112 11012 0
21354671131313 12853 0
21354671221112 10962 0
21354672311123 12684 0
21354672311132 10100 0
21354672313211 26167 0
21354673131113 11971 0
21354761112233 24032 0
21354761112311 12606 0
21354761113211 11989 0
21354761113322 19190 0
21354761122211 11858 0
21354761133311 12391 0
21354762213311 19910 0
21354763312211 18442 0
21357462311111 15955 0
21357463213331 12239 0
21357642221132 16982 0
21364752311111 14584 0
21364753212212 12446 0
21365742221312 12118 0
21365742312323 14514 0
21367451311331 10318 0
21367452112112 9137 0
21374653333121 16167 0
21375462312233 13386 0
21375463333211 15849 0
21376541111123 10548 0
21376541112311 11686 0
21376541122211 10314 0
21376541131133 11307 0
21457631321123 21180 0
21473563331312 17986 0
21536742222131 23165 0
21654372231323 11429 0
21654372233321 10664 0
21654373332122 10214 0
21654373332221 11805 0
21734652123131 15975 0
23147562123131 11565 0
23147651112323 10272 0
23147652312323 8017 0
23156471222132 13111 0
23156471333132 13394 0
23156473323332 14913 0
23157461231333 15856 0
23157462131123 17864 0
23164573213133 11880 0
23164752131312 13605 0
23164753333313 12824 0
23165471111111 9508 0
23165471311133 12168 0
23165471312132 13153 0
23165472111122 12071 0
23165472111332 13902 0
23165472132332 14480 0
23165472311111 14315 0
23165473233221 21588 0
23165741112323 8676 0
23165741231312 12630 0
23165742123131 7261 0
23165742131321 12495 0
23165742131333 20927 0
23165742312323 10472 0
23165743331312 20952 0
23167541233322 12527 0
23167542131222 13488 0
23174652123131 8141 0
23175463211222 13920 0
23176452132221 15470 0
23176453332233 15016 0
23416752121211 14430 0
23417563232123 10417 0
23456173212332 9926 0
23456173233122 8761 0
23456713212332 11296 0
23475162121112 12568 0
23517462131333 14742 0
23576412233321 15285 0
23576412312323 15119 0
23657142121112 18869 0
23671452122333 20015 0
23674153232321 9227 0
23751461132123 10315 0
23751463112321 10152 0
23756143222331 12744 0
23756411222312 10177 0
23756413222112 10445 0
23756413223312 10201 0
23756413322312 10658 0
24153672321233 11934 0
24157361313212 11264 0
24157362323111 11241 0
24167353132232 18495 0
24173652323231 7839 0
24315673311311 11975 0
24315761122322 17506 0
24315762213323 11606 0
24351671212211 13267 0
24351673111133 8902 0
24351673311311 15607 0
24351761111123 14465 0
24351761212232 12201 0
24367511323112 12236 0
24367513111121 8681 0
24376512222122 15089 0
24516732233111 8441 0
24531673123121 11310 0
24536713231232 13415 0
24537613231322 16826 0
24561372111131 8862 0
24563711121212 12137 0
24563712121232 12637 0
24563713121222 17336 0
24571362221213 18677 0
24571631121212 13401 0
24615371112332 12235 0
24615372213311 14491 0
24615731122313 21069 0
24615731132333 12608 0
24615732111323 21047 0
24615732213311 10451 0
24615732233321 8798 0
24615733113323 12473 0
24615733311122 6968 0
24617532233321 13944 0
24637512311132 11417 0
24651731113223 13608 0
24651731333333 12433 0
24715363311332 13084 0
24715631111111 13298 0
24715631122121 12460 0
24715631122133 14079 0
24715632313223 19030 0
24715633112111 9212 0
24715633131131 11084 0
24716532323231 13867 0
24731561111111 17002 0
24731562311231 11223 0
24736512222332 16111 0
24751362221231 16170 0
24751362321113 17299 0
24761531221223 18712 0
24763151111111 8624 0
24765313222112 21424 0
25134672233321 20977 0
25134672312323 16529 0
25134672313211 16037 0
25137461111111 11281 0
25137461211323 10019 0
25163741112323 13821 0
25314673111313 11673 0
25314673111331 10220 0
25314673131311 10417 0
25341673113311 11788 0
25341762313223 14172 0
25364172311231 17550 0
25364173223231 9629 0
25367411211122 11289 0
25413672323111 17633 0
25413763121222 17864 0
25436711311313 12037 0
25436712123122 13655 0
25436712123332 11627 0
25436712132122 14824 0
25436712323231 13847 0
25436713232321 11340 0
25436713332122 11968 0
25463713212332 13478 0
25471362323132 8493 0
25471631312213 18100 0
25631741212121 18858 0
25634713321232 12856 0
25641371213132 16954 0
25714632123131 9636 0
25714632223331 12226 0
25714632313211 24170 0
25714633121333 15564 0
25716431212223 15001 0
25716433223213 19575 0
25731642232211 17749 0
25734162221111 11253 0
25734613113323 18684 0
25736141111123 7916 0
25736141233232 13810 0
25736411133113 12518 0
25736411231321 10035 0
25736411321312 12644 0
25736411331113 11787 0
25736413123112 14607 0
25741361232113 11446 0
25741632222323 11850 0
25741632312323 11533 0
25743611233232 18885 0
25763142223133 10965 0
25763411332322 8868 0
26135742132221 16474 0
26135742213323 8442 0
26135742332312 15880 0
26153471122121 10954 0
26153473131131 9729 0
26153473132121 14169 0
26154372332213 18184 0
26175432331133 15686 0
26317451212211 11698 0
26345711223113 10650 0
26371453112111 10088 0
26415731322323 13969 0
26415732121223 12345 0
26415732233321 20147 0
26435712222122 19860 0
26435712233321 10006 0
26435712311132 6391 0
26435712322322 21046 0
26435713311122 7752 0
26435713333133 15712 0
26437512122312 13731 0
26453172211133 10869 0
26453711333333 13603 0
26513471122121 14189 0
26517343333313 19898 0
26534713333313 17952 0
26543171111111 16429 0
26543171123111 13368 0
26547313131323 17063 0
26573413331312 14345 0
26714531212133 16043 0
26714532121133 16184 0
26715433231322 18480 0
26741351232113 13628 0
26743512121232 23905 0
27134561131133 11579 0
27154632311132 16074 0
27314652313211 16313 0
27365412321212 13063 0
27415363131113 12169 0
27415632323231 20123 0
27415633321322 14841 0
27416532133232 9524 0
27416533321232 10093 0
27435612122222 12957 0
27453161123111 12192 0
27453161132111 14749 0
27456133132223 13919 0
27516341111111 9106 0
27534161111111 7994 0
27534161111123 12365 0
27534162311111 8417 0
27534612311132 8149 0
27536412332312 16514 0
27543611111123 16363 0
27543611111132 11783 0
27546312231122 18021 0
27613543333133 18754 0
27614353311332 23141 0
27615431312333 17143 0
27615432113321 8419 0
27615433313213 13671 0
27634511131133 13704 0
27634512233321 7822 0
27643513311233 17727 0
31246753312211 9414 0
31247651113232 7469 0
31247651323232 10781 0
31256471231222 12795 0
31257462222221 17475 0
31257462312311 15413 0
31257643311122 10510 0
31264572122213 13316 0
31264573132313 12657 0
31264573222223 12034 0
31264752132122 15564 0
31264752313121 16524 0
31265471111111 13186 0
31265471122112 13224 0
31265471122133 13009 0
31265471312213 14509 0
31265471313113 12705 0
31265471321111 14715 0
31265472233321 20513 0
31265472312233 14356 0
31265741233331 13182 0
31267542222233 16196 0
31267542313133 17324 0
31275461112233 8791 0
31275461322233 8572 0
31275462133211 12505 0
31275462223211 12477 0
31275462311213 14123 0
31275462312212 14008 0
31275463311122 8511 0
31276452133322 14681 0
31276452313313 15865 0
31452671323211 10214 0
31452671332232 10396 0
31452672322331 10341 0
31456722111221 10405 0
31462751111111 16573 0
31462751113322 15947 0
31475261322233 22403 0
31475262331313 17644 0
31475262333221 13256 0
31524673332122 10672 0
31527643332122 13657 0
31564272212111 11734 0
31564272213311 11738 0
31564273113311 13373 0
31572461122133 8921 0
31624751112233 15399 0
31624753312211 15235 0
31627452221333 14465 0
31654272313322 14987 0
31754621331122 21920 0
31765242322121 21449 0
32145671111111 21196 0
32145671123333 13669 0
32145671132222 13680 0
32145671221112 15520 0
32145671333333 16370 0
32145672113333 15881 0
32145672212222 13926 0
32145673112222 13858 0
32145673311113 15879 0
32146751232323 11744 0
32146752232223 10277 0
32147562313223 10299 0
32147562333233 16881 0
32147651123333 9002 0
32147651132222 8365 0
32147651213333 9998 0
32147651312222 9123 0
32147652113333 8692 0
32147652231332 8752 0
32147652233213 10036 0
32147652331322 9205 0
32147652332213 8855 0
32147653112222 8103 0
32156471111111 9080 0
32156471113211 13816 0
32156471232332 22442 0
32156472312332 12099 0
32156472332132 11790 0
32156472332321 20002 0
32156472333332 11560 0
32156473223123 11138 0
32156741112323 10767 0
32156742311123 12322 0
32156742313223 9515 0
32156742333131 15667 0
32157641232323 11413 0
32157642231323 11737 0
32164571111111 14260 0
32164571111231 15353 0
32164571232323 11602 0
32164572232223 11855 0
32164572232313 12246 0
32164572233321 19704 0
32164572312323 20325 0
32164573323212 12502 0
32165741111111 9228 0
32165741111132 13180 0
32165741233223 19056 0
32165742211112 12336 0
32165742331112 14104 0
32165743311131 10967 0
32167451111111 14575 0
32167451213333 14623 0
32167451222222 15064 0
32167451312222 14185 0
32167451333111 13715 0
32167452211121 15143 0
32167453222313 14934 0
32167453313333 13054 0
32167453321232 14589 0
32174561112323 9006 0
32174561232113 9777 0
32174561232233 11209 0
32174562231212 12278 0
32174652312332 10955 0
32174652332132 10960 0
32175461111111 14531 0
32175461113112 9156 0
32175461221112 11846 0
32175461333111 10861 0
32175462233111 13536 0
32175462312323 18590 0
32416753121222 17819 0
32417562113321 15189 0
32417652132131 13231 0
32417653132121 13785 0
32451762331121 9869 0
32456173212332 12488 0
32456711233133 23730 0
32465172112121 11653 0
32465172132131 12817 0
32465172133121 12830 0
32465172332321 20153 0
32465173123121 11637 0
32465173132121 13466 0
32465173133111 12304 0
32465173233221 20448 0
32475161232323 13898 0
32475163331222 13205 0
32476513232231 11115 0
32517463131311 13569 0
32546713323212 12126 0
32547611121113 11186 0
32547611131112 9439 0
32547611213111 10077 0
32547611312111 11706 0
32547612111311 11750 0
32547613111211 9183 0
32561471113133 16781 0
32561471121311 8077 0
32561471122211 16930 0
32561471131211 8699 0
32561471211131 13980 0
32561471311121 10908 0
32561472133313 15089 0
32561472213122 13427 0
32561473222223 15822 0
32561473323212 16087 0
32567412122222 11817 0
32567412131312 9707 0
32567412222212 9236 0
32567413131212 9153 0
32567413133333 9075 0
32576142313223 15856 0
32615473332122 13600 0
32647152133121 11770 0
32647153132121 16491 0
32647512333233 18783 0
32657143121213 17627 0
32657412111212 23874 0
32671453123313 16970 0
32674152113333 17992 0
32714652332132 12106 0
32716452123212 14657 0
32741651121311 11718 0
32741651131211 9163 0
32741651211131 11684 0
32741651311121 10052 0
32741652111113 9562 0
32741653111112 11298 0
32745611223332 14696 0
32745612313322 14802 0
32745612322331 14817 0
32751643321232 18903 0
32754163211123 14984 0
32756141233121 18778 0
32761452121313 8356 0
32761452122222 9355 0
32761452222212 8504 0
32761453121312 11258 0
32761453133333 11745 0
32765411112221 16349 0
32765411121113 10172 0
32765411131112 7978 0
32765411133113 14963 0
32765411331113 14953 0
32765412221312 16846 0
32765412323222 9019 0
32765413122212 13456 0
32765413223312 14342 0
32765413231223 14406 0
32765413322312 14412 0
34125672131213 9035 0
34125672131312 9371 0
34125672221222 8466 0
34125673133333 11002 0
34127651121113 8819 0
34127651131112 8844 0
34127651213111 9444 0
34127651312111 9447 0
34127652111311 9133 0
34127653111211 8781 0
34162752132212 23388 0
34165271112212 16731 0
34165271121311 9374 0
34165271131211 9131 0
34165271211131 11538 0
34165271311121 8275 0
34165271311133 14955 0
34165272323333 14593 0
34165273133312 15844 0
34165273222322 14760 0
34165273311131 14841 0
34167252213323 15122 0
34172562132332 16263 0
34172562313331 16096 0
34175263321232 13191 0
34216572213122 18004 0
34261572132131 9423 0
34261572133121 11553 0
34261573123121 10389 0
34265712212132 15668 0
34275161312213 13253 0
34275162112322 14549 0
34275162213221 15687 0
34516271111111 10364 0
34516272312332 13315 0
34516722313223 8950 0
34517622231323 11840 0
34521672223232 8812 0
34526713232312 8335 0
34527612211322 14025 0
34527612231122 14398 0
34527612231332 13953 0
34527612331322 14184 0
34527613312133 9872 0
34561272122123 9484 0
34561272122321 9359 0
34561272212213 9117 0
34561272213122 8729 0
34561272232211 9796 0
34561273221233 8410 0
34561273233131 8805 0
34561273311233 9199 0
34561273313321 11707 0
34561273321133 9376 0
34561273321223 8068 0
34561721111111 11586 0
34562171321111 9762 0
34562171321231 10114 0
34562172232313 10581 0
34567212223232 8647 0
34617252111212 11935 0
34617252123212 12565 0
34617252132212 12635 0
34617522221333 13373 0
34621572132131 11270 0
34625172111212 13037 0
34627512232313 8838 0
34651271123111 8587 0
34651272332132 12223 0
34675212222122 21337 0
34715262221123 15641 0
34716522223211 16505 0
34721652121313 9829 0
34721652131213 9274 0
34721652221222 9214 0
34721652222212 11722 0
34721653333313 8978 0
34725611212211 15539 0
34725612111113 7883 0
34725612121322 16824 0
34725612231212 13440 0
34725612231332 14530 0
34725612322232 8990 0
34725612331322 14469 0
34725613111112 10077 0
34725613111133 14859 0
34725613132223 14306 0
34725613311113 14871 0
34761252323222 8548 0
35126741232212 15923 0
35126742231233 16063 0
35127462331331 17945 0
35162472122231 14479 0
35162472123233 12058 0
35162473122221 13727 0
35162473323131 13305 0
35162473332122 11352 0
35162473332131 13376 0
35162742213323 13746 0
35167242132212 18592 0
35172461232323 14328 0
35174262213131 15673 0
35174262231113 16806 0
35246171111111 15728 0
35246171113322 15255 0
35246172213311 15580 0
35267141223233 10852 0
35267141321132 17773 0
35271461322233 14127 0
35416721113112 9984 0
35416723232213 9926 0
35417622223133 12255 0
35426712131132 14455 0
35426712311312 13552 0
35426713111313 11751 0
35426713131113 10686 0
35426713312211 9147 0
35461271111231 10702 0
35461271321231 9794 0
35461272222323 16108 0
35462171131313 11422 0
35462171212121 11567 0
35462171221223 11660 0
35462171332331 13815 0
35462172213311 7974 0
35462172223331 12186 0
35462172312131 13654 0
35462173123211 13306 0
35462173131311 11914 0
35462173221221 12352 0
35462712322322 16598 0
35472163222313 8693 0
35472163231322 14470 0
35476122221111 11534 0
35614722321233 11414 0
35617423131332 13506 0
35624712121232 10330 0
35624712321212 10777 0
35624712321332 10570 0
35624712331232 10299 0
35714623111322 23848 0
35721642221213 23777 0
35762142222113 15992 0
36125471111333 16370 0
36125471212112 16849 0
36125471213111 8092 0
36125471222111 15353 0
36125471312111 11070 0
36125472111311 8937 0
36125472121223 12895 0
36125473111211 9073 0
36125473232222 14511 0
36125473323233 16494 0
36125743222331 18363 0
36127451333222 14455 0
36145272122222 9037 0
36145272131213 9229 0
36145272131312 9616 0
36145273333313 9495 0
36147251121311 9198 0
36147251131211 9808 0
36147251211131 9995 0
36147251311121 9781 0
36147252111113 9963 0
36147253111112 9685 0
36152741231312 15093 0
36152742131321 19600 0
36172452133133 14820 0
36217452131333 20408 0
36217541223311 10082 0
36217543213112 13019 0
36241573212332 11759 0
36241753212311 8177 0
36415272123212 23875 0
36417522123311 15006 0
36514272212111 16957 0
36521472113321 14834 0
36521472331121 15334 0
36527411131133 15110 0
36527412111113 8989 0
36527412131222 12903 0
36527412211322 13739 0
36527412221312 12800 0
36527412231122 13810 0
36527412322232 8019 0
36527413111112 9530 0
36527413311311 14605 0
36541272323222 9106 0
36542712121322 14532 0
36547212121313 11292 0
36547212122222 8594 0
36547212131312 8451 0
36547212221222 9454 0
36547213331333 11624 0
36712542121112 10277 0
36712542121121 10303 0
36712542121211 10543 0
36712542122111 10754 0
36714252232223 8458 0
36714521232113 9270 0
36714522121322 14362 0
36714522122213 13457 0
36714523132223 11737 0
36714523132322 11849 0
36721451131331 15736 0
36721452121322 12774 0
36721452122123 13788 0
36721452122213 12887 0
36721452122321 13715 0
36721452131111 9651 0
36721452223232 7921 0
36721453113113 17156 0
36721453121111 9111 0
36725411121212 11418 0
36725411131313 11528 0
36725411212121 12434 0
36725411313131 11432 0
36725412111212 12182 0
36725412121112 11275 0
36725412121211 12298 0
36725412121232 11574 0
36725412123212 12593 0
36725412321212 12639 0
36725413111313 13546 0
36725413131113 12265 0
36725413131311 14338 0
36741252122123 14376 0
36741252122321 13999 0
36741252122333 14160 0
36741252123323 13934 0
36741253233131 9845 0
36745211211221 14782 0
36745212121223 13338 0
36745212122312 16732 0
36745212122333 14440 0
36745212123323 14516 0
36745212131111 10199 0
36745212223232 8892 0
36745213121111 8005 0
36745213131131 14988 0
36745213133111 14973 0
36745213232213 14427 0
36751243222322 8753 0
36752142122132 12666 0
36752142123221 14629 0
36752143132232 11678 0
36752143133222 12404 0
36752143211132 10133 0
36754123232222 14128 0
37246511112233 15015 0
37256142321233 11357 0
37415622333221 12462 0
37426513132313 14151 0
37452162323312 10778 0
37516422333311 14036 0
37561241311112 8506 0
37612453122233 14886 0
37612542221111 12831 0
37614252221123 13308 0
37614521111111 13965 0
37614521323232 11465 0
37614522111221 11742 0
37614522113321 13629 0
37614522313322 14946 0
37614522323312 11951 0
37614523232213 12150 0
37615421113322 9980 0
37615422211133 7443 0
37615422223133 7596 0
37615422313121 19982 0
37615422313331 21020 0
37615423121132 15829 0
37624152311213 16416 0
37624511232233 10153 0
37624512121322 14513 0
37624512231212 12550 0
37624513131323 12498 0
37624513231313 11769 0
37641252222323 16808 0
37642152213311 8129 0
37642513122221 18802 0
37645122312221 13747 0
37651242211133 12428 0
37651422312311 13854 0
37652141113232 7938 0
37652143231322 13823 0
37654212311222 16085 0
41236753232321 11110 0
41237561313131 17002 0
41263751312222 17657 0
41325671212211 12900 0
41325762313223 19115 0
41325763131233 12655 0
41352671212112 10115 0
41352671212121 10428 0
41352671222111 11131 0
41357622313112 10524 0
41367253111133 11338 0
41532672313211 15517 0
41532761233133 15727 0
41563273113311 11778 0
41576322212222 13542 0
41625372313211 13293 0
41625373121213 12758 0
41625731222231 14036 0
41635721212121 17852 0
41657321222312 18105 0
41673252212222 18655 0
41673521111111 8604 0
41723562313211 14029 0
41725361232113 6758 0
41725361321213 13991 0
41725362221213 14031 0
41725362313211 8472 0
41725362313223 8775 0
41725363121222 12408 0
41725363121231 12452 0
41725631111111 9134 0
41725631211122 11747 0
41725632322331 18567 0
41725633111133 10762 0
41725633121123 13511 0
41725633211111 14440 0
41726352313322 8894 0
41726532312233 14228 0
41735261323313 17902 0
41735262312233 13226 0
41735263123223 14925 0
41735621233232 13325 0
41735622313322 13805 0
41736521233232 14378 0
41736522332231 8818 0
41752631222123 12401 0
41752632311123 11181 0
41752632312323 9900 0
41752632313211 26062 0
41756231321213 16235 0
41756233121231 16214 0
41762532221333 16715 0
41762533123331 15574 0
41765231233232 13098 0
41765322221312 17772 0
41765322313211 22305 0
41765323122212 13231 0
42136752131312 17969 0
42137561123333 17683 0
42137653122131 11865 0
42137653132121 14134 0
42157633231322 12042 0
42163751121212 23575 0
42165373223123 10407 0
42167532131333 17119 0
42315673112111 9526 0
42351671212211 12342 0
42351763231133 16070 0
42367153111121 13409 0
42367153211123 12803 0
42516372233111 10041 0
42561733323122 13604 0
42573612323231 7563 0
42573613322231 10874 0
42613572313211 14069 0
42615371313332 12376 0
42615372213311 8808 0
42615372221213 13782 0
42615372313211 9164 0
42651372213311 16069 0
42651733311122 11690 0
42673512232133 11462 0
42751632321233 17001 0
42751632323231 10421 0
43126572133313 14862 0
43167251232212 23175 0
43176252123131 16433 0
43176252311132 20622 0
43216573132121 11630 0
43216573132223 10079 0
43216573212311 12046 0
43216573212332 15514 0
43512671313332 16715 0
43527612312323 8194 0
43561271111111 9711 0
43571262122222 17537 0
43572161111111 10988 0
43572612312323 9434 0
43576211123222 15582 0
43576212112232 16620 0
43615271333312 12630 0
43615272113321 11578 0
43617521223221 17983 0
43621752213323 14643 0
43651722323132 10535 0
43675122222122 13578 0
43675211221331 13203 0
43721653231313 13543 0
43751623123313 15304 0
43765212222122 15551 0
45167323322231 13562 0
45176231131313 10209 0
45176231133113 11721 0
45176231331113 10439 0
45176233131113 10300 0
45176321131133 11788 0
45213672221123 15969 0
45273162222122 16881 0
45276131131133 11844 0
45312671222312 11814 0
45312672223331 11963 0
45312672233321 8965 0
45312672313211 24168 0
45312673132313 19324 0
45312673222112 11897 0
45312673231313 19319 0
45312761113211 11646 0
45312761133311 10177 0
45312762221111 15534 0
45312762311111 12070 0
45321671212211 12651 0
45321671221121 9562 0
45321673113311 11042 0
45327612222323 11781 0
45362712122222 17879 0
45367122223133 10752 0
45367211111132 11433 0
45367211211122 9525 0
45367213111133 10484 0
45376121131133 11640 0
45376121331311 13486 0
45376211333123 12677 0
45376213131323 19546 0
45376213333322 13415 0
45612371133221 19173 0
45612372331121 24010 0
45612373112231 19813 0
45612373132121 11965 0
45612373132223 12292 0
45612373322111 18340 0
45612373332122 11838 0
45612373332221 12725 0
45613271331221 12172 0
45613272233111 14367 0
45621373123331 12143 0
45621373211111 15928 0
45621732212123 17840 0
45621732233333 15836 0
45623712332123 11198 0
45623713322321 9798 0
45637123132121 12311 0
45637123332122 14733 0
45671231132231 10944 0
45671233112132 11078 0
45673212212132 17205 0
45673213211222 16077 0
45713623223132 13963 0
45721363321313 15307 0
45721363322231 17597 0
45732612233321 14888 0
45736121122211 10897 0
46123571111111 10570 0
46123573232123 13415 0
46125731333123 18849 0
46127351131313 12318 0
46127352131333 12501 0
46127353131323 12740 0
46135272133313 13112 0
46153273131131 11846 0
46157233333232 8633 0
46157321331233 12275 0
46215372121223 12775 0
46215372313211 19014 0
46257132211133 10640 0
46257313312211 14147 0
46273512122312 15426 0
46273513221212 17567 0
46275311123222 12530 0
46275312112232 14151 0
46275312132212 13892 0
46275312232133 7268 0
46275312313211 8680 0
46275313121222 12360 0
46275313312211 8588 0
46321752111131 10688 0
46352171211233 10358 0
46352172113231 10242 0
46372511221331 12822 0
46375211211332 20541 0
46375212113111 13220 0
46375212132131 12722 0
46375212132221 14392 0
46375212332222 14379 0
46375213112111 14594 0
46375213123121 13248 0
46375213333121 12888 0
46512371331221 13663 0
46512372113321 13779 0
46513272332111 13273 0
46513273113221 8674 0
46523711331332 20510 0
46527133111121 11122 0
46572311223122 14993 0
46572312132122 12680 0
46721533123313 17841 0
47123562232133 11500 0
47123651233232 11542 0
47126351233232 12363 0
47126532133133 20432 0
47132562311111 7673 0
47132563222331 11385 0
47132652233321 8193 0
47135622132332 13080 0
47136252133112 15351 0
47152361233232 11731 0
47152631322131 16783 0
47156231332313 12921 0
47156233211132 9117 0
47156233223312 14738 0
47156233233113 13770 0
47156233322312 12192 0
47156321111111 9167 0
47156321133311 12456 0
47156322132311 13192 0
47156322313232 14765 0
47156322332132 11418 0
47156322332312 14032 0
47156323223123 11948 0
47162351322122 12635 0
47163522131222 17723 0
47165321232113 7222 0
47165321322131 12114 0
47165322132212 13677 0
47165322133112 12550 0
47165322232133 6838 0
47165322313211 9291 0
47216352131333 15632 0
47251363131113 16977 0
47251632131312 17578 0
47256133212311 7573 0
47256133321232 11283 0
47265312122222 12982 0
47265312131312 13415 0
47265312313211 13127 0
47321651311133 10527 0
47352612123131 15350 0
47352612311132 15676 0
47352612313211 15836 0
47512632312323 16235 0
47621532232331 10186 0
47621533231121 12098 0
47632152233321 12496 0
47632153212311 8529 0
47632153232321 8118 0
47632513212332 11376 0
47652132231323 11704 0
47653213211231 21280 0
47653213232111 10035 0
51264731113322 16412 0
51264732213311 20598 0
51267342312233 18563 0
51324671211122 9511 0
51324672212111 12319 0
51324673113311 15704 0
51324761111123 13879 0
51324763113332 13677 0
51342672212111 13155 0
51342763312223 10069 0
51367241211113 8960 0
51423671221331 13720 0
51426731111111 16257 0
51426733312211 15539 0
51472361131313 13630 0
51472633331312 14167 0
51623471321111 10062 0
51623743313321 19999 0
51624731312123 15367 0
51624733323113 15142 0
51632741323232 9216 0
51642371122313 16069 0
51642731113322 8129 0
51647231113232 7959 0
51723643131311 17082 0
51724362122222 13371 0
51724363121213 13002 0
51726433123313 14726 0
51732643121213 17891 0
51742632323231 11075 0
51742632323333 10947 0
52134761232113 16331 0
52147631121311 8940 0
52147631131211 9040 0
52147631211131 8869 0
52147631311121 9314 0
52147632111113 11215 0
52147633111112 8679 0
52163471112122 15741 0
52163471213111 10849 0
52163471312111 10894 0
52163471333123 14352 0
52163472111311 10128 0
52163472131222 16677 0
52163473111211 8146 0
52163473111331 14726 0
52163473221323 15448 0
52163473323332 16679 0
52167342121232 13420 0
52167432121313 11363 0
52167432122222 11234 0
52167432131213 10956 0
52167433133333 8661 0
52167433331333 10801 0
52174633223123 11150 0
52314673311311 11644 0
52314761322122 16740 0
52341671111111 21345 0
52341671122211 14074 0
52341671311313 15829 0
52341672211112 17118 0
52341672232313 15528 0
52341672323222 8841 0
52341672323312 20262 0
52341673133111 15306 0
52341673232213 15501 0
52341673232333 8082 0
52341673323212 17060 0
52361472121313 10804 0
52361472131312 9331 0
52367142211121 11329 0
52367412322232 8834 0
52374161112323 15532 0
52376413222223 10691 0
52463173212332 15578 0
52463713212332 11866 0
52471631223113 13358 0
52471631323112 13167 0
52614372313211 8902 0
52641733212311 8136 0
52641733232321 10173 0
52673413232123 13531 0
52713461232323 8074 0
52714361232113 9316 0
52714633213223 11861 0
52714633223123 10180 0
52731641233112 16461 0
52731641323112 11672 0
52736141322233 8034 0
52741362313211 10894 0
52741362313223 7584 0
52741632122333 9323 0
52741632123323 8871 0
52741632212213 8983 0
52741632212231 8717 0
52741632232211 8647 0
52741633221233 8755 0
52741633313312 8251 0
52741633313321 9267 0
52741633321223 9942 0
52741633323311 8404 0
52743611111213 9069 0
52743611111312 11625 0
52743611112131 9960 0
52743611113121 11587 0
52743612131111 11275 0
52743613121111 9546 0
52761431111213 9719 0
52761431111312 9111 0
52761431112131 9679 0
52761431113121 9893 0
52761432131111 9661 0
52761433121111 9940 0
52763143222331 16719 0
52763411222312 13896 0
52763411333123 9750 0
52763413222112 14279 0
52763413223312 14060 0
52763413322312 13832 0
53126471231231 12604 0
53126471231321 11861 0
53126471321321 15044 0
53146272123233 11061 0
53147262123131 13626 0
53162743312223 8472 0
53274163211222 15751 0
53421671321111 8895 0
53421671321231 8191 0
53426171112233 7760 0
53462711113322 8962 0
53467211321111 11686 0
53476121323112 13758 0
53476121323322 13230 0
53614721212121 14411 0
53621471331221 11672 0
53642171111111 16209 0
53672142221213 23043 0
53714622233111 17722 0
53721463223312 20534 0
53724612121112 14631 0
53726143333121 12717 0
53741621323112 13130 0
53741621332112 13762 0
53742612323333 12006 0
53761242121211 11911 0
53761242221213 12782 0
53761242321212 11878 0
53762143222331 13432 0
53762413322123 8439 0
54123673233323 10393 0
54126371331221 12011 0
54127632131213 10446 0
54127632222212 11457 0
54127633131212 9368 0
54127633133333 10291 0
54127633333313 9311 0
54163271133221 17262 0
54163272233111 16371 0
54167231121113 9416 0
54167231131112 9275 0
54167231221211 15990 0
54167231333213 14127 0
54167232112112 15633 0
54167232133313 15822 0
54167232333113 13679 0
54167233232333 9868 0
54167233331213 13287 0
54172633132313 13562 0
54217362233213 17633 0
54217632132212 23474 0
54231671123111 13528 0
54231673123121 12786 0
54261373123121 11321 0
54261732231233 23153 0
54276132233312 15436 0
54312671131331 8588 0
54312672212111 11483 0
54312673311311 14246 0
54317261113112 9810 0
54317621111222 17177 0
54321672212213 9805 0
54321672212231 9335 0
54321672232211 14181 0
54321673313312 9282 0
54321673313321 10525 0
54321673323311 10717 0
54321761211221 8555 0
54321763113113 13152 0
54326171111231 10263 0
54326171112233 9993 0
54326171321231 8221 0
54326711112212 17054 0
54327612223232 9133 0
54361272223232 9485 0
54362171113133 12248 0
54362711111231 10458 0
54362711323112 13331 0
54367121112212 14803 0
54367121113211 11880 0
54367121113331 15562 0
54367122211121 12858 0
54367122311111 12180 0
54367123311113 10451 0
54367211132222 9001 0
54367211213333 11587 0
54367211222132 8632 0
54367211333213 8913 0
54367212211322 9461 0
54367212231122 9576 0
54367212233213 8885 0
54367212332213 9006 0
54367212333113 8763 0
54367213112222 9669 0
54367213312133 8904 0
54371261113331 11877 0
54371621113112 10502 0
54371621113322 9577 0
54376121322233 9028 0
54376211111132 11621 0
54376211111222 11622 0
54376211113133 13261 0
54612371112311 14556 0
54612372222131 12351 0
54612732112223 15568 0
54612733322213 15340 0
54621371133311 10435 0
54621372211121 9264 0
54637211132111 8600 0
54671232221213 18392 0
54712361323313 16641 0
54712362223322 15467 0
54716232222113 23511 0
54716321112323 16695 0
54716322313223 16067 0
54721631111111 14696 0
54721631122121 15262 0
54721631311133 13828 0
54721632133232 15678 0
54721632212222 15043 0
54721632212231 14160 0
54721633231322 14889 0
54721633313321 14596 0
54721633333331 12954 0
54723612131312 11162 0
54723612221222 8621 0
54723612222212 9471 0
54723613121312 8475 0
54723613333313 11724 0
54761233322321 15255 0
54763212322232 8664 0
56123471222312 9009 0
56123471223221 9319 0
56123471331332 11364 0
56123471333123 8671 0
56123472322121 9640 0
56123472331331 10865 0
56123473133132 9233 0
56123473133231 9145 0
56123473222112 8113 0
56123473223312 7956 0
56123473322312 8346 0
56124371111231 11860 0
56124371232323 13423 0
56127433332323 9771 0
56132472333332 10895 0
56132473211111 8322 0
56132473213211 10270 0
56143273332323 11940 0
56147231222132 9757 0
56147231333213 9750 0
56147232233213 14250 0
56147232332213 9753 0
56147232333113 10167 0
56147322333233 11505 0
56173421113112 11109 0
56174232323333 8681 0
56174321232113 8003 0
56213471111111 10658 0
56213743313333 14764 0
56243173133111 10641 0
56243713121333 13449 0
56247132333233 11520 0
56271433111313 13145 0
56271433123313 12994 0
56271433132313 13841 0
56274132331133 12264 0
56274312313211 8795 0
56321473233323 8718 0
56321742211112 14069 0
56324171221331 12067 0
56327411211332 15002 0
56327413213112 14725 0
56341273121213 11630 0
56341273131212 9399 0
56347122333233 12295 0
56347211213111 11010 0
56347211222132 13451 0
56347211312111 14080 0
56347211331131 14808 0
56347212111221 17030 0
56347212111311 8174 0
56347212123233 15974 0
56347212232223 15700 0
56347213111211 8796 0
56347213131332 15116 0
56423171231231 11960 0
56423171231321 11149 0
56423171321321 12116 0
56423172112121 10621 0
56423173132121 14387 0
56423173133111 10213 0
56432713122122 14340 0
56712341232113 15216 0
56712343211123 15377 0
56721343123331 14451 0
56721432312233 16476 0
56723411113313 15017 0
56723411121113 9632 0
56723411131112 9084 0
56723411222312 13615 0
56723412122312 12676 0
56723412323222 8048 0
56723413221212 12785 0
56723413222112 13691 0
56723413331111 14595 0
56732143122113 16534 0
56741231121311 9255 0
56741231131211 8905 0
56741231211131 9571 0
56741231311121 9565 0
56741232111113 8822 0
56741233111112 8800 0
56743212122222 9117 0
56743212221222 11841 0
56743213121213 9253 0
56743213121312 9802 0
56743213331333 9097 0
57123461111111 11223 0
57164322131312 13155 0
57214361323232 11091 0
57214632212213 18094 0
57236141113232 12466 0
57236141322233 8514 0
57236141323232 8102 0
57241631322113 14119 0
57241631323112 11764 0
57246131112233 8170 0
57264132111323 15243 0
57321641311112 16455 0
57321642311132 13477 0
57364212213311 9994 0
57364212313211 9864 0
57364213332122 10605 0
57642311113322 15949 0
61234572231323 11551 0
61234573232213 13609 0
61235741313131 14124 0
61257343232123 8587 0
61274351313131 13656 0
61274532231323 11767 0
61352472233321 16053 0
61352472313211 16350 0
61452731311313 11981 0
61453721111111 14199 0
61453721311112 14007 0
61453723111121 15132 0
61472532123332 11351 0
61472533112111 9871 0
61527431111111 11007 0
61534272311132 8923 0
61534721112311 13869 0
61534721113211 13128 0
61543271111111 10403 0
61543271112311 9481 0
61572432312323 7984 0
61734523222331 11520 0
62134572321323 12341 0
62135471122121 12086 0
62135472132131 11654 0
62135473122131 12908 0
62135473123121 12779 0
62135473131131 11972 0
62135473132121 13310 0
62135473232231 18821 0
62135473322321 20602 0
62135743222331 14940 0
62135743312223 20000 0
62147353123121 13266 0
62147353132121 13373 0
62154733321121 10606 0
62157342132212 18197 0
62173543232132 11069 0
62174351122133 14050 0
62174533311212 16644 0
62317453112111 8921 0
62317453312211 8215 0
62351743112123 18401 0
62371453311311 13745 0
62374511322311 11376 0
62374513112321 11487 0
62374513312112 10230 0
62435172211133 8313 0
62435172311132 8165 0
62435711222222 12484 0
62453713311122 13417 0
62471532232133 9672 0
62475131322323 15513 0
62531472321233 12270 0
62543711211113 13665 0
62543711311112 13246 0
62571432321233 11485 0
62735143223213 16122 0
63125741112323 20026 0
63125743131233 12436 0
63125743133312 13988 0
63142571111111 10861 0
63142571132321 23505 0
63142573112123 23413 0
63172452312323 15639 0
63172452313211 16361 0
63174522332132 12085 0
63247511123132 11181 0
63251743133231 17964 0
63452711311313 9946 0
63452712333221 10084 0
63471522123131 15227 0
63471522323132 14222 0
63471522332132 14102 0
63472512123332 10292 0
63512743313333 14314 0
63541271212211 17079 0
63542713121333 17847 0
63574212123131 16040 0
63574212313211 16672 0
63712542221111 11398 0
63714252123131 8850 0
63714521112323 10104 0
63714522332132 9829 0
63721541233322 13623 0
63724153121213 15554 0
63725141112323 9879 0
63725141233121 15814 0
63725142123131 8802 0
63725142223133 8045 0
63725143122113 19956 0
63725143123313 20924 0
63741252222323 11747 0
63741522123131 9696 0
63742511232221 23832 0
63745123122212 12362 0
63751242221321 13491 0
63751423122311 14981 0
63752141111111 11439 0
63752141122211 11847 0
63752141123213 14918 0
63752142332132 12135 0
63752143123223 13529 0
63752143212323 13944 0
63752143223123 11726 0
63752411223212 14489 0
63752411333213 18979 0
63752412312323 9246 0
63752412322112 13581 0
63752412333113 19034 0
63754213122122 16621 0
64125371131313 17078 0
64157321133212 16093 0
64231572311132 9799 0
64257131113223 17700 0
64271533221212 13464 0
64275131212223 13804 0
64275131312123 12529 0
64275132211133 8762 0
64275132232133 7851 0
64275133231112 12085 0
64275133312211 9402 0
64275311112332 17744 0
64275311222222 13137 0
64275313312211 22423 0
64321572111131 17180 0
64321572132131 12824 0
64321572311132 13112 0
64325713121222 23750 0
64351272132131 11070 0
64357212313211 10801 0
64357213231322 15990 0
64357213312211 9674 0
64531271212211 14923 0
64531272132131 10358 0
64531273122131 12305 0
64531273123121 12763 0
64531273311311 15679 0
64531273312211 11999 0
64572131122223 15183 0
64713253112111 11714 0
65123471112311 7813 0
65123471233232 16858 0
65123472312311 10324 0
65132471212112 14017 0
65132471222111 13647 0
65132471231321 9479 0
65132471323121 12938 0
65132472131231 17906 0
65132472212231 19546 0
65132472233321 10045 0
65132473111331 13006 0
65132473313312 10920 0
65132473323311 11152 0
65132741223323 9624 0
65132743222331 10104 0
65134721233232 11766 0
65147321232113 12475 0
65172431132333 15245 0
65174232123131 7920 0
65174232133313 12603 0
65174232323312 12554 0
65174233323212 12824 0
65174233331213 13072 0
65174322313211 9976 0
65174323223123 11370 0
65213741111111 10508 0
65241371111111 12233 0
65243712121322 15280 0
65271341332331 18081 0
65271432231233 12180 0
65274131111111 14740 0
65274131311313 11394 0
65274131312213 14149 0
65274132123332 11928 0
65274133132223 12585 0
65274133232321 9150 0
65274133312223 13167 0
65314272311132 15833 0
65314272313211 16302 0
65321472111122 11094 0
65417321232113 14125 0
65417323223123 15250 0
65417323232123 14108 0
65423713321322 14883 0
65432173232321 11299 0
65471231132213 16070 0
65714323223123 10396 0
65723143321313 13825 0
65732411333123 14033 0
65742311212313 11615 0
67132541133311 13804 0
67145323133312 15392 0
67154233323332 10359 0
67215343333133 12380 0
67231541323112 14636 0
67231543323122 12290 0
67234513332122 10878 0
67245131313323 14467 0
67245311112311 13923 0
67245311133233 13309 0
67254311131133 14493 0
67254313311113 8787 0
67312452233321 7858 0
67312541121221 8638 0
67312542221111 10018 0
67321451111123 14417 0
67321451112311 11169 0
67321451212211 11971 0
67321451311133 10317 0
67321452111122 10717 0
67321453113311 12136 0
67321542232133 9917 0
67341252222323 15672 0
67342512222113 12366 0
67345122223133 8584 0
67345122232133 8067 0
67345211111123 13486 0
67345211111132 12710 0
67345211112233 20545 0
67345211113322 20247 0
67345211211122 12837 0
67345211311133 12406 0
67345212111122 11757 0
67345213111133 11657 0
67354121111111 11395 0
67354211212121 13914 0
67354211313113 18751 0
67354211333111 18631 0
67354212111221 12772 0
67354212212222 13532 0
67354212311132 7857 0
67354213111313 12447 0
67354213131311 11750 0
67354213211132 12213 0
67354213313333 13189 0
67412353132121 13241 0
67412353332221 13850 0
67412531131133 11745 0
67435121332112 11254 0
67435123123121 11477 0
67452313321232 11413 0
71234563231322 11820 0
71263541333222 21582 0
71263542323123 23370 0
71264533131323 11703 0
71264533221323 10289 0
71264533231223 10188 0
71264533231313 10418 0
71326451211311 11886 0
71326453132121 13309 0
71326543333313 18067 0
71345262132131 14287 0
71362453113311 12036 0
71365423331312 16966 0
71423563213232 12304 0
71423653213232 11389 0
71426353312211 7883 0
71426533333223 15368 0
71432561232323 14641 0
71432561323232 9056 0
71432562111221 11824 0
71432563232213 11298 0
71432563323113 13071 0
71432563323122 12558 0
71432563332113 14128 0
71435261322233 9386 0
71435262222122 11989 0
71435263211123 7447 0
71435263311122 8109 0
71435263333133 12432 0
71435263333223 13777 0
71435623333331 15499 0
71436253333112 18187 0
71452363213232 11673 0
71452632222131 16549 0
71453262222221 13589 0
71453623311122 13304 0
71456321322323 9993 0
71456322111221 11252 0
71462531113322 8030 0
71462532111212 11038 0
71462532121112 12219 0
71462533111223 12724 0
71462533221113 13196 0
71463523331222 15975 0
71523463131311 13040 0
71523463231313 13898 0
71523463331312 12934 0
71532463221332 12383 0
71534262122222 14998 0
71542633132322 11048 0
71543622111131 13286 0
71543623111121 13254 0
71546233331213 13463 0
71546322231212 14146 0
71562433123232 8586 0
71563243221221 18514 0
71625433213133 15670 0
71643252231212 13303 0
71643523331213 18225 0
72134562312212 16665 0
72136541322233 15955 0
72143563222331 12066 0
72143651121113 8703 0
72143651131112 11247 0
72143651213111 9200 0
72143651312111 8755 0
72143652111311 8821 0
72143653111211 8919 0
72145631233223 14725 0
72145633232231 14854 0
72145633312223 18240 0
72146352232223 11171 0
72163452122222 11552 0
72163453121213 9251 0
72163453131212 10319 0
72163453133333 9403 0
72163453331333 10162 0
72164353131113 13585 0
72165431113331 14917 0
72165432111113 8776 0
72165432111122 20008 0
72165432211112 16886 0
72165432323312 14812 0
72165433111112 8042 0
72165433121333 15168 0
72165433221233 14023 0
72165433233323 9102 0
72165433321223 13473 0
72165433331213 12879 0
72345611111111 21288 0
72345611133113 15979 0
72345611221223 13734 0
72345611222222 13940 0
72345611331332 15767 0
72345612122111 15619 0
72345612331331 13543 0
72345613221221 13566 0
72345613333331 16256 0
72356141112323 16055 0
72356141232113 16552 0
72356143211123 20995 0
72361453232333 10495 0
72361542333233 12034 0
72365412222212 8345 0
72365413121312 9463 0
72365413131212 8916 0
72365413331333 11022 0
72435163333313 18502 0
72513641232323 8116 0
72513641233322 10296 0
72516342313223 8027 0
72531463321232 11427 0
72534163211123 8077 0
72541631111213 9021 0
72541631111312 8918 0
72541631112131 9294 0
72541631113121 8849 0
72541632131111 8579 0
72541633121111 11122 0
72543162311111 11880 0
72543163211111 14015 0
72543611221223 7787 0
72543611223221 8540 0
72543611331332 9914 0
72543611332331 8453 0
72543612331331 8108 0
72543613132232 10056 0
72543613133222 8879 0
72543613221221 8657 0
72543613223312 9309 0
72543613322312 8849 0
72546311323112 11049 0
72546313323212 10839 0
72561342313223 7938 0
72561432213122 9735 0
72561433221233 9739 0
72561433311233 9728 0
72561433321133 10141 0
72561433321223 14231 0
72563411111213 8881 0
72563411111312 9228 0
72563411112131 9546 0
72563411113121 9547 0
72563412131111 8698 0
72563413121111 8725 0
72643513212311 11507 0
72643513212332 11833 0
73125463133132 18865 0
73146522113231 10719 0
73246153312211 16362 0
73456123231322 11647 0
73516243323113 12727 0
73516243332131 13011 0
73541262321212 23596 0
73542163321133 18067 0
73542613132121 11840 0
73542613132322 10294 0
73564213321322 23484 0
73614251112323 8350 0
73615241112323 10348 0
73615241113322 8772 0
73615242223133 8383 0
73615243123313 12375 0
73615243213313 21023 0
73615243331312 12510 0
73615243332311 21050 0
73615421113322 20124 0
73615423213211 12463 0
73615423333331 13872 0
73624513121132 19479 0
73624513332131 15123 0
73625141112323 8321 0
73625143121213 12493 0
73625143333313 12968 0
73625412222323 18460 0
73642511111111 8056 0
73642511113232 12349 0
73642511113322 9606 0
73642513223222 15684 0
73645121113211 20100 0
73645122222311 14968 0
73645211223113 11071 0
73645211231111 13269 0
73645211321111 9111 0
73645211332112 12432 0
73645213112231 18933 0
73645213333112 13987 0
73651241113322 13924 0
73652413211312 16156 0
73652413331321 16019 0
73654122111122 9646 0
73654122221111 9987 0
73654211111132 13841 0
74123563323221 8730 0
74123652322121 9638 0
74123653132232 14129 0
74123653133132 10038 0
74123653133222 9635 0
74123653133231 9631 0
74125631313311 14659 0
74125632121121 17013 0
74125632122111 20132 0
74125632131111 8164 0
74125632321332 14798 0
74125633121111 8892 0
74125633131233 12779 0
74125633132232 13376 0
74125633133222 13936 0
74125633133312 15065 0
74125633332323 9077 0
74126352333122 8701 0
74132561321231 9129 0
74132562121121 14623 0
74132562122111 12077 0
74132563131221 13791 0
74132563132112 12937 0
74136522322121 10235 0
74152363132232 10327 0
74152363133132 10089 0
74152363133222 11607 0
74152363133231 10186 0
74156322122123 12456 0
74156322122321 11873 0
74156322313223 8015 0
74156323132331 13173 0
74156323133123 12706 0
74163251121122 16105 0
74163252112211 15604 0
74163252131111 9441 0
74163253121111 9299 0
74163253131332 15843 0
74163253133132 13562 0
74163253133213 13309 0
74163253133231 14008 0
74163253332323 9965 0
74165231121212 13555 0
74165231131313 12161 0
74165231212121 11744 0
74165231313131 11938 0
74165232111212 12431 0
74165232121112 12351 0
74165232121211 12382 0
74165233111313 11890 0
74165233131113 11883 0
74165233131311 11813 0
74165233131323 12451 0
74165233132313 12298 0
74165233231313 12273 0
74213652323132 13508 0
74251633111313 17244 0
74256311321222 15694 0
74256313111232 16839 0
74265312333233 13212 0
74312652333332 10951 0
74321563311131 11731 0
74321653233323 12032 0
74325163131323 13210 0
74325612221222 9137 0
74325613121312 9638 0
74325613131212 9251 0
74325613133333 9517 0
74361253112132 18108 0
74361253211231 14908 0
74365211121221 16437 0
74365211213111 8375 0
74365211312111 11631 0
74365211313113 14938 0
74365211333111 15055 0
74365212111311 9466 0
74365212222323 15181 0
74365212333332 14482 0
74365213111211 9223 0
74365213121333 15944 0
74512361322233 20508 0
74512362313223 16317 0
74513263121222 23055 0
74521632222212 11359 0
74521633121213 10856 0
74521633121312 11484 0
74521633133333 10772 0
74521633333313 8640 0
74523611121113 9561 0
74523611131112 9851 0
74523611213111 9800 0
74523611312111 10014 0
74523612111311 9226 0
74523613111211 9831 0
74532163123223 15368 0
74561231111222 14679 0
74561232111113 9175 0
74561232221111 16287 0
74561233111112 9324 0
74561233131233 13195 0
74561233233323 9987 0
74561233311233 14105 0
74561233321133 13654 0
74561233321313 15722 0
74563211232332 15133 0
74653213133222 18690 0
75132463233233 20527 0
75143263231313 17216 0
75146321323331 16676 0
75213642223133 10727 0
75231463211123 13071 0
75234161322233 7697 0
75234162221111 11399 0
75236143213232 11683 0
75241632222323 11947 0
75243162211322 17702 0
75243611113232 10398 0
75243613213232 16981 0
75246131333312 16756 0
75246311111111 10245 0
75246313212311 11090 0
75246313312211 9878 0
75246313332332 12382 0
75261432123233 8751 0
75264132121232 14716 0
75264132223331 9015 0
75264132321212 12170 0
75264133121333 13672 0
75264133331213 12821 0
75264311223122 16198 0
75264313231112 16139 0
75312463333133 14889 0
75314621133221 9678 0
75314621313212 17868 0
75314623113122 11947 0
75316241231231 11984 0
75321461311112 10597 0
75321463132121 13298 0
75346122133133 12222 0
75346211133122 20205 0
75346211211311 15231 0
75346211311211 14284 0
75346212323333 12381 0
75346213112132 19722 0
75346213132121 11703 0
75346213132322 11734 0
75346213332122 12271 0
75412631223332 9573 0
75416323232213 12103 0
75431263133213 17598 0
75462132123212 10333 0
75613243131332 12544 0
75613243133213 13584 0
75634123323122 13900 0
75641323232111 11674 0
75642132213311 16048 0
76123453233323 9868 0
76125343333133 15571 0
76143252131312 11463 0
76143252221222 11327 0
76143253131212 10980 0
76143253331333 8540 0
76143253333313 10674 0
76145231121113 8137 0
76145231122112 16984 0
76145231131112 8875 0
76145231221112 20108 0
76145231311331 15558 0
76145232123332 14699 0
76145232233213 13495 0
76145232331313 15191 0
76145232332213 14051 0
76145233133213 12900 0
76145233232333 8985 0
76154323333112 15348 0
76213543213133 17745 0
76213543311332 15738 0
76215341231231 14014 0
76215433333133 18750 0
76231451123111 11245 0
76245311121131 14558 0
76245311131121 9033 0
76245311213312 18465 0
76245312132131 11869 0
76245313122122 13421 0
76245313123121 10881 0
76253141123132 10391 0
76253141211332 9910 0
76253413322312 17964 0
76254133311323 20545 0
76254313211111 14345 0
76312452212111 15068 0
76312453211111 11884 0
76312453311311 12623 0
76312542321212 11435 0
76312542322121 14799 0
76312543322222 13413 0
76315241112113 14409 0
76315241113112 9393 0
76315241223113 12166 0
76315241322122 13030 0
76315241323313 13783 0
76315241332112 12268 0
76315243211231 21682 0
76315243323323 14583 0
76321452122123 8066 0
76321452122321 8663 0
76321452122333 8788 0
76321452123323 10580 0
76321452212231 9200 0
76321452213122 9664 0
76321453233131 9434 0
76321453311233 9164 0
76321453313312 10736 0
76321453321133 9252 0
76321453323311 11247 0
76321542211112 11050 0
76321543211111 14189 0
76321543311131 9828 0
76324151112233 8345 0
76324151112323 10300 0
76324153323122 10779 0
76325411111213 9095 0
76325411111312 8959 0
76325411112131 8111 0
76325411113121 11099 0
76325411122121 16878 0
76325411331311 17127 0
76325412112121 15378 0
76325412231212 12997 0
76325412333233 15514 0
76325413222223 14532 0
76341251111213 8168 0
76341251111312 10152 0
76341251112131 10873 0
76341251113121 10916 0
76341251221121 16478 0
76341251311313 14740 0
76341252232313 15472 0
76341252323333 16560 0
76341253221212 16559 0
76341253233131 14449 0
76342511111231 8960 0
76342511111321 13914 0
76342511323112 12195 0
76342512232223 11013 0
76342513213112 20096 0
76342513322111 22322 0
76342513323122 11657 0
76342513323212 11667 0
76345122211112 12179 0
76345122211121 12796 0
76345122213311 20625 0
76345122311111 12783 0
76345123211111 13335 0
76345123311113 11679 0
76345123311131 12071 0
76345123312211 18852 0
76351421112323 10346 0
76351421113322 7834 0
76351423321232 16876 0
76354121121212 14115 0
76354121122121 10955 0
76354121311313 10916 0
76354121313131 13114 0
76354122111212 13742 0
76354122112121 12704 0
76354122212222 12822 0
76354123211123 10065 0
76354123211132 9359 0
76354123313333 17789 0
76354212213323 13820 0
76354212312233 13328 0
76354212313322 14500 0
76354212333332 12154 0
76354213222223 11376 0
76354213312223 13474 0
76421351131121 11132 0
76512343213313 15483 0
76512343332311 15112 0
76514321112323 16384 0
76514321232113 15652 0
76521433232333 9890 0
76523413223231 17168 0
76524313331222 14845 0
76541232131213 9343 0
76541232221222 11576 0
76541233121213 10415 0
76541233331333 9428 0
76541233333313 10263 0
76543211111111 14675 0
76543211212112 15238 0
76543211223221 14068 0
76543211332331 14501 0
76543211333333 13075 0
76543212132323 15305 0
76543212222221 14943 0
76543212323213 15702 0
76543213113131 13814 0
