12346571111231 2793489 0
12345761111111 3764227 0
12345672123212 5384022 0
12345673131323 5456603 0
12345672321212 5651071 0
12345672121232 5613950 0
12345673231313 6275387 0
12345673132313 6459104 0
12346751113133 3885504 0
12347561112212 3559224 0
12347652111221 2997221 0
12347651133311 3325071 0
12347652123233 3544276 0
12347651122112 3649053 0
12347652123332 4369246 0
12347651111111 5889209 0
12347652223232 3306711 0
12347653111133 3528351 0
12347653132223 3019498 0
12347653132322 2951067 0
12347653332323 3325395 0
12354671111111 4157426 0
12354761112323 5505960 0
12354762121112 3920684 0
12354762311123 3204706 0
12354762121211 4261397 0
12354763133111 3242923 0
12356471113133 3432641 0
12354763131131 3569467 0
12354763211123 3798285 0
12356741133131 4669211 0
12357461111222 3762141 0
12356741313131 4858421 0
12356743113131 4888941 0
12357641113331 3510115 0
12357462211112 3728551 0
12357461113331 3619567 0
12364571112212 3914669 0
12364751112212 3355424 0
12364753311131 3386945 0
12364751113133 3528941 0
12365471111111 4147503 0
12365471313113 2915209 0
12365472223232 3261199 0
12365471211122 3518363 0
12365472321233 3766741 0
12365473232312 2965767 0
12365473332323 2975594 0
12365741113331 3549809 0
12367451123333 5250833 0
12367451132222 4789695 0
12367451213333 5097222 0
12367452113333 5632220 0
12367451312222 6228454 0
12367541112212 4391410 0
12367541331131 3221602 0
12367541113331 5031607 0
12367453112222 5080714 0
12374561211212 4796437 0
12374561121212 4868811 0
12374651111222 3935240 0
12374562111212 5691437 0
12375461111222 3798141 0
12375641113112 3594095 0
12376451111222 4000146 0
12376451113133 3819452 0
12376451221211 3296062 0
12376541322233 3270920 0
12376541112323 3979274 0
12376541232233 4718149 0
12376543133231 2919531 0
12376543133132 2936743 0
12376542121232 3637994 0
12376542123212 3355122 0
12456731233223 3158850 0
12456733223321 3179401 0
12463751231231 3366886 0
12456731132321 5322450 0
12467351231321 2910692 0
12467351131121 3360859 0
12473561132123 3199929 0
12536741112323 3436247 0
12537461332112 3215599 0
12543671211212 3331164 0
12543671111111 4263244 0
12543671331113 3055492 0
12543672331232 2962265 0
12543672121121 3119644 0
12543672322232 3124280 0
12543672321332 3224630 0
12543673231223 3055051 0
12543673111331 3045060 0
12543673221323 3191489 0
12564733323122 3055390 0
12546371221331 3190824 0
12563473131212 3715642 0
12563472131213 3963539 0
12543673233323 3879872 0
12567433232333 3165256 0
12637451132111 3748488 0
12576343212221 3911494 0
12637451332112 2814099 0
12643571321321 3101476 0
12734561112323 3417237 0
12645371131121 3474643 0
12673542331133 4293142 0
12734561322233 3019224 0
12734562313223 2894564 0
12745632222221 3190091 0
12745632111122 3326026 0
12745633131131 3557084 0
12745632232211 3793250 0
12745632212213 3924843 0
12745631111111 10105160 0
12745633313312 3113859 0
12745633313333 3315571 0
12745633323311 3154048 0
12763452322232 3209097 0
12765432121313 3615364 0
12753462231323 3560904 0
12765432222212 5471366 0
13245671321111 3623817 0
12765433331333 3746503 0
12765433121213 4101301 0
13246571112233 3082162 0
13246572321332 3618641 0
13246571111111 4562505 0
13246571113232 4775288 0
13246572331232 3268985 0
13246573221233 3381556 0
13246573321223 3446731 0
13246752133211 4208453 0
13247563212131 3750808 0
13254761322233 3565632 0
13254761323322 3064633 0
13254763323122 3626795 0
13254762321233 4232715 0
13257641112233 3116568 0
13265742131312 4395479 0
13265741112323 5135179 0
13267451311133 3203806 0
13267541232212 3730013 0
13267451122211 3819738 0
13267541111132 4087568 0
13274651112323 4531698 0
13275463213211 3390215 0
13275461112233 3428904 0
13275641112233 4147284 0
13275642131333 3910952 0
13275643212221 4187518 0
13276451113211 4505879 0
13275641112323 5143110 0
13276451233133 4483358 0
13276541321123 3331931 0
13276541133122 3321070 0
13276541213312 4463574 0
13276541323112 2803827 0
13276541323322 2925382 0
13276543323122 3227736 0
13276542323312 3336872 0
13276541322311 4290847 0
13462572213311 2993645 0
13462571111111 3589388 0
13527461211113 3572822 0
13542671231231 2862711 0
13546271213213 3199711 0
13546271321321 3547002 0
13546271231231 4128446 0
13572641122133 4545093 0
13627451332112 3178196 0
13576241321321 3569647 0
13576241312213 4437393 0
13645271221331 2967328 0
13647521111111 3461031 0
13642571221223 4235784 0
13642571223221 4227625 0
13642573221221 4792380 0
13675242331313 3420826 0
13725642332132 3516526 0
13675241112323 3795911 0
13764251211311 2725709 0
13762451321321 2973942 0
13764252323231 3154481 0
13765422121211 4230337 0
13754262123323 6796143 0
14267351321321 3229084 0
14263751131121 3183054 0
14275633323122 3433439 0
14325672112121 3116316 0
14325672231323 3224033 0
14325672323222 3146712 0
14325673123232 3217112 0
14325673232333 3019683 0
14327652131213 3510060 0
14325673311131 3659878 0
14352672212111 3359830 0
14356721112323 3485318 0
14325671111111 11734050 0
14327653121213 3734798 0
14356721322233 4082961 0
14367252322232 3230253 0
14523672121313 3610618 0
14367523311113 5683811 0
14527631131211 3219769 0
14527631133311 3109442 0
14527631121311 3342315 0
14523673121312 4355789 0
14527631211131 3518734 0
14527631311121 3469789 0
14527632122213 3501723 0
14527632212111 3559675 0
14527633132322 3251318 0
14527633312133 3349231 0
14536273311311 3750999 0
14527632333332 4191608 0
14563272323222 3049916 0
14537622231323 3309759 0
14567231312213 4437461 0
14567231321123 3797292 0
14625731131121 3590621 0
14625731322233 3237589 0
14573261333111 3617698 0
14625731111111 4507951 0
14625732213323 3197426 0
14625732112121 3399326 0
14625732113321 3789551 0
14625733133111 3170097 0
14632571321132 3267645 0
14625732233111 3518130 0
14652733321331 3537954 0
14632571111111 5525101 0
14723651111213 3191388 0
14723651111312 4058204 0
14673251111111 4398484 0
14723652322121 2740744 0
14723651211212 2937564 0
14723651113121 3082987 0
14723651112131 3216915 0
14723652331232 3377007 0
14723653313111 3179775 0
14723653232222 3068191 0
14723653321313 3894876 0
14725361111123 3186442 0
14725361322332 3422003 0
14725361111111 3648553 0
14725362211121 3960340 0
14725363211213 3092646 0
14725363213121 2997024 0
14725363223213 3153893 0
14725363311113 4032891 0
14726531333312 2916149 0
14726531233313 3132455 0
14726531223122 3512386 0
14726531232122 3516737 0
14726532232313 3619106 0
14735621223113 2920677 0
14735621221112 3162623 0
14726533323122 3065668 0
14735621332112 2868699 0
14735621333111 3057590 0
14735621323112 3701990 0
14735621233112 3890118 0
14735621223332 4621963 0
14735621333222 2867352 0
14736251112332 3153165 0
14736251111132 3424802 0
14736253222223 3193307 0
14736521211212 3270552 0
14736521133131 3411465 0
14736521132222 3461331 0
14736521213333 3351658 0
14736521322233 3127147 0
14736521221313 3465057 0
14736521321231 4687092 0
14752363222121 3015069 0
14736523113131 3278588 0
14736523112222 3479853 0
14736521332121 3938289 0
14752363233131 3454737 0
14752631112311 3553902 0
14752363232222 3878800 0
14752631111111 4275438 0
14752632332132 3046739 0
14752631323223 3151051 0
14752633213223 3103103 0
14752633222223 3305934 0
14753261221112 3134642 0
14752633223123 3203297 0
14752633223231 3476590 0
14753261323112 3893979 0
14762351331221 2959021 0
14753261333111 3142154 0
14762351221331 3607735 0
14762351321231 3866135 0
14763251333123 4607244 0
14763251332331 4876134 0
14763251222312 5164649 0
14763251221223 5560664 0
14763253132232 4389951 0
14763252322121 4469749 0
14763253133132 4385271 0
14763253133222 4752063 0
14763521113211 3482507 0
14763253133231 4599947 0
14763253221221 4425970 0
14763253222112 5071431 0
14763523222331 2688353 0
14763521113223 3182611 0
14765231111213 3439120 0
14765231111312 3586585 0
14765231133131 3097577 0
14765231113121 3064604 0
14765231112131 3350202 0
14765232211211 3158133 0
14765232232322 3133268 0
14765233113131 2962519 0
14765232331313 3141452 0
14765233323332 3161509 0
15236473231121 2834482 0
15243671331221 3187654 0
15236471111111 4054968 0
15246371331332 4405389 0
15267431223113 3200692 0
15273641112323 3965687 0
15246371332331 4261957 0
15246372331331 4210426 0
15346271321321 2926551 0
15342671211311 2727751 0
15367421211113 3873878 0
15324673113311 5452602 0
15367421223113 2889848 0
15426371112233 3173054 0
15367423211123 3347146 0
15426371111111 3591227 0
15463271313113 3534172 0
15624732133313 3589968 0
15624732333332 3371992 0
15624732123212 4305225 0
15627431332112 2948317 0
15627431223113 2892528 0
15627431322113 3963780 0
15634722123332 4579689 0
15634722321233 3322723 0
15642372213311 3274047 0
15637423211123 3735881 0
15642372331322 3140206 0
15642372231332 3372902 0
15642373212311 3206499 0
15642373221323 3401786 0
15642371111111 7615631 0
15643271221331 3103186 0
15643271331221 3292202 0
15642373231223 3848285 0
15643273223111 2915824 0
15672341323112 2983081 0
15647233213232 2916514 0
15672342323312 3429191 0
15672341113232 3758087 0
15672343213232 2915735 0
15724362212132 3978199 0
15672433312133 4121857 0
15724631211311 3034984 0
15724632313223 3173847 0
15724631322233 3429716 0
15724631111111 3715117 0
15724632123233 4286499 0
15724633132322 2938897 0
15724632323333 3494096 0
15724632323231 3520437 0
15746321323211 2808615 0
15746322313112 2637331 0
15734622331223 3524334 0
15746321111111 4685282 0
15762342122213 4893588 0
15763242323132 2985287 0
16243571132132 2976385 0
15763241111111 4158211 0
16243571321321 3079812 0
16243571231231 3214344 0
16245371231231 3334362 0
16257431132111 3385825 0
16254733312223 5750638 0
16257433223123 2870706 0
16273541321321 4309656 0
16273541122133 4866435 0
16327453232333 3111024 0
16275343122221 3319075 0
16342571331221 3295891 0
16275341312213 4046991 0
16345271133131 3202396 0
16345272322232 3377247 0
16345271222111 3495147 0
16345271111111 7098161 0
16345272333212 3072961 0
16345273122323 3747989 0
16345273233323 4023780 0
16347252131312 4545070 0
16357421223113 3324921 0
16374521112323 3503091 0
16347253121312 4300740 0
16427531211311 2991896 0
16374523211123 3123094 0
16427531231321 3298839 0
16423572112121 3726970 0
16427532333233 5435923 0
16453272111131 3047238 0
16453271211113 3014012 0
16453271111111 4501394 0
16523473332323 3086821 0
16523741112212 3621682 0
16475233132313 4499252 0
16524731112212 4180857 0
16524731112233 3595026 0
16527341111111 3525796 0
16524731113133 3554077 0
16527431123333 5257500 0
16527432113333 4763412 0
16527431333213 4699275 0
16527431222132 5467594 0
16527432211322 5497817 0
16527431312222 5929041 0
16527432231332 4719066 0
16527432231122 4943127 0
16527432331322 5041635 0
16534271111132 2957108 0
16534271111111 3957138 0
16532471111222 4014404 0
16527432333113 4908614 0
16527433312133 4814905 0
16537421111222 3276395 0
16534273211111 3715069 0
16534723211123 4858364 0
16537421332112 2930789 0
16537421223113 2892673 0
16537421113331 3480094 0
16537421113322 3310200 0
16537421233112 4067093 0
16542371221331 2758560 0
16542371331221 3056573 0
16542372112331 4251736 0
16543271223221 4349745 0
16543272331331 4407041 0
16543271331332 4716069 0
16543271332331 4759893 0
16543271221223 5836767 0
16543721111111 3611434 0
16543721113211 2965482 0
16543273221221 4701815 0
16572433213223 2948006 0
16547233332323 3409137 0
16573241123123 3447932 0
16572431111111 4087336 0
16547321113331 4275990 0
16573241312312 3103229 0
16574231113133 3640185 0
16723451122133 3650496 0
16725431121311 3085614 0
16723451322311 3241588 0
16725431211122 3213479 0
16725431131211 3185719 0
16725431211131 3952562 0
16725431311121 2986939 0
16725432232223 3103149 0
16725432211121 3535254 0
16725433333232 2861113 0
16725433122212 3005733 0
16725433113311 3181757 0
16742352232313 3834984 0
16735242122213 4313104 0
16743252323222 3134547 0
16745232122222 3418959 0
16745232121313 3676310 0
16745233121213 3377622 0
16753241221112 3725510 0
17246351111111 3508653 0
16745233333313 4891967 0
17265433111313 5364236 0
17324561232332 2698120 0
17324561211323 3705568 0
17326452212111 5689323 0
17356241212313 2744106 0
17362451211311 2693842 0
17362451231321 3026748 0
17356242211331 4349996 0
17362452213311 4656447 0
17364251231231 3622593 0
17423653213232 3069783 0
17425631122112 3290623 0
17425631223113 2953814 0
17425631313113 3200268 0
17425631322113 3768569 0
17425631322332 4427949 0
17425631323223 3101241 0
17425631332112 3028131 0
17425631323112 3811699 0
17426531112233 3288037 0
17426531132312 3625768 0
17426531121212 3702037 0
17426531223221 2910919 0
17426531213123 3952054 0
17426531331332 3054813 0
17426532121211 3377806 0
17426531313131 3715100 0
17426531232233 4619513 0
17426532331331 3351488 0
17436521323232 2917426 0
17435622211133 4445718 0
17435623211123 4784817 0
17452363213232 2946986 0
17452363322132 2963985 0
17453262211133 3375640 0
17452633213232 3811946 0
17463251221331 2744880 0
17463251122112 3249560 0
17463251313113 3155316 0
17462352213311 3512095 0
17463251331221 2914874 0
17526431131121 3271750 0
17463251321231 3407234 0
17463251323112 3891085 0
17543261132111 2958772 0
17526431231321 3444047 0
17543261111111 4637049 0
17526432123233 4556563 0
17642533312211 2996017 0
17642531111111 3498406 0
17643251122112 3553018 0
17642531112233 4210032 0
21345762313223 3724259 0
21345762312323 4141991 0
21345671111111 4365991 0
21345762223322 5240090 0
21354671122112 3245168 0
21345763332233 3992889 0
21346752313322 4446544 0
21347562312323 5570250 0
21354671221112 3300412 0
21354671131313 3996565 0
21354672311123 3658337 0
21354672311132 4008300 0
21354761112233 3396399 0
21354673131113 3976269 0
21354761112311 3169259 0
21354761113322 3219577 0
21354761113211 3515709 0
21354761133311 3539122 0
21354761122211 4218173 0
21354672313211 11330583 0
21354762213311 2965236 0
21354763312211 3167920 0
21357462311111 4395496 0
21364752311111 3802576 0
21364753212212 3584635 0
21357463213331 4068064 0
21357642221132 4231513 0
21367452112112 3157583 0
21365742221312 3100973 0
21367451311331 3214819 0
21365742312323 3754627 0
21376541111123 3373486 0
21375462312233 3445433 0
21374653333121 3523935 0
21375463333211 3740368 0
21376541112311 3257401 0
21376541131133 3447072 0
21376541122211 4429772 0
21457631321123 4599259 0
21654372233321 3253928 0
21654372231323 3560433 0
21536742222131 4059646 0
21473563331312 4117540 0
21654373332122 3204549 0
21734652123131 3119294 0
21654373332221 3181015 0
23147562123131 4519014 0
23156471333132 2963336 0
23147652312323 3252225 0
23156471222132 3495673 0
23147651112323 3722559 0
23156473323332 3286968 0
23164573213133 3714857 0
23157461231333 3712541 0
23157462131123 4630552 0
23165471311133 3380003 0
23164753333313 3443768 0
23164752131312 3538549 0
23165471111111 3732868 0
23165471312132 3145190 0
23165472111332 3019696 0
23165472111122 3528051 0
23165472132332 3474171 0
23165472311111 3233821 0
23165473233221 3829640 0
23165741231312 4275521 0
23165741112323 4685351 0
23165742312323 4232911 0
23165742123131 4235572 0
23165742131321 5226987 0
23165742131333 6111825 0
23167542131222 3515419 0
23174652123131 3672686 0
23167541233322 3552521 0
23165743331312 6129323 0
23176452132221 3542567 0
23175463211222 3847659 0
23176453332233 3765785 0
23416752121211 4758745 0
23456173212332 2738828 0
23417563232123 3139449 0
23456173233122 3492065 0
23456713212332 2848108 0
23576412233321 3168643 0
23475162121112 4459836 0
23517462131333 4801329 0
23751461132123 2746357 0
23674153232321 2873810 0
23576412312323 3041470 0
23657142121112 4830662 0
23671452122333 6658645 0
23751463112321 2776221 0
23756143222331 3471691 0
23756411222312 4305502 0
23756413223312 4316560 0
23756413222112 4500743 0
23756413322312 4519923 0
24153672321233 3520494 0
24157362323111 3167098 0
24157361313212 3213111 0
24173652323231 2928436 0
24167353132232 4664043 0
24315762213323 3523836 0
24315761122322 3862939 0
24351671212211 4423218 0
24315673311311 5548173 0
24351761212232 3773649 0
24351673111133 4500977 0
24351673311311 5210493 0
24351761111123 5344384 0
24367513111121 2944460 0
24367511323112 3939002 0
24376512222122 4839237 0
24516732233111 3594991 0
24561372111131 3513770 0
24536713231232 3594938 0
24531673123121 4033000 0
24537613231322 4660152 0
24563711121212 4474051 0
24571362221213 4168324 0
24563712121232 4508667 0
24563713121222 5780927 0
24615371112332 3335547 0
24571631121212 4155327 0
24615731122313 4390303 0
24615372213311 6326291 0
24615732213311 3625780 0
24615731132333 6012190 0
24615732111323 5309317 0
24615732233321 4309070 0
24615733311122 3778620 0
24617532233321 4801367 0
24615733113323 6182996 0
24637512311132 4494630 0
24651731113223 3512282 0
24651731333333 3163923 0
24715363311332 3794694 0
24715631111111 3982356 0
24715631122133 3191507 0
24715632313223 2897939 0
24715631122121 3968017 0
24715633112111 2850526 0
24715633131131 3867586 0
24731562311231 3250998 0
24716532323231 4499475 0
24731561111111 5572157 0
24736512222332 4674535 0
24761531221223 4536031 0
24751362221231 5788946 0
24763151111111 3716408 0
24751362321113 6973917 0
24765313222112 3824126 0
25134672233321 3142502 0
25134672312323 3018897 0
25137461211323 2802308 0
25134672313211 4036421 0
25137461111111 4058588 0
25163741112323 3701782 0
25341673113311 6236360 0
25314673111313 7574119 0
25314673111331 7240635 0
25364173223231 2723117 0
25314673131311 7481245 0
25367411211122 3851156 0
25341762313223 5281958 0
25364172311231 5756914 0
25436712123122 3165599 0
25436712123332 3504321 0
25436712132122 3470022 0
25436711311313 3404747 0
25413763121222 4035044 0
25413672323111 5796838 0
25436712323231 3163532 0
25436713232321 3403590 0
25436713332122 3227358 0
25471362323132 3372013 0
25463713212332 3585744 0
25471631312213 5080455 0
25631741212121 6233342 0
25641371213132 3789589 0
25634713321232 3921536 0
25714632123131 4035574 0
25714632223331 3583038 0
25714633121333 3913200 0
25716431212223 3775421 0
25716433223213 3566741 0
25734162221111 3553559 0
25734613113323 4816428 0
25714632313211 9994034 0
25731642232211 6273218 0
25736411133113 3858905 0
25736141233232 4055104 0
25736141111123 4273893 0
25736411321312 2972293 0
25736411231321 3482513 0
25736411331113 3686483 0
25736413123112 3097339 0
25741632312323 3259439 0
25743611233232 3384280 0
25741361232113 4277452 0
25741632222323 3609937 0
25763411332322 3117449 0
26135742132221 3896678 0
25763142223133 4108497 0
26135742213323 3588099 0
26153473132121 3240785 0
26153473131131 3318689 0
26135742332312 3714719 0
26153471122121 3657167 0
26345711223113 2688534 0
26175432331133 3980368 0
26317451212211 5759505 0
26154372332213 7210344 0
26415732121223 3105488 0
26415731322323 3118695 0
26371453112111 3164614 0
26415732233321 3850760 0
26435712233321 4211667 0
26435712311132 4012908 0
26435712222122 5695489 0
26437512122312 3537345 0
26435713311122 3965709 0
26453172211133 3913147 0
26435712322322 5299515 0
26435713333133 4825516 0
26453711333333 3524934 0
26513471122121 3731064 0
26517343333313 4548293 0
26543171123111 2993192 0
26543171111111 3679295 0
26573413331312 4027065 0
26534713333313 4875266 0
26547313131323 4871163 0
26714531212133 3895083 0
26715433231322 3586399 0
26714532121133 4210019 0
26741351232113 3106587 0
27154632311132 3237815 0
27134561131133 3606436 0
27314652313211 3932205 0
26743512121232 4865952 0
27415632323231 3894208 0
27415363131113 4552279 0
27365412321212 4701415 0
27416532133232 3232423 0
27435612122222 3488052 0
27453161123111 2880654 0
27416533321232 3924766 0
27415633321322 4802415 0
27453161132111 3381112 0
27516341111111 3539101 0
27456133132223 3672471 0
27534162311111 3267854 0
27534161111111 3520757 0
27536412332312 3546312 0
27534612311132 3822679 0
27534161111123 4690267 0
27543611111132 2948471 0
27543611111123 4151270 0
27546312231122 6240578 0
27615433313213 3168808 0
27614353311332 3963169 0
27615431312333 4308302 0
27613543333133 4562834 0
27615432113321 4552533 0
27634511131133 3551571 0
27634512233321 3326639 0
27643513311233 5167650 0
31247651113232 3162669 0
31256471231222 3548854 0
31246753312211 4399278 0
31247651323232 3735483 0
31257462222221 4218782 0
31257462312311 3492626 0
31257643311122 3671340 0
31264572122213 3611976 0
31264573132313 3471529 0
31264573222223 3568906 0
31264752132122 3601318 0
31264752313121 3831162 0
31265471111111 4532808 0
31265471122112 3194149 0
31265471122133 3652970 0
31265471321111 2842872 0
31265471313113 3016001 0
31265471312213 3245848 0
31265472312233 3245412 0
31265741233331 4502254 0
31265472233321 4561030 0
31267542222233 4204088 0
31267542313133 4558193 0
31275462133211 3907975 0
31275462223211 3925938 0
31275462311213 4117947 0
31275462312212 4157472 0
31275461112233 4640828 0
31275461322233 4686300 0
31276452133322 3219817 0
31275463311122 4473879 0
31452671323211 2677663 0
31452671332232 2838515 0
31452672322331 2852260 0
31456722111221 3584922 0
31276452313313 3787128 0
31462751111111 3825110 0
31462751113322 3295264 0
31475261322233 3449798 0
31527643332122 2871586 0
31564272213311 3191060 0
31475262333221 3432008 0
31475262331313 4127645 0
31524673332122 4873881 0
31564272212111 5495216 0
31564273113311 3481979 0
31572461122133 3549769 0
31624753312211 2961384 0
31624751112233 3019885 0
31627452221333 4585922 0
31654272313322 5016936 0
31754621331122 4409854 0
31765242322121 4320204 0
32145671123333 3475891 0
32145671111111 6021216 0
32145671132222 3261585 0
32145671221112 3496837 0
32145671333333 3469686 0
32145672113333 3267889 0
32145672212222 3310783 0
32145673311113 3375916 0
32145673112222 2958236 0
32146751232323 3361319 0
32147562313223 2965387 0
32146752232223 4131546 0
32147651132222 4742422 0
32147651123333 5193897 0
32147562333233 5309719 0
32147651312222 4932338 0
32147651213333 5360945 0
32147652231332 4658437 0
32147652113333 4802440 0
32147652233213 6133477 0
32156471113211 3074662 0
32156471111111 3857290 0
32147653112222 4837367 0
32147652331322 5053361 0
32147652332213 5936007 0
32156471232332 2833966 0
32156472312332 2991570 0
32156472332132 2945538 0
32156473223123 2748920 0
32156472332321 3236573 0
32156472333332 3346175 0
32156742311123 3024977 0
32156741112323 5606607 0
32156742333131 3037097 0
32157641232323 3382011 0
32156742313223 3587180 0
32164571111231 2930474 0
32157642231323 3405165 0
32164571111111 4196930 0
32164571232323 3015896 0
32164572232223 3589270 0
32164572312323 3377112 0
32164572233321 3500010 0
32164572232313 3582247 0
32164573323212 3193551 0
32165741111132 3256877 0
32165741233223 3132192 0
32165741111111 5044776 0
32165742331112 3015162 0
32165743311131 3191775 0
32165742211112 4098714 0
32167451111111 4215095 0
32167451222222 3231629 0
32167451213333 3366675 0
32167451333111 3106067 0
32167451312222 3210948 0
32167453222313 2866719 0
32167452211121 3319364 0
32167453321232 3266950 0
32167453313333 3312594 0
32174562231212 3425217 0
32174561232233 3779202 0
32174561112323 4094548 0
32174561232113 4273877 0
32175461113112 3004665 0
32174652332132 2998769 0
32174652312332 2939467 0
32175461111111 4325077 0
32175461333111 3205445 0
32175461221112 3105120 0
32175462233111 3380692 0
32175462312323 4499747 0
32417653132121 2721064 0
32417652132131 3133482 0
32417562113321 5081859 0
32416753121222 5311416 0
32451762331121 2775318 0
32465172112121 3437263 0
32456173212332 3571128 0
32465172132131 2819972 0
32465172133121 2951897 0
32456711233133 6743918 0
32465173123121 3095632 0
32465172332321 3300558 0
32465173132121 3184818 0
32465173133111 3445486 0
32465173233221 3686807 0
32476513232231 3272041 0
32475161232323 3769572 0
32475163331222 3871199 0
32546713323212 3580077 0
32547611131112 3081016 0
32547611213111 3150173 0
32517463131311 5318882 0
32547611121113 3319252 0
32547611312111 3298624 0
32547613111211 3148912 0
32547612111311 3207002 0
32561471113133 3621733 0
32561471121311 3247675 0
32561471131211 3278449 0
32561471122211 3510550 0
32561471211131 4154818 0
32561472213122 3138383 0
32561472133313 3149896 0
32561473222223 2973417 0
32561471311121 3323120 0
32561473323212 3014901 0
32567412122222 3468599 0
32567412131312 4293875 0
32567412222212 5275548 0
32576142313223 3398596 0
32615473332122 3505817 0
32567413131212 3406287 0
32567413133333 4175592 0
32647153132121 2741721 0
32647152133121 3996206 0
32657143121213 4191386 0
32647512333233 5558142 0
32714652332132 3177200 0
32657412111212 4118156 0
32671453123313 4314512 0
32674152113333 4983273 0
32716452123212 4751735 0
32741651121311 4343092 0
32741651131211 3433674 0
32741651211131 3195963 0
32741651311121 3322249 0
32745611223332 3065765 0
32741652111113 3502914 0
32741653111112 3497499 0
32745612322331 2988521 0
32754163211123 3166540 0
32745612313322 3562354 0
32751643321232 3683899 0
32761452121313 3500884 0
32761452222212 3487164 0
32756141233121 3775930 0
32761452122222 3721741 0
32765411121113 3131911 0
32765411112221 3452925 0
32761453133333 3565285 0
32761453121312 4879419 0
32765411131112 2988835 0
32765412221312 3106945 0
32765411133113 3268196 0
32765411331113 3265608 0
32765413223312 2948000 0
32765413122212 2966754 0
32765412323222 3227491 0
32765413231223 3502151 0
32765413322312 2913484 0
34125672131213 3350000 0
34125672221222 3491592 0
34125672131312 3726198 0
34127651131112 3083283 0
34127651121113 3122251 0
34127651213111 3169185 0
34125673133333 3829445 0
34127651312111 3311114 0
34127653111211 3135527 0
34127652111311 3111396 0
34162752132212 6393925 0
34165271131211 3302162 0
34165271121311 3526338 0
34165271112212 3811993 0
34165271211131 4057543 0
34165271311121 3098947 0
34165272323333 3177716 0
34165271311133 3409725 0
34165273222322 2855567 0
34165273311131 3132864 0
34165273133312 3988077 0
34172562132332 3611576 0
34167252213323 3644676 0
34175263321232 3699518 0
34172562313331 3861645 0
34216572213122 4989794 0
34261572132131 2802045 0
34261573123121 3004894 0
34261572133121 2939925 0
34275161312213 3496797 0
34265712212132 4681331 0
34275162112322 3369813 0
34516271111111 3611895 0
34275162213221 3703420 0
34521672223232 3433205 0
34526713232312 3168335 0
34517622231323 3709108 0
34516272312332 3961136 0
34516722313223 4445484 0
34527612231122 5099119 0
34527612211322 5237226 0
34527612231332 5595314 0
34561272122123 4853844 0
34561272122321 5070102 0
34527612331322 5100999 0
34527613312133 5189805 0
34561272212213 6149332 0
34561273221233 4810611 0
34561272213122 5034073 0
34561272232211 5945464 0
34561273233131 4766856 0
34561273321223 4880216 0
34561273311233 4990987 0
34561273321133 5190515 0
34561273313321 5689245 0
34562171321111 3165773 0
34562171321231 3088657 0
34561721111111 3915673 0
34562172232313 4080049 0
34567212223232 4000468 0
34617252111212 4399289 0
34617252123212 4358094 0
34617252132212 4658950 0
34621572132131 3280966 0
34617522221333 4148087 0
34625172111212 4706794 0
34651271123111 3231145 0
34651272332132 3085189 0
34627512232313 3307057 0
34715262221123 4734729 0
34675212222122 4812803 0
34716522223211 4205104 0
34721652131213 4080556 0
34721652121313 4509198 0
34725612111113 3072058 0
34721653333313 4030123 0
34725611212211 3565725 0
34721652222212 4286690 0
34721652221222 4565474 0
34725612231332 3123660 0
34725612121322 3551262 0
34725612231212 3559050 0
34725613132223 3296952 0
34725613111133 3274650 0
34725613111112 3376091 0
34725612331322 3296565 0
34725612322232 3335554 0
34725613311113 3285831 0
34761252323222 3109824 0
35126741232212 3952063 0
35162473122221 3090938 0
35162472122231 3141335 0
35162472123233 4014702 0
35126742231233 3938081 0
35127462331331 4158978 0
35162473323131 3144842 0
35162473332131 3116580 0
35162473332122 3496030 0
35167242132212 3966226 0
35172461232323 3766975 0
35162742213323 4054930 0
35174262231113 4154134 0
35174262213131 4717607 0
35246171113322 3044954 0
35246172213311 3392507 0
35246171111111 3495784 0
35267141223233 2874247 0
35271461322233 3118077 0
35416721113112 3112189 0
35416723232213 4199616 0
35267141321132 6003336 0
35426712311312 3085039 0
35426712131132 3484202 0
35417622223133 4557920 0
35426713131113 3346657 0
35426713312211 3533469 0
35426713111313 3693047 0
35461271111231 3623584 0
35461271321231 3085088 0
35461272222323 3202134 0
35462171131313 3425062 0
35462171212121 3588013 0
35462171221223 2955816 0
35462172223331 3224056 0
35462171332331 3312137 0
35462172213311 3535742 0
35462172312131 3127562 0
35462173123211 3282445 0
35462173221221 3531307 0
35462173131311 3663254 0
35472163222313 3212582 0
35472163231322 3558314 0
35476122221111 3649656 0
35462712322322 3940626 0
35617423131332 3469610 0
35614722321233 3803034 0
35624712121232 4939459 0
35624712321212 5750114 0
35714623111322 4200366 0
35624712321332 4836569 0
35624712331232 4875849 0
35721642221213 6467368 0
36125471111333 3329953 0
36125471213111 3044533 0
35762142222113 3889247 0
36125471212112 4718452 0
36125472111311 3032452 0
36125471312111 3201626 0
36125471222111 4802147 0
36125472121223 2909727 0
36125473111211 3260224 0
36125473323233 3448612 0
36125473232222 3567777 0
36125743222331 5558495 0
36127451333222 3002339 0
36145272131312 3617241 0
36145272122222 4067232 0
36145272131213 5289029 0
36147251121311 3429403 0
36147251131211 3592856 0
36145273333313 4165705 0
36147251211131 3738200 0
36147251311121 3128815 0
36147253111112 3355399 0
36147252111113 3998129 0
36152741231312 4447032 0
36217541223311 2682828 0
36152742131321 3921315 0
36217452131333 4563768 0
36172452133133 4705476 0
36217543213112 2826335 0
36241573212332 2962471 0
36241753212311 3427864 0
36415272123212 4231662 0
36521472331121 3130107 0
36417522123311 3799289 0
36521472113321 3708810 0
36514272212111 5265797 0
36527412111113 3097373 0
36527411131133 3143677 0
36527412131222 3637627 0
36527412211322 3671388 0
36527412221312 3188101 0
36527412231122 3221955 0
36527412322232 3273652 0
36527413111112 3268031 0
36541272323222 3076102 0
36527413311311 3061724 0
36542712121322 4774383 0
36547212121313 4025947 0
36547213331333 3664388 0
36547212221222 4066331 0
36547212122222 4265906 0
36547212131312 4285477 0
36712542121121 4666498 0
36712542121112 4976371 0
36712542121211 5486394 0
36714252232223 3199252 0
36714522122213 3558069 0
36714521232113 4416424 0
36714522121322 4390847 0
36712542122111 4918889 0
36721451131331 3120997 0
36714523132322 3549865 0
36714523132223 3618332 0
36721452122123 2976205 0
36721452121322 3567711 0
36721452122321 3334460 0
36721452131111 3297932 0
36721452122213 3565039 0
36721452223232 3191055 0
36721453113113 3469484 0
36721453121111 4213424 0
36725411121212 5286517 0
36725411212121 5317947 0
36725411131313 5302643 0
36725411313131 5340912 0
36725412111212 5726592 0
36725412121112 5291710 0
36725412121232 5318970 0
36725412121211 5451179 0
36725412123212 5636433 0
36725413131113 5485295 0
36725412321212 5542193 0
36725413111313 6103971 0
36725413131311 6410201 0
36741252122333 4835356 0
36741252122321 5012022 0
36741252122123 5365096 0
36745211211221 2907358 0
36745212121223 3031185 0
36745212122312 3787991 0
36741252123323 5175185 0
36741253233131 5106771 0
36745212131111 3042041 0
36745212122333 3217427 0
36745212123323 3617367 0
36745213131131 2983615 0
36745212223232 3195217 0
36745213121111 3923445 0
36745213133111 3274223 0
36745213232213 3122910 0
36751243222322 3276313 0
36752142123221 3274176 0
36752142122132 3495259 0
36752143132232 2913935 0
36752143211132 3309343 0
36752143133222 3549336 0
37246511112233 4007620 0
36754123232222 5701801 0
37256142321233 3771553 0
37415622333221 4245892 0
37426513132313 4881811 0
37561241311112 3231014 0
37516422333311 3328617 0
37612453122233 3278382 0
37452162323312 3504397 0
37612542221111 3844463 0
37614521323232 2871107 0
37614252221123 4194622 0
37614521111111 4393226 0
37614522111221 3253705 0
37614522323312 3230857 0
37614523232213 3638315 0
37614522313322 3851361 0
37614522113321 3695477 0
37615421113322 4073521 0
37615422223133 4100151 0
37615422211133 4046372 0
37624511232233 3786963 0
37615422313121 3812823 0
37615422313331 4092733 0
37615423121132 4325791 0
37624152311213 4194321 0
37624512231212 3377789 0
37624513131323 3598236 0
37624512121322 4370908 0
37645122312221 3177383 0
37624513231313 3508409 0
37642513122221 3770319 0
37641252222323 3721491 0
37642152213311 4379326 0
37652141113232 3073726 0
37651422312311 4265220 0
37651242211133 4537713 0
37652143231322 3469778 0
41236753232321 3388258 0
37654212311222 4003533 0
41237561313131 4774781 0
41263751312222 5163868 0
41325763131233 3079511 0
41325762313223 3222336 0
41325671212211 3460962 0
41357622313112 2761938 0
41352671212112 4812448 0
41352671222111 4992134 0
41352671212121 4960344 0
41367253111133 4533555 0
41563273113311 3633177 0
41532761233133 4061872 0
41532672313211 6079563 0
41576322212222 4476847 0
41625373121213 3396580 0
41625731222231 3959044 0
41635721212121 5806042 0
41657321222312 3646653 0
41673521111111 3838548 0
41673252212222 4724093 0
41625372313211 9637988 0
41723562313211 3673383 0
41725361232113 4156182 0
41725361321213 5017501 0
41725362221213 4295606 0
41725362313211 4635541 0
41725363121222 4002447 0
41725363121231 3832051 0
41725362313223 4667427 0
41725632322331 3121794 0
41725631211122 3565070 0
41725631111111 4578914 0
41725633111133 3370703 0
41725633121123 3252829 0
41726352313322 3539636 0
41725633211111 3722176 0
41726532312233 4399104 0
41735263123223 3327436 0
41735621233232 3459887 0
41735262312233 4130479 0
41735261323313 4406932 0
41752631222123 3038508 0
41736522332231 3213406 0
41735622313322 4040201 0
41736521233232 4147695 0
41752632312323 3059295 0
41752632311123 3327109 0
41756231321213 4804451 0
41765231233232 3419416 0
41756233121231 3750516 0
41762533123331 3847672 0
41762532221333 4188256 0
41765322221312 3107450 0
41752632313211 11450475 0
41765323122212 3275154 0
41765322313211 6688176 0
42137653132121 2683234 0
42137653122131 3182894 0
42137561123333 4215820 0
42136752131312 4459701 0
42165373223123 2661608 0
42157633231322 4234841 0
42163751121212 4900994 0
42315673112111 2857190 0
42367153111121 2927964 0
42351671212211 4128848 0
42167532131333 4580936 0
42351763231133 6060179 0
42367153211123 3210389 0
42561733323122 2832132 0
42516372233111 4003655 0
42573613322231 3262636 0
42573612323231 3521071 0
42613572313211 3668304 0
42615371313332 5900119 0
42651372213311 3115802 0
42615372213311 4705620 0
42615372221213 4294967 0
42615372313211 4782645 0
42651733311122 3916701 0
42751632321233 4171600 0
42673512232133 4300261 0
43176252123131 3160142 0
42751632323231 3335850 0
43176252311132 3361162 0
43167251232212 3804871 0
43126572133313 4501725 0
43216573132121 2808191 0
43216573212311 3083200 0
43216573132223 3143381 0
43527612312323 2991418 0
43561271111111 3368310 0
43512671313332 3556237 0
43216573212332 4442167 0
43571262122222 4318455 0
43572612312323 3543834 0
43576211123222 3766376 0
43572161111111 4024784 0
43615271333312 3203883 0
43615272113321 3551422 0
43621752213323 4685276 0
43576212112232 4729491 0
43617521223221 4677578 0
43651722323132 3404912 0
43675211221331 3587882 0
43675122222122 5343223 0
45167323322231 3425051 0
43751623123313 4160032 0
43721653231313 4112836 0
43765212222122 5217706 0
45176231131313 7397390 0
45176231133113 7382433 0
45176231331113 7170448 0
45176233131113 7594485 0
45213672221123 3990300 0
45273162222122 4628743 0
45276131131133 5463550 0
45176321131133 6259287 0
45312671222312 3002585 0
45312672233321 3130878 0
45312672223331 3344720 0
45312673222112 2986590 0
45312673132313 5368255 0
45312761133311 3282933 0
45312761113211 3440704 0
45312673231313 5298263 0
45312672313211 9813034 0
45312762311111 3298465 0
45321671212211 3596244 0
45312762221111 4025553 0
45321671221121 3598393 0
45327612222323 3846085 0
45321673113311 5966354 0
45362712122222 4571460 0
45367211111132 3470005 0
45367211211122 3672232 0
45367213111133 3727280 0
45367122223133 3910161 0
45376121331311 4231301 0
45376121131133 5776539 0
45376211333123 3426738 0
45612372331121 3042489 0
45376213333322 3171700 0
45612373112231 3120523 0
45612371133221 3604669 0
45376213131323 5423561 0
45612373132121 2979533 0
45612373322111 2881484 0
45612373132223 3281548 0
45612373332122 3072812 0
45612373332221 3097746 0
45613271331221 3523724 0
45621373123331 3875432 0
45613272233111 4425803 0
45621732212123 4027310 0
45621732233333 3861210 0
45621373211111 4837048 0
45637123332122 2734013 0
45671231132231 2776396 0
45623713322321 2713311 0
45623712332123 2831414 0
45637123132121 3120410 0
45671233112132 2984787 0
45673212212132 3595744 0
45673213211222 3673380 0
45713623223132 2954267 0
45732612233321 2983143 0
45721363322231 3316836 0
45721363321313 3438180 0
45736121122211 4851225 0
46123571111111 3619050 0
46125731333123 3584653 0
46123573232123 4443918 0
46135272133313 4239339 0
46127351131313 4491929 0
46127353131323 5431741 0
46127352131333 5060350 0
46157233333232 3123988 0
46153273131131 5127435 0
46215372121223 3308227 0
46157321331233 3744412 0
46273512122312 3315426 0
46257132211133 4071807 0
46215372313211 5720077 0
46257313312211 6375983 0
46273513221212 3155076 0
46275311123222 3873537 0
46275312132212 4291494 0
46275312112232 4865276 0
46275312232133 3781177 0
46275313121222 3980219 0
46275312313211 4604408 0
46352172113231 2651415 0
46352171211233 2860919 0
46321752111131 3504702 0
46372511221331 3887090 0
46275313312211 4600012 0
46375212132131 2869132 0
46375211211332 2876414 0
46375212113111 3156223 0
46375212332222 3090412 0
46375213333121 2910257 0
46375212132221 3165102 0
46375213123121 3577361 0
46375213112111 3917598 0
46513272332111 3031861 0
46512371331221 3779852 0
46512372113321 4102963 0
46527133111121 2930762 0
46513273113221 3019335 0
46572312132122 3141108 0
46523711331332 3618787 0
46572311223122 3849752 0
47123651233232 3245391 0
46721533123313 4010557 0
47123562232133 4376944 0
47132562311111 3542742 0
47132652233321 3534320 0
47126532133133 3708024 0
47126351233232 4427662 0
47132563222331 4740427 0
47152361233232 2927600 0
47135622132332 3312947 0
47136252133112 4679585 0
47156233223312 3113862 0
47156233211132 3603532 0
47156233233113 3672549 0
47156231332313 3768146 0
47152631322131 3763799 0
47156233322312 2989747 0
47156321111111 3788927 0
47156321133311 3839319 0
47156322332132 2811699 0
47156322332312 2938638 0
47156322313232 3008811 0
47156323223123 3239850 0
47156322132311 3258331 0
47162351322122 3294909 0
47163522131222 3152886 0
47165321232113 4273654 0
47165322232133 3686801 0
47165322132212 4288191 0
47165322313211 4803435 0
47165322133112 4891366 0
47165321322131 6223665 0
47251363131113 4991167 0
47251632131312 4261223 0
47216352131333 5146994 0
47256133321232 3206462 0
47256133212311 3249752 0
47265312122222 3451103 0
47265312131312 3596295 0
47352612123131 3093525 0
47352612311132 3186310 0
47321651311133 3606867 0
47621532232331 2810391 0
47621533231121 2933644 0
47512632312323 3060807 0
47265312313211 9627955 0
47352612313211 6010531 0
47632152233321 2981352 0
47632153232321 3373307 0
47632153212311 3663269 0
47653213232111 2679789 0
47652132231323 3661896 0
47653213211231 4578978 0
47632513212332 4734263 0
51264731113322 3100527 0
51264732213311 2922756 0
51324671211122 3363943 0
51267342312233 5167293 0
51324763113332 3660668 0
51324761111123 3796285 0
51324672212111 4347756 0
51324673113311 5122816 0
51367241211113 2976776 0
51342672212111 4145865 0
51423671221331 3158582 0
51342763312223 7348995 0
51426733312211 3356989 0
51426731111111 3688240 0
51472361131313 4478106 0
51472633331312 4250610 0
51623471321111 2694615 0
51623743313321 3972087 0
51624731312123 3846210 0
51632741323232 2991037 0
51647231113232 2877878 0
51642371122313 4033905 0
51624733323113 4198159 0
51642731113322 4399041 0
51723643131311 4229646 0
51724363121213 3589510 0
51724362122222 3655357 0
51742632323231 3520587 0
51742632323333 3821702 0
52134761232113 3375064 0
51726433123313 4271231 0
51732643121213 4461708 0
52147631211131 3069008 0
52147631121311 3415884 0
52147631131211 3566763 0
52147631311121 3133165 0
52163471213111 3046995 0
52163471112122 3546094 0
52147632111113 3391400 0
52147633111112 4370456 0
52163471333123 2785330 0
52163471312111 3005260 0
52163472111311 3035375 0
52163472131222 2985964 0
52163473221323 2982207 0
52163473111331 3182078 0
52163473111211 3216962 0
52163473323332 5121001 0
52167432121313 3797119 0
52167342121232 4226383 0
52167432122222 4636131 0
52167433331333 3847671 0
52174633223123 4000491 0
52167432131213 4038743 0
52167433133333 4480938 0
52314673311311 6319185 0
52314761322122 3603019 0
52341671122211 3671438 0
52341671311313 2982729 0
52341672232313 3442974 0
52341672211112 3705725 0
52341672323222 3753543 0
52341672323312 4935610 0
52341671111111 10035226 0
52341673133111 3164672 0
52341673232213 3374844 0
52341673232333 3008704 0
52361472131312 3804182 0
52361472121313 4601988 0
52341673323212 4848452 0
52367412322232 3254933 0
52376413222223 3647154 0
52367142211121 3883321 0
52374161112323 3357891 0
52463173212332 4372043 0
52471631223113 3282418 0
52471631323112 3364990 0
52463713212332 4388613 0
52673413232123 3027191 0
52641733232321 3246609 0
52641733212311 3187671 0
52614372313211 5435714 0
52713461232323 2987386 0
52714633223123 3249329 0
52714633213223 3244640 0
52714361232113 4936125 0
52731641323112 2753996 0
52731641233112 2856737 0
52736141322233 3248303 0
52741362313211 3735263 0
52741362313223 4265434 0
52741632122333 4814331 0
52741632212213 5036709 0
52741632123323 5947057 0
52741632232211 4878309 0
52741633221233 4809457 0
52741632212231 5241042 0
52741633313312 4742330 0
52743611111213 3257945 0
52741633313321 5107068 0
52741633323311 4943098 0
52741633321223 5654994 0
52743611112131 3255310 0
52743612131111 3103668 0
52743611111312 4025392 0
52743611113121 4093433 0
52743613121111 3758207 0
52761431111213 3233940 0
52761431111312 3255369 0
52761431112131 3386675 0
52761433121111 3166534 0
52761431113121 3432832 0
52761432131111 3298112 0
52763143222331 5020092 0
52763411333123 4545591 0
52763411222312 6676989 0
52763413223312 6886106 0
52763413222112 6904208 0
53126471231321 3235448 0
53126471321321 3470791 0
53126471231231 4057017 0
52763413322312 6683119 0
53146272123233 4573918 0
53147262123131 3179485 0
53421671321231 2836993 0
53426171112233 3286980 0
53274163211222 4159073 0
53421671321111 4259933 0
53162743312223 7447105 0
53462711113322 4284292 0
53467211321111 2708111 0
53621471331221 2972847 0
53476121323112 3536139 0
53642171111111 3638478 0
53476121323322 3641173 0
53614721212121 4520973 0
53714622233111 5028323 0
53672142221213 6118243 0
53726143333121 3197355 0
53741621332112 3383799 0
53741621323112 3280357 0
53721463223312 3756741 0
53742612323333 3882084 0
53724612121112 4448982 0
53761242121211 4413799 0
53761242221213 4680715 0
54126371331221 3023313 0
54123673233323 3556253 0
53762143222331 3742193 0
53762413322123 4087600 0
53761242321212 4381466 0
54127632131213 4336656 0
54127632222212 4113755 0
54127633131212 4337660 0
54167231121113 3023535 0
54167231131112 3067275 0
54163271133221 3350596 0
54127633333313 4225461 0
54163272233111 4349970 0
54127633133333 4545278 0
54167231333213 3031415 0
54167231221211 3274480 0
54167232333113 3013904 0
54167232112112 3254792 0
54167232133313 3446182 0
54167233331213 3425871 0
54167233232333 3886403 0
54172633132313 4249999 0
54217632132212 6273163 0
54217362233213 7015893 0
54231673123121 2847650 0
54231671123111 3249896 0
54261373123121 3096677 0
54312671131331 3194855 0
54261732231233 3830261 0
54276132233312 3720030 0
54317261113112 2859880 0
54312672212111 3491398 0
54317621111222 3746935 0
54321672212231 4770532 0
54321672212213 5090161 0
54321672232211 4979862 0
54312673311311 5937270 0
54321673313312 7218537 0
54321761211221 3101537 0
54326171112233 2990363 0
54326171321231 3039172 0
54321673323311 7394975 0
54321763113113 4196709 0
54321673313321 7414978 0
54326171111231 4219867 0
54326711112212 3878513 0
54327612223232 3387234 0
54361272223232 3453653 0
54362711111231 2881782 0
54362171113133 3602355 0
54362711323112 3519312 0
54367121113211 3528839 0
54367121112212 4278100 0
54367121113331 4874957 0
54367122211121 3911733 0
54367123311113 3517863 0
54367122311111 3534544 0
54367211222132 4895492 0
54367211132222 4802839 0
54367211333213 5216221 0
54367211213333 5997865 0
54367212211322 5955929 0
54367212231122 5073117 0
54371261113331 3684420 0
54367212233213 4877027 0
54367212332213 5012367 0
54371621113112 4321133 0
54367212333113 5258258 0
54367213312133 5537104 0
54367213112222 5656948 0
54371621113322 2961378 0
54376121322233 3464399 0
54376211111222 3274995 0
54612732112223 3666637 0
54376211111132 3552765 0
54376211113133 3704162 0
54612372222131 3886153 0
54612733322213 3715284 0
54612371112311 5268707 0
54621371133311 3416849 0
54637211132111 2889971 0
54621372211121 3739537 0
54712361323313 3747800 0
54716321112323 3741934 0
54716232222113 3890690 0
54712362223322 3927256 0
54671232221213 3949169 0
54716322313223 3096708 0
54721632212231 3015999 0
54721633231322 3215969 0
54721631122121 3504387 0
54721632133232 3241935 0
54721631311133 3321189 0
54721632212222 3454316 0
54721631111111 11936538 0
54721633313321 3457042 0
54721633333331 3037090 0
54723612221222 3834769 0
54723612222212 3927175 0
54723613121312 4310115 0
54723613333313 4354095 0
54723612131312 4685878 0
54763212322232 3178522 0
54761233322321 3358286 0
56123472331331 4409852 0
56123471223221 4442966 0
56123471222312 4680594 0
56123472322121 4696619 0
56123471333123 4886028 0
56123471331332 5688106 0
56124371111231 2810140 0
56127433332323 3440401 0
56123473133231 4368797 0
56124371232323 3860555 0
56123473222112 4515780 0
56123473223312 4505633 0
56123473322312 4670190 0
56123473133132 5188757 0
56132473211111 3400257 0
56132472333332 3503371 0
56132473213211 3401052 0
56143273332323 4247980 0
56147232233213 4897133 0
56147231333213 4705722 0
56147232332213 5061076 0
56147231222132 7567264 0
56173421113112 2852439 0
56174232323333 3848084 0
56147322333233 4361898 0
56147232333113 4907351 0
56213471111111 3892680 0
56213743313333 4590073 0
56174321232113 4729401 0
56243173133111 4181571 0
56243713121333 4281464 0
56247132333233 3515505 0
56274132331133 3744048 0
56271433123313 4592599 0
56271433111313 4706198 0
56271433132313 4824380 0
56274312313211 5458372 0
56321473233323 3114224 0
56327411211332 3087930 0
56324171221331 3063779 0
56327413213112 3051927 0
56341273131212 4001349 0
56341273121213 4459708 0
56347122333233 3998184 0
56321742211112 4650000 0
56347211213111 3147595 0
56347211331131 2900215 0
56347211312111 2981078 0
56347211222132 3218184 0
56347212232223 3494093 0
56347212123233 3635414 0
56347212111311 3959513 0
56347213111211 3792279 0
56347212111221 5244198 0
56423171231231 2807337 0
56423171321321 3089034 0
56423173132121 3179713 0
56347213131332 3326219 0
56423171231321 3419581 0
56423172112121 3515601 0
56423173133111 3483355 0
56432713122122 3653743 0
56723411131112 3019144 0
56723411222312 2961425 0
56723411113313 3235572 0
56712341232113 3185775 0
56723411121113 3288729 0
56712343211123 3496203 0
56721343123331 3777658 0
56721432312233 4385599 0
56723413221212 3059165 0
56723412122312 2901450 0
56723412323222 3171392 0
56723413222112 3014073 0
56741231121311 3186351 0
56723413331111 3061178 0
56732143122113 4240309 0
56741231131211 4134398 0
56741231311121 3072101 0
56741233111112 3475092 0
56741232111113 3517246 0
56741231211131 4014927 0
56743213121312 4135115 0
56743212122222 3849290 0
56743213121213 4760403 0
56743212221222 4567144 0
57214361323232 2871170 0
57236141113232 3130739 0
57236141322233 3042488 0
57164322131312 3458082 0
56743213331333 4496949 0
57123461111111 3695010 0
57236141323232 4449591 0
57214632212213 6231381 0
57241631323112 2681314 0
57241631322113 2766767 0
57321642311132 3218544 0
57321641311112 3210305 0
57246131112233 3472220 0
57264132111323 3870354 0
57364212213311 4359892 0
57364212313211 3672180 0
57364213332122 2888858 0
61234573232213 3190710 0
61257343232123 3177954 0
57642311113322 3216081 0
61234572231323 3539829 0
61274351313131 4252415 0
61235741313131 5610147 0
61274532231323 3486041 0
61352472233321 2977063 0
61453721311112 3077323 0
61453723111121 3038064 0
61453721111111 3807204 0
61452731311313 4364305 0
61472533112111 2884462 0
61472532123332 3401424 0
61352472313211 5878958 0
61534721113211 3233501 0
61534721112311 3429664 0
61534272311132 3967549 0
61527431111111 3979789 0
61543271111111 4177436 0
61572432312323 3245288 0
61543271112311 3541326 0
61734523222331 4422135 0
62135473122131 2892228 0
62135472132131 2992526 0
62135471122121 3469158 0
62135473123121 3780808 0
62134572321323 4236277 0
62135473132121 3392718 0
62135473131131 3466136 0
62135473232231 3194095 0
62147353132121 2747597 0
62147353123121 3250295 0
62135473322321 3404717 0
62135743222331 3536681 0
62135743312223 5893918 0
62154733321121 2901739 0
62173543232132 3200435 0
62157342132212 4131117 0
62317453112111 2823798 0
62174533311212 4034206 0
62174351122133 4466154 0
62317453312211 4547745 0
62374511322311 2761899 0
62374513112321 3251467 0
62371453311311 3914506 0
62351743112123 5223774 0
62374513312112 2639519 0
62435711222222 3196913 0
62435172211133 4758823 0
62435172311132 5104567 0
62475131322323 3216786 0
62471532232133 3334399 0
62531472321233 3543866 0
62453713311122 4031026 0
62543711311112 2931891 0
62543711211113 3472286 0
62735143223213 3897673 0
62571432321233 4345262 0
63125743131233 3131948 0
63125743133312 3317375 0
63142571111111 3606996 0
63125741112323 5887152 0
63172452312323 2914162 0
63142573112123 4892276 0
63142571132321 5034519 0
63172452313211 5981200 0
63247511123132 2987634 0
63174522332132 3188859 0
63251743133231 4519661 0
63452711311313 3462827 0
63452712333221 3266104 0
63471522123131 3673492 0
63471522323132 4031850 0
63471522332132 3293319 0
63472512123332 3621593 0
63512743313333 4688462 0
63541271212211 5524556 0
63574212123131 3154805 0
63712542221111 3402686 0
63542713121333 5142164 0
63574212313211 5101537 0
63714522332132 2914032 0
63714521112323 3840993 0
63714252123131 3963978 0
63721541233322 3316078 0
63725141233121 3843125 0
63724153121213 4586167 0
63725141112323 5655156 0
63725142123131 5187272 0
63725142223133 4698619 0
63725143122113 4316542 0
63725143123313 6068942 0
63741252222323 3592374 0
63741522123131 3706941 0
63742511232221 3677066 0
63745123122212 3143452 0
63751242221321 4401590 0
63751423122311 3874987 0
63752141111111 4700092 0
63752141122211 3960372 0
63752141123213 3101541 0
63752142332132 2865333 0
63752143123223 3003236 0
63752143212323 2939218 0
63752143223123 3453506 0
63752411223212 3014675 0
63752412322112 3155353 0
63754213122122 3307160 0
63752412312323 3930133 0
63752411333213 5075477 0
63752412333113 5063834 0
64231572311132 3784767 0
64125371131313 5193296 0
64157321133212 6886940 0
64257131113223 3361912 0
64271533221212 3573275 0
64275131312123 3898700 0
64275131212223 4035266 0
64275132211133 4821582 0
64275133231112 4415627 0
64275132232133 4667425 0
64275133312211 3717582 0
64275311222222 3084278 0
64275313312211 3291317 0
64275311112332 3558943 0
64321572111131 3951621 0
64321572132131 3283407 0
64321572311132 3676304 0
64325713121222 6568846 0
64351272132131 3300891 0
64357212313211 3774320 0
64357213312211 4181919 0
64357213231322 4573369 0
64531271212211 5341698 0
64531272132131 3012171 0
64531273122131 2950439 0
64531273123121 3871234 0
64531273312211 3008136 0
64531273311311 3231251 0
64713253112111 2813685 0
64572131122223 3276996 0
65123471112311 3178618 0
65123471233232 2759464 0
65123472312311 3303548 0
65132472131231 2992368 0
65132471222111 3318388 0
65132471212112 3432495 0
65132471323121 3680190 0
65132471231321 3818653 0
65132472212231 4955006 0
65132473111331 3818868 0
65132472233321 3920746 0
65132741223323 3097933 0
65132473313312 3107945 0
65132473323311 3179347 0
65134721233232 3505980 0
65132743222331 3885447 0
65147321232113 4473611 0
65174232123131 3290296 0
65172431132333 3788625 0
65174233331213 3432733 0
65174232133313 3267181 0
65174323223123 3458671 0
65174322313211 3520271 0
65174232323312 3627478 0
65174233323212 3605826 0
65241371111111 3687023 0
65213741111111 3844464 0
65274131311313 3018097 0
65274131312213 3400601 0
65271341332331 3612428 0
65271432231233 3686128 0
65274131111111 4341318 0
65243712121322 4890892 0
65274133132223 3262351 0
65274132123332 3277830 0
65274133232321 2940772 0
65314272311132 3030535 0
65417321232113 3155125 0
65274133312223 3196552 0
65321472111122 3878979 0
65314272313211 5036841 0
65417323223123 2907885 0
65417323232123 3154904 0
65723143321313 3151438 0
65714323223123 3379325 0
65432173232321 3438573 0
65423713321322 3523145 0
65471231132213 4125640 0
65742311212313 3091181 0
67132541133311 5487065 0
65732411333123 6745939 0
67145323133312 3457647 0
67215343333133 4273123 0
67231543323122 4031413 0
67231541323112 4016711 0
67154233323332 5113305 0
67234513332122 3157195 0
67245131313323 3283857 0
67245311112311 4869495 0
67254313311113 3264688 0
67245311133233 3935657 0
67312541121221 3263530 0
67312452233321 3359088 0
67312542221111 4164374 0
67321451111123 3151540 0
67254311131133 5272170 0
67321451112311 3385881 0
67321452111122 3276816 0
67321451311133 3523395 0
67321453113311 3673613 0
67321451212211 5488851 0
67321542232133 3479661 0
67341252222323 3697296 0
67342512222113 3735335 0
67345122223133 4875129 0
67345211111123 3145055 0
67345211111132 3393052 0
67345211112233 3269672 0
67345122232133 4703808 0
67345211113322 3170534 0
67345211311133 3464027 0
67345211211122 3514899 0
67345212111122 3176862 0
67354211212121 3569687 0
67345213111133 3738597 0
67354121111111 3629171 0
67354211313113 5215438 0
67354212311132 3428889 0
67354212212222 3391057 0
67354212111221 3614527 0
67354211333111 5195027 0
67354213211132 3386659 0
67354213313333 3409640 0
67354213131311 3982262 0
67354213111313 4173375 0
67412353332221 3065337 0
67435121332112 2841184 0
67412531131133 3751052 0
67412353132121 3936676 0
67435123123121 2854782 0
71234563231322 3787691 0
67452313321232 4034084 0
71263541333222 4798813 0
71263542323123 4846179 0
71264533131323 4879025 0
71264533221323 4816018 0
71264533231223 5636758 0
71326453132121 3078427 0
71326451211311 3149089 0
71264533231313 5136688 0
71326543333313 4559863 0
71423563213232 3555661 0
71345262132131 3552425 0
71362453113311 3740081 0
71365423331312 4319294 0
71423653213232 3329729 0
71426353312211 3548033 0
71432561232323 3577518 0
71426533333223 4011949 0
71432561323232 2792406 0
71432563323113 3008254 0
71432562111221 3335937 0
71432563232213 3549538 0
71432563332113 3029779 0
71432563323122 3226853 0
71435262222122 3767879 0
71435261322233 4155765 0
71435263311122 4119994 0
71435263333223 4237027 0
71435263333133 4197434 0
71435263211123 4406871 0
71452363213232 3249976 0
71435623333331 4132529 0
71436253333112 4539826 0
71452632222131 4339918 0
71456321322323 3286954 0
71453262222221 3474685 0
71456322111221 3441513 0
71453623311122 4731524 0
71462532111212 3552126 0
71462531113322 4124663 0
71462532121112 3668255 0
71462533111223 4414264 0
71462533221113 3613720 0
71463523331222 3696354 0
71523463131311 4702052 0
71523463231313 4865548 0
71532463221332 3583797 0
71542633132322 3490439 0
71523463331312 4638149 0
71534262122222 4531841 0
71543622111131 2951331 0
71543623111121 3282083 0
71546233331213 4505051 0
71546322231212 4671338 0
71562433123232 3366125 0
71563243221221 3789355 0
71643252231212 4596860 0
71625433213133 6050810 0
72136541322233 3165967 0
72143563222331 3210404 0
72134562312212 4274153 0
71643523331213 4723751 0
72143651121113 3216267 0
72143651213111 3113574 0
72143651131112 3423645 0
72143651312111 3062193 0
72143652111311 3119682 0
72143653111211 3104612 0
72145633232231 3074318 0
72145631233223 3063020 0
72146352232223 3666119 0
72163452122222 4552588 0
72145633312223 4956491 0
72163453121213 3831147 0
72163453133333 3703504 0
72163453131212 4330130 0
72164353131113 4450950 0
72163453331333 4559708 0
72165431113331 3163102 0
72165432111113 3289504 0
72165432111122 4374324 0
72165433111112 3091645 0
72165433221233 3254425 0
72165432323312 3181062 0
72165433121333 3414571 0
72165432211112 3594303 0
72165433233323 3516582 0
72165433321223 3025095 0
72165433331213 3332885 0
72345611221223 2694008 0
72345611133113 2959719 0
72345611222222 2921463 0
72345611331332 3155709 0
72345611111111 4295598 0
72345612331331 2669995 0
72345613221221 2845987 0
72345612122111 3371078 0
72361453232333 3067092 0
72356143211123 3054743 0
72356141232113 3190079 0
72356141112323 3451328 0
72345613333331 3594594 0
72365412222212 3357709 0
72365413121312 4775920 0
72361542333233 5486564 0
72513641232323 3187149 0
72365413131212 3490428 0
72513641233322 3715470 0
72365413331333 3559380 0
72435163333313 5041000 0
72516342313223 3464483 0
72531463321232 3805403 0
72534163211123 3966758 0
72541632131111 3110342 0
72541631111213 3255505 0
72541631112131 3388383 0
72541631111312 3619442 0
72541631113121 3520258 0
72541633121111 3857403 0
72543163211111 3298628 0
72543162311111 2968448 0
72543611221223 4375231 0
72543612331331 4398128 0
72543611332331 4646784 0
72543611223221 4582806 0
72543613133222 4525958 0
72543613221221 4729699 0
72543611331332 5173272 0
72543613132232 5602261 0
72546311323112 3074952 0
72546313323212 3434504 0
72561342313223 4618255 0
72543613223312 5220439 0
72561433221233 4862859 0
72561432213122 5481465 0
72543613322312 5397142 0
72561433311233 6254538 0
72563413121111 3075770 0
72563412131111 3119450 0
72563411111213 3205749 0
72563411111312 3147742 0
72563411113121 3437081 0
72561433321133 5215068 0
72561433321223 5148778 0
72563411112131 4325736 0
72643513212332 3009417 0
73146522113231 2923991 0
73516243323113 3093926 0
73246153312211 3121356 0
72643513212311 3236279 0
73516243332131 3299580 0
73456123231322 3564413 0
73125463133132 3609522 0
73542613132121 3022687 0
73542613132322 3083749 0
73614251112323 4098814 0
73541262321212 4131027 0
73542163321133 4152652 0
73564213321322 3999679 0
73615241113322 4463507 0
73615241112323 5445668 0
73615421113322 3208008 0
73615243123313 4104160 0
73615423333331 3377830 0
73615242223133 4342888 0
73615243213313 4242700 0
73615243331312 4132790 0
73615423213211 4259921 0
73615243332311 4280239 0
73625143333313 3562314 0
73625412222323 3499488 0
73625143121213 3411337 0
73642511113232 3966748 0
73625141112323 4010755 0
73642511111111 4604834 0
73624513332131 4913886 0
73624513121132 5468864 0
73645211321111 2840306 0
73645211223113 2840187 0
73645211332112 2955029 0
73645122222311 3738227 0
73645211231111 3629279 0
73645121113211 3910005 0
73642511113322 3954011 0
73642513223222 4321405 0
73645213333112 3255035 0
73654122221111 3175507 0
73645213112231 3066708 0
73651241113322 3431095 0
73652413211312 3670437 0
73654211111132 3754626 0
73652413331321 4122555 0
73654122111122 4563312 0
74123563323221 2939155 0
74125631313311 3105283 0
74125632121121 3246995 0
74123652322121 4580796 0
74123653133231 4350795 0
74123653133222 4723358 0
74123653133132 4768527 0
74123653132232 5861492 0
74125632122111 3007446 0
74125632321332 3014603 0
74125632131111 3102471 0
74125633132232 2690189 0
74125633133222 2845286 0
74125633131233 2956396 0
74125633121111 3795643 0
74125633133312 3785151 0
74132563132112 3452906 0
74132562122111 3433866 0
74125633332323 3552554 0
74132562121121 3668007 0
74132561321231 3948683 0
74126352333122 4201443 0
74132563131221 4233366 0
74136522322121 4284672 0
74156323132331 3108853 0
74156322313223 3295145 0
74156322122321 3287258 0
74156322122123 3208532 0
74152363133132 4241747 0
74152363132232 4213895 0
74152363133231 4233165 0
74152363133222 4791564 0
74163253131332 2969119 0
74163253133132 2925580 0
74156323133123 3209111 0
74163252112211 3301346 0
74163253133213 3169036 0
74163251121122 3562923 0
74163253121111 3532887 0
74163252131111 3558457 0
74163253133231 3019311 0
74163253332323 3236870 0
74165231131313 5266171 0
74165231212121 5331094 0
74165232121112 5290696 0
74165232111212 5561877 0
74165231121212 5598587 0
74165231313131 5497900 0
74165232121211 5357060 0
74165233111313 5788133 0
74213652323132 3070246 0
74165233131113 5310149 0
74165233131323 5337695 0
74165233131311 5634615 0
74165233132313 5746764 0
74165233231313 5750625 0
74251633111313 4204581 0
74256311321222 5850819 0
74256313111232 6802641 0
74312652333332 3526012 0
74265312333233 3530563 0
74321653233323 3846847 0
74321563311131 3780062 0
74325163131323 4108597 0
74325612221222 3347637 0
74325613121312 4265685 0
74361253211231 2961756 0
74325613131212 3351984 0
74365211213111 3041498 0
74365211121221 3227541 0
74325613133333 3596125 0
74361253112132 4054627 0
74365211312111 3001060 0
74365211313113 3322484 0
74365212111311 3063809 0
74365212222323 3151763 0
74365212333332 2999195 0
74365211333111 3309272 0
74365213121333 3126655 0
74365213111211 3208902 0
74512362313223 3049459 0
74512361322233 4081101 0
74521633333313 4183393 0
74521633121312 4232270 0
74521632222212 4097346 0
74521633121213 4599666 0
74521633133333 4676001 0
74513263121222 6224825 0
74523611121113 3211503 0
74523611131112 3325035 0
74523611312111 3115234 0
74523612111311 3240874 0
74523611213111 3279377 0
74523613111211 3106297 0
74561231111222 3271467 0
74532163123223 3726397 0
74561232111113 3321160 0
74561232221111 3681928 0
74561233321133 3185907 0
74561233311233 3231860 0
74561233131233 3225348 0
74561233111112 3589126 0
74561233233323 3799343 0
74561233321313 3885249 0
74563211232332 3201257 0
74653213133222 3763792 0
75234161322233 3198636 0
75132463233233 3734001 0
75213642223133 3568398 0
75146321323331 4117874 0
75143263231313 4530915 0
75231463211123 5176176 0
75236143213232 2988444 0
75234162221111 4226776 0
75243613213232 2880337 0
75243611113232 3300402 0
75241632222323 3662916 0
75246131333312 4050730 0
75246313212311 3406395 0
75243162211322 6250704 0
75246313312211 3310342 0
75246311111111 7648052 0
75264132223331 3069515 0
75246313332332 3311755 0
75261432123233 3772688 0
75264132121232 3919768 0
75264133121333 3314867 0
75264133331213 3360574 0
75264311223122 3588821 0
75264132321212 4121500 0
75314621133221 2683860 0
75264313231112 4118655 0
75312463333133 4235254 0
75314621313212 5852989 0
75314623113122 3017397 0
75321463132121 2972500 0
75321461311112 3282465 0
75316241231231 4232999 0
75346122133133 3777978 0
75346211133122 3148308 0
75346211311211 2968092 0
75346211211311 3998748 0
75346213112132 2843118 0
75346213132322 2995187 0
75346213132121 2969243 0
75346212323333 3792066 0
75412631223332 2742090 0
75346213332122 3180842 0
75416323232213 3672232 0
75431263133213 4196524 0
75634123323122 3308650 0
75613243133213 3451340 0
75613243131332 4243416 0
75462132123212 5550260 0
75642132213311 3024382 0
75641323232111 3128421 0
76123453233323 3230925 0
76125343333133 4290529 0
76143252131312 3564982 0
76143253131212 3670455 0
76143252221222 3624990 0
76143253331333 3399300 0
76145231131112 3260271 0
76145231121113 3016546 0
76143253333313 4767179 0
76145231122112 5227357 0
76145231311331 2940041 0
76145232123332 3151351 0
76145232233213 3896951 0
76145231221112 5218006 0
76145232331313 3032063 0
76145233232333 3060883 0
76145232332213 4031658 0
76145233133213 3221129 0
76213543311332 3630561 0
76154323333112 3751994 0
76215341231231 3490760 0
76213543213133 3870547 0
76245311131121 2888757 0
76231451123111 3303302 0
76245311121131 3205978 0
76215433333133 4131526 0
76245313123121 3057646 0
76245313122122 3035870 0
76245312132131 3119327 0
76245311213312 3054940 0
76253141211332 2775221 0
76253141123132 2829327 0
76253413322312 3823748 0
76254133311323 6110630 0
76312453211111 3301316 0
76312453311311 3628940 0
76254313211111 5439239 0
76312452212111 5643279 0
76312542322121 3325997 0
76312542321212 3542669 0
76312543322222 4403551 0
76315241112113 3475442 0
76315241223113 2902839 0
76315241113112 2979070 0
76315241323313 3238453 0
76315241322122 3073074 0
76315243211231 2818438 0
76315241332112 2965298 0
76315243323323 3387933 0
76321452122321 4947345 0
76321452122123 4847561 0
76321452122333 4843391 0
76321452212231 4693451 0
76321452213122 4927503 0
76321453233131 5153327 0
76321452123323 5619643 0
76321453311233 5883340 0
76321453321133 4910357 0
76321453313312 5531409 0
76321453323311 5640633 0
76324151112233 3225282 0
76321543211111 3143142 0
76321543311131 3472023 0
76324151112323 3893400 0
76321542211112 4678439 0
76324153323122 3190568 0
76325411111213 3333901 0
76325411111312 4114407 0
76325411112131 3044879 0
76325411122121 3299014 0
76325411113121 3339729 0
76325411331311 3555543 0
76325412112121 4143121 0
76325413222223 3278277 0
76325412231212 3558777 0
76325412333233 3539063 0
76341251111213 3252099 0
76341251113121 3283064 0
76341251112131 3580647 0
76341251221121 3442417 0
76341251111312 4055569 0
76341251311313 3297406 0
76341252232313 3217932 0
76341252323333 3528865 0
76342511323112 2914946 0
76342511111231 2757843 0
76341253233131 2923957 0
76342511111321 3545473 0
76341253221212 3632301 0
76342512232223 3491699 0
76342513213112 4244667 0
76342513322111 4418030 0
76342513323122 3085330 0
76345122213311 3041294 0
76342513323212 3323169 0
76345122211121 3638975 0
76345122211112 4539776 0
76345123211111 3098065 0
76345122311111 3672191 0
76345123311113 3578926 0
76351421113322 3128765 0
76345123312211 2915054 0
76351423321232 3303266 0
76345123311131 3415587 0
76351421112323 4200185 0
76354121311313 3308724 0
76354121122121 3244845 0
76354121121212 3864294 0
76354122112121 3526099 0
76354122212222 3364629 0
76354121313131 3643517 0
76354123211123 3604145 0
76354122111212 4236473 0
76354212213323 3345015 0
76354123211132 3133574 0
76354123313333 3677910 0
76354212312233 3439606 0
76354213312223 3100178 0
76354213222223 3305543 0
76354212333332 3369859 0
76354212313322 3664211 0
76421351131121 2678214 0
76512343332311 5361653 0
76512343213313 5375385 0
76514321232113 3303031 0
76523413223231 3374411 0
76521433232333 3196351 0
76514321112323 3578291 0
76524313331222 4173093 0
76541232221222 3383008 0
76541233121213 3489442 0
76541232131213 5503445 0
76543211223221 3005906 0
76541233331333 3757555 0
76543211212112 3699087 0
76541233333313 4251358 0
76543211111111 7192810 0
76543211332331 3001459 0
76543212132323 3303488 0
76543211333333 3315708 0
76543212222221 3173000 0
76543213113131 3281173 0
76543212323213 3258398 0
