12345672121232 20869 0
12345672123212 19206 0
12345672321212 19783 0
12345673131323 19065 0
12345673132313 24541 0
12345673231313 23379 0
12345761111111 14003 0
12346571111231 13097 0
12346751113133 15910 0
12347561112212 23574 0
12347651111111 46034 0
12347651122112 28716 0
12347651133311 21842 0
12347652111221 20403 0
12347652123233 19799 0
12347652123332 24973 0
12347652223232 11549 0
12347653111133 22012 0
12347653132223 23344 0
12347653132322 23366 0
12347653332323 10854 0
12354671111111 13079 0
12354761112323 97400 0
12354762121112 14504 0
12354762121211 14795 0
12354762311123 13161 0
12354763131131 15295 0
12354763133111 14326 0
12354763211123 11943 0
12356471113133 21024 0
12356741133131 17404 0
12356741313131 11698 0
12356743113131 13778 0
12357461111222 16757 0
12357461113331 14145 0
12357462211112 12131 0
12357641113331 16323 0
12364571112212 16353 0
12364751112212 14825 0
12364751113133 19202 0
12364753311131 10418 0
12365471111111 39434 0
12365471211122 21398 0
12365471313113 20141 0
12365472223232 14090 0
12365472321233 28041 0
12365473232312 26009 0
12365473332323 13224 0
12365741113331 21271 0
12367451123333 9943 0
12367451132222 14534 0
12367451213333 14005 0
12367451312222 10082 0
12367452113333 11934 0
12367453112222 20012 0
12367541112212 16724 0
12367541113331 26344 0
12367541331131 15339 0
12374561121212 11423 0
12374561211212 13823 0
12374562111212 12375 0
12374651111222 24835 0
12375461111222 18305 0
12375641113112 16133 0
12376451111222 15237 0
12376451113133 26291 0
12376451221211 16169 0
12376541112323 86933 0
12376541232233 14578 0
12376541322233 13470 0
12376542121232 15491 0
12376542123212 14129 0
12376543133132 16077 0
12376543133231 13939 0
12456731132321 44721 0
12456731233223 16023 0
12456733223321 16561 0
12463751231231 32601 0
12467351131121 20667 0
12467351231321 10376 0
12473561132123 25885 0
12536741112323 34243 0
12537461332112 14810 0
12543671111111 46126 0
12543671211212 20505 0
12543671331113 22104 0
12543672121121 28810 0
12543672321332 25066 0
12543672322232 11648 0
12543672331232 19899 0
12543673111331 21944 0
12543673221323 23395 0
12543673231223 23361 0
12543673233323 10876 0
12546371221331 24714 0
12563472131213 9912 0
12563473131212 13673 0
12564733323122 15172 0
12567433232333 16516 0
12576343212221 23916 0
12637451132111 20640 0
12637451332112 13552 0
12643571321321 16204 0
12645371131121 16019 0
12673542331133 21722 0
12734561112323 21646 0
12734561322233 17726 0
12734562313223 17407 0
12745631111111 46111 0
12745632111122 23230 0
12745632212213 17069 0
12745632222221 17735 0
12745632232211 17133 0
12745633131131 22263 0
12745633313312 20588 0
12745633313333 22174 0
12745633323311 22509 0
12753462231323 15321 0
12763452322232 11664 0
12765432121313 10515 0
12765432222212 10569 0
12765433121213 11544 0
12765433331333 10371 0
13245671321111 14029 0
13246571111111 9150 0
13246571112233 12042 0
13246571113232 13043 0
13246572321332 14812 0
13246572331232 14528 0
13246573221233 21478 0
13246573321223 23523 0
13246752133211 23452 0
13247563212131 19807 0
13254761322233 11958 0
13254761323322 20669 0
13254762321233 20108 0
13254763323122 12636 0
13257641112233 14525 0
13265741112323 14846 0
13265742131312 28289 0
13267451122211 10434 0
13267451311133 15454 0
13267541111132 20851 0
13267541232212 17610 0
13274651112323 10814 0
13275461112233 28121 0
13275463213211 19272 0
13275641112233 13068 0
13275641112323 15467 0
13275642131333 17361 0
13275643212221 16670 0
13276451113211 18527 0
13276451233133 19018 0
13276541133122 22793 0
13276541213312 29745 0
13276541321123 25705 0
13276541322311 23375 0
13276541323112 21866 0
13276541323322 17482 0
13276542323312 15614 0
13276543323122 21910 0
13462571111111 21753 0
13462572213311 17953 0
13527461211113 20958 0
13542671231231 15786 0
13546271213213 10435 0
13546271231231 19084 0
13546271321321 14710 0
13572641122133 13854 0
13576241312213 20839 0
13576241321321 19285 0
13627451332112 20854 0
13642571221223 13659 0
13642571223221 11577 0
13642573221221 17277 0
13645271221331 21152 0
13647521111111 18442 0
13675241112323 14846 0
13675242331313 18209 0
13725642332132 24565 0
13754262123323 18302 0
13762451321321 30100 0
13764251211311 22684 0
13764252323231 17948 0
13765422121211 28480 0
14263751131121 21629 0
14267351321321 22354 0
14275633323122 24239 0
14325671111111 39550 0
14325672112121 21520 0
14325672231323 25385 0
14325672323222 14212 0
14325673123232 23497 0
14325673232333 13122 0
14325673311131 20254 0
14327652131213 13791 0
14327653121213 9820 0
14352672212111 16330 0
14356721112323 21875 0
14356721322233 18073 0
14367252322232 12199 0
14367523311113 15209 0
14523672121313 12732 0
14523673121312 15203 0
14527631121311 15121 0
14527631131211 10606 0
14527631133311 17364 0
14527631211131 16017 0
14527631311121 15863 0
14527632122213 22408 0
14527632212111 24950 0
14527632333332 24424 0
14527633132322 21614 0
14527633312133 24893 0
14536273311311 22743 0
14537622231323 26949 0
14563272323222 12301 0
14567231312213 29947 0
14567231321123 36184 0
14573261333111 15677 0
14625731111111 21335 0
14625731131121 11273 0
14625731322233 27427 0
14625732112121 17896 0
14625732113321 17560 0
14625732213323 24399 0
14625732233111 17833 0
14625733133111 19139 0
14632571111111 24165 0
14632571321132 17554 0
14652733321331 17501 0
14673251111111 9509 0
14723651111213 11553 0
14723651111312 10808 0
14723651112131 15494 0
14723651113121 21059 0
14723651211212 25455 0
14723652322121 16623 0
14723652331232 26139 0
14723653232222 19376 0
14723653313111 21847 0
14723653321313 19912 0
14725361111111 16685 0
14725361111123 19785 0
14725361322332 26234 0
14725362211121 19688 0
14725363211213 25248 0
14725363213121 21041 0
14725363223213 16339 0
14725363311113 19854 0
14726531223122 22875 0
14726531232122 16002 0
14726531233313 15909 0
14726531333312 21280 0
14726532232313 18526 0
14726533323122 18538 0
14735621221112 17660 0
14735621223113 20174 0
14735621223332 25872 0
14735621233112 20473 0
14735621323112 20653 0
14735621332112 22756 0
14735621333111 15589 0
14735621333222 26704 0
14736251111132 15072 0
14736251112332 12866 0
14736253222223 12945 0
14736521132222 21582 0
14736521133131 15754 0
14736521211212 16092 0
14736521213333 22072 0
14736521221313 21549 0
14736521321231 13299 0
14736521322233 10645 0
14736521332121 21395 0
14736523112222 23450 0
14736523113131 13949 0
14752363222121 18481 0
14752363232222 15739 0
14752363233131 14257 0
14752631111111 17302 0
14752631112311 21043 0
14752631323223 25359 0
14752632332132 20013 0
14752633213223 18003 0
14752633222223 21646 0
14752633223123 16022 0
14752633223231 23934 0
14753261221112 11988 0
14753261323112 21923 0
14753261333111 13492 0
14762351221331 14699 0
14762351321231 12043 0
14762351331221 17096 0
14763251221223 11453 0
14763251222312 12086 0
14763251332331 16977 0
14763251333123 12162 0
14763252322121 8948 0
14763253132232 10156 0
14763253133132 9091 0
14763253133222 11833 0
14763253133231 10545 0
14763253221221 10903 0
14763253222112 12046 0
14763521113211 14171 0
14763521113223 14379 0
14763523222331 21716 0
14765231111213 13408 0
14765231111312 13991 0
14765231112131 11039 0
14765231113121 17513 0
14765231133131 22654 0
14765232211211 22319 0
14765232232322 24996 0
14765232331313 20611 0
14765233113131 23199 0
14765233323332 21459 0
15236471111111 18855 0
15236473231121 14454 0
15243671331221 23456 0
15246371331332 12263 0
15246371332331 13701 0
15246372331331 11306 0
15267431223113 17277 0
15273641112323 17157 0
15324673113311 20997 0
15342671211311 12978 0
15346271321321 16230 0
15367421211113 21602 0
15367421223113 13093 0
15367423211123 27239 0
15426371111111 33417 0
15426371112233 33370 0
15463271313113 15090 0
15624732123212 17567 0
15624732133313 23259 0
15624732333332 15790 0
15627431223113 12165 0
15627431322113 26421 0
15627431332112 14602 0
15634722123332 10612 0
15634722321233 12585 0
15637423211123 12555 0
15642371111111 16420 0
15642372213311 13565 0
15642372231332 16744 0
15642372331322 13468 0
15642373212311 14603 0
15642373221323 13824 0
15642373231223 15965 0
15643271221331 26368 0
15643271331221 16747 0
15643273223111 15431 0
15647233213232 22647 0
15672341113232 10428 0
15672341323112 25301 0
15672342323312 12858 0
15672343213232 14352 0
15672433312133 18731 0
15724362212132 18902 0
15724631111111 20845 0
15724631211311 10526 0
15724631322233 25142 0
15724632123233 15586 0
15724632313223 29837 0
15724632323231 17835 0
15724632323333 20162 0
15724633132322 16982 0
15734622331223 19849 0
15746321111111 25874 0
15746321323211 16401 0
15746322313112 12146 0
15762342122213 24481 0
15763241111111 9274 0
15763242323132 15805 0
16243571132132 12151 0
16243571231231 16643 0
16243571321321 14026 0
16245371231231 18179 0
16254733312223 21674 0
16257431132111 20719 0
16257433223123 17851 0
16273541122133 30196 0
16273541321321 18503 0
16275341312213 24452 0
16275343122221 24049 0
16327453232333 11131 0
16342571331221 20907 0
16345271111111 39531 0
16345271133131 20240 0
16345271222111 21491 0
16345272322232 14185 0
16345272333212 24862 0
16345273122323 26271 0
16345273233323 13243 0
16347252131312 15181 0
16347253121312 12705 0
16357421223113 15398 0
16374521112323 33542 0
16374523211123 33489 0
16423572112121 15420 0
16427531211311 18921 0
16427531231321 10983 0
16427532333233 21571 0
16453271111111 21693 0
16453271211113 27121 0
16453272111131 12970 0
16475233132313 23770 0
16523473332323 11158 0
16523741112212 15273 0
16524731112212 19398 0
16524731112233 11782 0
16524731113133 16303 0
16527341111111 13927 0
16527431123333 12980 0
16527431222132 10816 0
16527431312222 11572 0
16527431333213 9851 0
16527432113333 13945 0
16527432211322 16991 0
16527432231122 12335 0
16527432231332 11844 0
16527432331322 11628 0
16527432333113 9930 0
16527433312133 11684 0
16532471111222 15800 0
16534271111111 19884 0
16534271111132 19630 0
16534273211111 10892 0
16534723211123 8133 0
16537421111222 14539 0
16537421113322 11131 0
16537421113331 15827 0
16537421223113 13162 0
16537421233112 26637 0
16537421332112 12582 0
16542371221331 15257 0
16542371331221 26310 0
16542372112331 16270 0
16543271221223 19886 0
16543271223221 9963 0
16543271331332 11820 0
16543271332331 13889 0
16543272331331 9825 0
16543273221221 14413 0
16543721111111 15568 0
16543721113211 19763 0
16547233332323 13695 0
16547321113331 24392 0
16572431111111 17474 0
16572433213223 22993 0
16573241123123 15703 0
16573241312312 17258 0
16574231113133 15600 0
16723451122133 24094 0
16723451322311 34594 0
16725431121311 12836 0
16725431131211 13301 0
16725431211122 18009 0
16725431211131 13676 0
16725431311121 10425 0
16725432211121 20694 0
16725432232223 20666 0
16725433113311 24893 0
16725433122212 19191 0
16725433333232 24816 0
16735242122213 20412 0
16742352232313 15628 0
16743252323222 11177 0
16745232121313 10042 0
16745232122222 9448 0
16745233121213 10200 0
16745233333313 13605 0
16753241221112 15291 0
17246351111111 20449 0
17265433111313 20619 0
17324561211323 35222 0
17324561232332 14591 0
17326452212111 15922 0
17356241212313 23906 0
17356242211331 28943 0
17362451211311 20004 0
17362451231321 11003 0
17362452213311 19753 0
17364251231231 22859 0
17423653213232 16165 0
17425631122112 17580 0
17425631223113 20361 0
17425631313113 15595 0
17425631322113 20325 0
17425631322332 25798 0
17425631323112 19696 0
17425631323223 22371 0
17425631332112 20941 0
17426531112233 13449 0
17426531121212 15749 0
17426531132312 17488 0
17426531213123 24176 0
17426531223221 15503 0
17426531232233 9331 0
17426531313131 20671 0
17426531331332 15652 0
17426532121211 13904 0
17426532331331 15984 0
17435622211133 20980 0
17435623211123 12884 0
17436521323232 15877 0
17452363213232 14614 0
17452363322132 24381 0
17452633213232 17887 0
17453262211133 16466 0
17462352213311 9442 0
17463251122112 17223 0
17463251221331 21432 0
17463251313113 12823 0
17463251321231 12081 0
17463251323112 22275 0
17463251331221 21740 0
17526431131121 18485 0
17526431231321 11449 0
17526432123233 13344 0
17543261111111 17572 0
17543261132111 27079 0
17642531111111 32609 0
17642531112233 51442 0
17642533312211 32204 0
17643251122112 15330 0
21345671111111 16117 0
21345762223322 17480 0
21345762312323 15588 0
21345762313223 13046 0
21345763332233 16652 0
21346752313322 13831 0
21347562312323 17280 0
21354671122112 20171 0
21354671131313 16056 0
21354671221112 20135 0
21354672311123 14487 0
21354672311132 13585 0
21354672313211 40150 0
21354673131113 13913 0
21354761112233 29864 0
21354761112311 21766 0
21354761113211 17598 0
21354761113322 22909 0
21354761122211 15734 0
21354761133311 21881 0
21354762213311 25683 0
21354763312211 23356 0
21357462311111 30324 0
21357463213331 18477 0
21357642221132 21850 0
21364752311111 20960 0
21364753212212 19263 0
21365742221312 18111 0
21365742312323 14967 0
21367451311331 17161 0
21367452112112 15597 0
21374653333121 23889 0
21375462312233 24429 0
21375463333211 27623 0
21376541111123 10326 0
21376541112311 25201 0
21376541122211 12840 0
21376541131133 14248 0
21457631321123 26869 0
21473563331312 24835 0
21536742222131 25326 0
21654372231323 14370 0
21654372233321 10442 0
21654373332122 12740 0
21654373332221 25320 0
21734652123131 32945 0
23147562123131 14881 0
23147651112323 13196 0
23147652312323 11220 0
23156471222132 24289 0
23156471333132 23365 0
23156473323332 17591 0
23157461231333 19275 0
23157462131123 21925 0
23164573213133 17376 0
23164752131312 24449 0
23164753333313 23392 0
23165471111111 11292 0
23165471311133 19016 0
23165471312132 17863 0
23165472111122 17780 0
23165472111332 17582 0
23165472132332 24279 0
23165472311111 21215 0
23165473233221 27304 0
23165741112323 15060 0
23165741231312 18551 0
23165742123131 10853 0
23165742131321 18423 0
23165742131333 30003 0
23165742312323 14702 0
23165743331312 30013 0
23167541233322 18359 0
23167542131222 19547 0
23174652123131 8976 0
23175463211222 21326 0
23176452132221 20563 0
23176453332233 22529 0
23416752121211 25053 0
23417563232123 22839 0
23456173212332 12474 0
23456173233122 10631 0
23456713212332 15389 0
23475162121112 28276 0
23517462131333 25216 0
23576412233321 17438 0
23576412312323 17160 0
23657142121112 24474 0
23671452122333 20528 0
23674153232321 19060 0
23751461132123 15743 0
23751463112321 12277 0
23756143222331 22071 0
23756411222312 13534 0
23756413222112 13938 0
23756413223312 11471 0
23756413322312 11922 0
24153672321233 22530 0
24157361313212 16362 0
24157362323111 14057 0
24167353132232 25263 0
24173652323231 8309 0
24315673311311 21247 0
24315761122322 28459 0
24315762213323 14970 0
24351671212211 16633 0
24351673111133 15454 0
24351673311311 26247 0
24351761111123 20826 0
24351761212232 17734 0
24367511323112 15916 0
24367513111121 9250 0
24376512222122 24465 0
24516732233111 13271 0
24531673123121 15428 0
24536713231232 21101 0
24537613231322 27517 0
24561372111131 9397 0
24563711121212 20248 0
24563712121232 28201 0
24563713121222 26125 0
24571362221213 27320 0
24571631121212 20852 0
24615371112332 18228 0
24615372213311 14944 0
24615731122313 30130 0
24615731132333 18529 0
24615732111323 30123 0
24615732213311 14681 0
24615732233321 15182 0
24615733113323 18401 0
24615733311122 19726 0
24617532233321 14413 0
24637512311132 14707 0
24651731113223 19667 0
24651731333333 18265 0
24715363311332 19644 0
24715631111111 20400 0
24715631122121 21035 0
24715631122133 17771 0
24715632313223 24261 0
24715633112111 10893 0
24715633131131 16796 0
24716532323231 18510 0
24731561111111 24141 0
24731562311231 14033 0
24736512222332 20635 0
24751362221231 21251 0
24751362321113 21376 0
24761531221223 26731 0
24763151111111 9191 0
24765313222112 29123 0
25134672233321 51540 0
25134672312323 32300 0
25134672313211 32715 0
25137461111111 18282 0
25137461211323 15023 0
25163741112323 14290 0
25314673111313 17371 0
25314673111331 11675 0
25314673131311 13752 0
25341673113311 16299 0
25341762313223 14508 0
25364172311231 31621 0
25364173223231 11711 0
25367411211122 15408 0
25413672323111 31701 0
25413763121222 24688 0
25436711311313 15902 0
25436712123122 15801 0
25436712123332 17315 0
25436712132122 24663 0
25436712323231 20767 0
25436713232321 15239 0
25436713332122 18308 0
25463713212332 20616 0
25471362323132 9068 0
25471631312213 34695 0
25631741212121 24463 0
25634713321232 22183 0
25641371213132 21822 0
25714632123131 12771 0
25714632223331 14130 0
25714632313211 37870 0
25714633121333 21638 0
25716431212223 22507 0
25716433223213 26835 0
25731642232211 18135 0
25734162221111 21717 0
25734613113323 32312 0
25736141111123 11127 0
25736141233232 18529 0
25736411133113 15816 0
25736411231321 9807 0
25736411321312 20680 0
25736411331113 13960 0
25736413123112 25570 0
25741361232113 15089 0
25741632222323 15811 0
25741632312323 11493 0
25743611233232 25223 0
25763142223133 14352 0
25763411332322 10613 0
26135742132221 27678 0
26135742213323 13545 0
26135742332312 27115 0
26153471122121 14486 0
26153473131131 12047 0
26153473132121 26520 0
26154372332213 18747 0
26175432331133 18242 0
26317451212211 15403 0
26345711223113 19856 0
26371453112111 14050 0
26415731322323 21371 0
26415732121223 18449 0
26415732233321 25104 0
26435712222122 28172 0
26435712233321 13990 0
26435712311132 9891 0
26435712322322 27010 0
26435713311122 19884 0
26435713333133 23529 0
26437512122312 19799 0
26453172211133 13811 0
26453711333333 19568 0
26513471122121 20878 0
26517343333313 20411 0
26534713333313 34965 0
26543171111111 20734 0
26543171123111 13430 0
26547313131323 23765 0
26573413331312 15717 0
26714531212133 20669 0
26714532121133 20816 0
26715433231322 27063 0
26741351232113 13887 0
26743512121232 28542 0
27134561131133 15255 0
27154632311132 33473 0
27314652313211 34220 0
27365412321212 20537 0
27415363131113 20235 0
27415632323231 25169 0
27415633321322 21174 0
27416532133232 16307 0
27416533321232 11773 0
27435612122222 23553 0
27453161123111 15921 0
27453161132111 19190 0
27456133132223 20520 0
27516341111111 18939 0
27534161111111 14920 0
27534161111123 26591 0
27534162311111 8880 0
27534612311132 8408 0
27536412332312 23311 0
27543611111123 26254 0
27543611111132 16795 0
27546312231122 18361 0
27613543333133 24359 0
27614353311332 25302 0
27615431312333 30103 0
27615432113321 13522 0
27615433313213 23996 0
27634511131133 18423 0
27634512233321 11033 0
27643513311233 18113 0
31246753312211 11604 0
31247651113232 10901 0
31247651323232 22398 0
31256471231222 18995 0
31257462222221 23338 0
31257462312311 21278 0
31257643311122 13120 0
31264572122213 18360 0
31264573132313 15837 0
31264573222223 23141 0
31264752132122 20506 0
31264752313121 24224 0
31265471111111 19877 0
31265471122112 19779 0
31265471122133 21062 0
31265471312213 25270 0
31265471313113 19958 0
31265471321111 16710 0
31265472233321 26331 0
31265472312233 16438 0
31265741233331 19742 0
31267542222233 21277 0
31267542313133 21401 0
31275461112233 15172 0
31275461322233 12378 0
31275462133211 15395 0
31275462223211 16945 0
31275462311213 16935 0
31275462312212 23215 0
31275463311122 12563 0
31276452133322 25446 0
31276452313313 27623 0
31452671323211 17311 0
31452671332232 15172 0
31452672322331 12894 0
31456722111221 14613 0
31462751111111 22970 0
31462751113322 19167 0
31475261322233 32902 0
31475262331313 27402 0
31475262333221 19229 0
31524673332122 15727 0
31527643332122 13916 0
31564272212111 14716 0
31564272213311 12061 0
31564273113311 17116 0
31572461122133 10158 0
31624751112233 17552 0
31624753312211 17276 0
31627452221333 15837 0
31654272313322 24363 0
31754621331122 34481 0
31765242322121 29148 0
32145671111111 45997 0
32145671123333 20609 0
32145671132222 17089 0
32145671221112 23117 0
32145671333333 22196 0
32145672113333 22529 0
32145672212222 17834 0
32145673112222 17157 0
32145673311113 22142 0
32146751232323 21714 0
32146752232223 12666 0
32147562313223 10126 0
32147562333233 21184 0
32147651123333 12078 0
32147651132222 11552 0
32147651213333 16710 0
32147651312222 13334 0
32147652113333 12180 0
32147652231332 10145 0
32147652233213 13229 0
32147652331322 10344 0
32147652332213 10712 0
32147653112222 11203 0
32156471111111 10547 0
32156471113211 20731 0
32156471232332 29858 0
32156472312332 17718 0
32156472332132 20182 0
32156472332321 25019 0
32156472333332 15470 0
32156473223123 17011 0
32156741112323 97093 0
32156742311123 14226 0
32156742313223 12650 0
32156742333131 21741 0
32157641232323 11373 0
32157642231323 15698 0
32164571111111 21139 0
32164571111231 17335 0
32164571232323 17884 0
32164572232223 16039 0
32164572232313 21741 0
32164572233321 25460 0
32164572312323 23955 0
32164573323212 20032 0
32165741111111 10909 0
32165741111132 20282 0
32165741233223 24287 0
32165742211112 20911 0
32165742331112 17796 0
32165743311131 16679 0
32167451111111 39305 0
32167451213333 17992 0
32167451222222 19665 0
32167451312222 20777 0
32167451333111 19940 0
32167452211121 22152 0
32167453222313 24929 0
32167453313333 16469 0
32167453321232 23891 0
32174561112323 86944 0
32174561232113 13520 0
32174561232233 11258 0
32174562231212 20278 0
32174652312332 19871 0
32174652332132 13333 0
32175461111111 21547 0
32175461113112 10573 0
32175461221112 17844 0
32175461333111 16624 0
32175462233111 22376 0
32175462312323 21904 0
32416753121222 33445 0
32417562113321 25106 0
32417652132131 17507 0
32417653132121 18022 0
32451762331121 14776 0
32456173212332 19869 0
32456711233133 35357 0
32465172112121 20047 0
32465172132131 17758 0
32465172133121 20676 0
32465172332321 25749 0
32465173123121 15689 0
32465173132121 20572 0
32465173133111 22629 0
32465173233221 26576 0
32475161232323 18684 0
32475163331222 19736 0
32476513232231 16392 0
32517463131311 22015 0
32546713323212 16563 0
32547611121113 13746 0
32547611131112 11862 0
32547611213111 13197 0
32547611312111 16482 0
32547612111311 14504 0
32547613111211 11654 0
32561471113133 27047 0
32561471121311 10689 0
32561471122211 25331 0
32561471131211 11434 0
32561471211131 20935 0
32561471311121 15373 0
32561472133313 20002 0
32561472213122 16723 0
32561473222223 19403 0
32561473323212 26153 0
32567412122222 14577 0
32567412131312 12754 0
32567412222212 9927 0
32567413131212 10167 0
32567413133333 11588 0
32576142313223 32826 0
32615473332122 24587 0
32647152133121 16782 0
32647153132121 26382 0
32647512333233 25121 0
32657143121213 18013 0
32657412111212 28511 0
32671453123313 23672 0
32674152113333 18332 0
32714652332132 16543 0
32716452123212 24310 0
32741651121311 14472 0
32741651131211 11634 0
32741651211131 16460 0
32741651311121 13172 0
32741652111113 11985 0
32741653111112 13858 0
32745611223332 24197 0
32745612313322 24200 0
32745612322331 34402 0
32751643321232 25241 0
32754163211123 17098 0
32756141233121 32406 0
32761452121313 9687 0
32761452122222 11733 0
32761452222212 9818 0
32761453121312 14976 0
32761453133333 13878 0
32765411112221 27012 0
32765411121113 15281 0
32765411131112 10403 0
32765411133113 17716 0
32765411331113 17723 0
32765412221312 22604 0
32765412323222 13287 0
32765413122212 16880 0
32765413223312 17576 0
32765413231223 21196 0
32765413322312 17616 0
34125672131213 10224 0
34125672131312 9925 0
34125672221222 9469 0
34125673133333 13699 0
34127651121113 11128 0
34127651131112 11380 0
34127651213111 12502 0
34127651312111 12639 0
34127652111311 11391 0
34127653111211 11043 0
34162752132212 25498 0
34165271112212 30653 0
34165271121311 13874 0
34165271131211 13291 0
34165271211131 17388 0
34165271311121 10915 0
34165271311133 23075 0
34165272323333 21476 0
34165273133312 20490 0
34165273222322 21856 0
34165273311131 22535 0
34167252213323 24471 0
34172562132332 23098 0
34172562313331 21365 0
34175263321232 22350 0
34216572213122 18328 0
34261572132131 11871 0
34261572133121 21946 0
34261573123121 13376 0
34265712212132 17760 0
34275161312213 16689 0
34275162112322 22987 0
34275162213221 24335 0
34516271111111 22566 0
34516272312332 18041 0
34516722313223 9368 0
34517622231323 14906 0
34521672223232 11274 0
34526713232312 14836 0
34527612211322 16097 0
34527612231122 16463 0
34527612231332 19636 0
34527612331322 20006 0
34527613312133 10592 0
34561272122123 11929 0
34561272122321 11965 0
34561272212213 10920 0
34561272213122 11214 0
34561272232211 11482 0
34561273221233 10632 0
34561273233131 12046 0
34561273311233 11236 0
34561273313321 17007 0
34561273321133 12153 0
34561273321223 9060 0
34561721111111 24288 0
34562171321111 12743 0
34562171321231 15098 0
34562172232313 13035 0
34567212223232 10943 0
34617252111212 19900 0
34617252123212 28230 0
34617252132212 21620 0
34617522221333 20511 0
34621572132131 15389 0
34625172111212 20511 0
34627512232313 10583 0
34651271123111 9156 0
34651272332132 15903 0
34675212222122 29036 0
34715262221123 17733 0
34716522223211 23331 0
34721652121313 12876 0
34721652131213 10288 0
34721652221222 9905 0
34721652222212 14482 0
34721653333313 11491 0
34725611212211 24842 0
34725612111113 10308 0
34725612121322 22582 0
34725612231212 16864 0
34725612231332 17734 0
34725612322232 13258 0
34725612331322 17703 0
34725613111112 15186 0
34725613111133 17629 0
34725613132223 21096 0
34725613311113 17624 0
34761252323222 10844 0
35126741232212 20549 0
35126742231233 20695 0
35127462331331 24776 0
35162472122231 22971 0
35162472123233 18417 0
35162473122221 15883 0
35162473323131 21374 0
35162473332122 18617 0
35162473332131 15783 0
35162742213323 18389 0
35167242132212 26611 0
35172461232323 20093 0
35174262213131 21258 0
35174262231113 21098 0
35246171111111 21528 0
35246171113322 17290 0
35246172213311 17601 0
35267141223233 16078 0
35267141321132 32209 0
35271461322233 14475 0
35416721113112 18062 0
35416723232213 12421 0
35417622223133 15377 0
35426712131132 20149 0
35426712311312 18602 0
35426713111313 15034 0
35426713131113 13617 0
35426713312211 12265 0
35461271111231 14261 0
35461271321231 14197 0
35461272222323 21735 0
35462171131313 14187 0
35462171212121 13820 0
35462171221223 13838 0
35462171332331 15981 0
35462172213311 10659 0
35462172223331 13393 0
35462172312131 21580 0
35462173123211 21415 0
35462173131311 14307 0
35462173221221 15641 0
35462712322322 23424 0
35472163222313 10406 0
35472163231322 19570 0
35476122221111 15353 0
35614722321233 15507 0
35617423131332 19471 0
35624712121232 11600 0
35624712321212 12041 0
35624712321332 14063 0
35624712331232 13656 0
35714623111322 35475 0
35721642221213 28414 0
35762142222113 20516 0
36125471111333 25822 0
36125471212112 20792 0
36125471213111 10527 0
36125471222111 18101 0
36125471312111 13774 0
36125472111311 12933 0
36125472121223 19073 0
36125473111211 13398 0
36125473232222 20766 0
36125473323233 23517 0
36125743222331 26946 0
36127451333222 23862 0
36145272122222 10445 0
36145272131213 11641 0
36145272131312 10607 0
36145273333313 10463 0
36147251121311 11906 0
36147251131211 12090 0
36147251211131 15281 0
36147251311121 12451 0
36147252111113 12488 0
36147253111112 12202 0
36152741231312 22599 0
36152742131321 26860 0
36172452133133 16209 0
36217452131333 31312 0
36217541223311 14894 0
36217543213112 15690 0
36241573212332 15420 0
36241753212311 19688 0
36415272123212 28506 0
36417522123311 18875 0
36514272212111 29973 0
36521472113321 24082 0
36521472331121 24649 0
36527411131133 24509 0
36527412111113 12975 0
36527412131222 16640 0
36527412211322 20389 0
36527412221312 16399 0
36527412231122 20448 0
36527412322232 10679 0
36527413111112 14988 0
36527413311311 23884 0
36541272323222 11759 0
36542712121322 24185 0
36547212121313 15010 0
36547212122222 9908 0
36547212131312 9782 0
36547212221222 11832 0
36547213331333 13757 0
36712542121112 13634 0
36712542121121 11573 0
36712542121211 14036 0
36712542122111 12018 0
36714252232223 14959 0
36714521232113 12388 0
36714522121322 20056 0
36714522122213 18507 0
36714523132223 22825 0
36714523132322 21034 0
36721451131331 23490 0
36721452121322 16373 0
36721452122123 20426 0
36721452122213 16624 0
36721452122321 20365 0
36721452131111 15109 0
36721452223232 10581 0
36721453113113 25965 0
36721453121111 13097 0
36725411121212 17518 0
36725411131313 18641 0
36725411212121 19428 0
36725411313131 17216 0
36725412111212 18307 0
36725412121112 17051 0
36725412121211 18566 0
36725412121232 17799 0
36725412123212 20224 0
36725412321212 20296 0
36725413111313 22599 0
36725413131113 20358 0
36725413131311 23960 0
36741252122123 16441 0
36741252122321 16071 0
36741252122333 19982 0
36741252123323 19617 0
36741253233131 10565 0
36745211211221 21855 0
36745212121223 16762 0
36745212122312 22490 0
36745212122333 17674 0
36745212123323 17720 0
36745212131111 15308 0
36745212223232 13160 0
36745213121111 10430 0
36745213131131 17741 0
36745213133111 17743 0
36745213232213 21217 0
36751243222322 10498 0
36752142122132 20702 0
36752142123221 25592 0
36752143132232 13851 0
36752143133222 15702 0
36752143211132 9905 0
36754123232222 16304 0
37246511112233 17129 0
37256142321233 21821 0
37415622333221 18241 0
37426513132313 16327 0
37452162323312 14901 0
37516422333311 25701 0
37561241311112 9073 0
37612453122233 23238 0
37612542221111 22158 0
37614252221123 20994 0
37614521111111 20885 0
37614521323232 15364 0
37614522111221 17430 0
37614522113321 15775 0
37614522313322 24785 0
37614522323312 18291 0
37614523232213 16015 0
37615421113322 13964 0
37615422211133 21087 0
37615422223133 10897 0
37615422313121 28294 0
37615422313331 26984 0
37615423121132 23646 0
37624152311213 23213 0
37624511232233 9925 0
37624512121322 25476 0
37624512231212 20586 0
37624513131323 15796 0
37624513231313 13942 0
37641252222323 27499 0
37642152213311 8388 0
37642513122221 32430 0
37645122312221 22197 0
37651242211133 22421 0
37651422312311 19922 0
37652141113232 11149 0
37652143231322 18542 0
37654212311222 20609 0
41236753232321 17465 0
41237561313131 23162 0
41263751312222 18042 0
41325671212211 18277 0
41325762313223 28099 0
41325763131233 19173 0
41352671212112 11403 0
41352671212121 13801 0
41352671222111 12357 0
41357622313112 17879 0
41367253111133 15791 0
41532672313211 20555 0
41532761233133 17814 0
41563273113311 22233 0
41576322212222 21354 0
41625372313211 24336 0
41625373121213 17096 0
41625731222231 21442 0
41635721212121 25928 0
41657321222312 24954 0
41673252212222 27298 0
41673521111111 9179 0
41723562313211 14377 0
41725361232113 11804 0
41725361321213 23198 0
41725362221213 16843 0
41725362313211 12278 0
41725362313223 15156 0
41725363121222 15298 0
41725363121231 16920 0
41725631111111 10551 0
41725631211122 17745 0
41725632322331 21881 0
41725633111133 16525 0
41725633121123 22351 0
41725633211111 21456 0
41726352313322 10131 0
41726532312233 19993 0
41735261323313 31007 0
41735262312233 16662 0
41735263123223 19855 0
41735621233232 19856 0
41735622313322 18591 0
41736521233232 19478 0
41736522332231 10531 0
41752631222123 20401 0
41752632311123 11230 0
41752632312323 13643 0
41752632313211 43780 0
41756231321213 23070 0
41756233121231 21483 0
41762532221333 21007 0
41762533123331 21159 0
41765231233232 22257 0
41765322221312 27530 0
41765322313211 32804 0
41765323122212 19204 0
42136752131312 18310 0
42137561123333 18031 0
42137653122131 16856 0
42137653132121 24003 0
42157633231322 22775 0
42163751121212 28226 0
42165373223123 19377 0
42167532131333 23296 0
42315673112111 13909 0
42351671212211 23553 0
42351763231133 19786 0
42367153111121 17471 0
42367153211123 27197 0
42516372233111 10910 0
42561733323122 28152 0
42573612323231 10995 0
42573613322231 22491 0
42613572313211 14405 0
42615371313332 17457 0
42615372213311 15570 0
42615372221213 16551 0
42615372313211 12956 0
42651372213311 17260 0
42651733311122 20112 0
42673512232133 19676 0
42751632321233 21304 0
42751632323231 10248 0
43126572133313 21771 0
43167251232212 25336 0
43176252123131 31777 0
43176252311132 46620 0
43216573132121 20768 0
43216573132223 12520 0
43216573212311 12050 0
43216573212332 20200 0
43512671313332 23547 0
43527612312323 19705 0
43561271111111 21509 0
43571262122222 17922 0
43572161111111 17343 0
43572612312323 11624 0
43576211123222 20524 0
43576212112232 24320 0
43615271333312 17232 0
43615272113321 14942 0
43617521223221 24807 0
43621752213323 25117 0
43651722323132 22957 0
43675122222122 24928 0
43675211221331 19763 0
43721653231313 21989 0
43751623123313 25221 0
43765212222122 17643 0
45167323322231 20849 0
45176231131313 12781 0
45176231133113 17431 0
45176231331113 13780 0
45176233131113 11749 0
45176321131133 20938 0
45213672221123 19685 0
45273162222122 23041 0
45276131131133 16110 0
45312671222312 14406 0
45312672223331 13139 0
45312672233321 12069 0
45312672313211 36624 0
45312673132313 28279 0
45312673222112 14698 0
45312673231313 28279 0
45312761113211 20784 0
45312761133311 12618 0
45312762221111 20220 0
45312762311111 12074 0
45321671212211 16747 0
45321671221121 12030 0
45321673113311 14119 0
45327612222323 15442 0
45362712122222 18203 0
45367122223133 13744 0
45367211111132 21826 0
45367211211122 11973 0
45367213111133 13471 0
45376121131133 14583 0
45376121331311 24282 0
45376211333123 15857 0
45376213131323 25155 0
45376213333322 18459 0
45612371133221 22892 0
45612372331121 29842 0
45612373112231 25586 0
45612373132121 17574 0
45612373132223 21782 0
45612373322111 23254 0
45612373332122 15714 0
45612373332221 21885 0
45613271331221 17705 0
45613272233111 20728 0
45621373123331 18381 0
45621373211111 30297 0
45621732212123 21901 0
45621732233333 19255 0
45623712332123 16076 0
45623713322321 14714 0
45637123132121 16040 0
45637123332122 19174 0
45671231132231 17431 0
45671233112132 16386 0
45673212212132 21282 0
45673213211222 21158 0
45713623223132 19947 0
45721363321313 21172 0
45721363322231 23460 0
45732612233321 17002 0
45736121122211 15020 0
46123571111111 20818 0
46123573232123 17869 0
46125731333123 25932 0
46127351131313 27858 0
46127352131333 23611 0
46127353131323 23161 0
46135272133313 20505 0
46153273131131 17302 0
46157233333232 15303 0
46157321331233 18426 0
46215372121223 19293 0
46215372313211 27998 0
46257132211133 13643 0
46257313312211 14495 0
46273512122312 21291 0
46273513221212 23430 0
46275311123222 15420 0
46275312112232 16963 0
46275312132212 23099 0
46275312232133 20155 0
46275312313211 15061 0
46275313121222 16828 0
46275313312211 12394 0
46321752111131 21082 0
46352171211233 15138 0
46352172113231 17327 0
46372511221331 19022 0
46375211211332 26359 0
46375212113111 19911 0
46375212132131 19975 0
46375212132221 25153 0
46375212332222 16461 0
46375213112111 16589 0
46375213123121 19803 0
46375213333121 20941 0
46512371331221 19121 0
46512372113321 18407 0
46513272332111 15476 0
46513273113221 10457 0
46523711331332 31414 0
46527133111121 22694 0
46572311223122 24016 0
46572312132122 21441 0
46721533123313 24672 0
47123562232133 21641 0
47123651233232 13756 0
47126351233232 17889 0
47126532133133 27861 0
47132562311111 11838 0
47132563222331 14336 0
47132652233321 9157 0
47135622132332 21861 0
47136252133112 23696 0
47152361233232 15997 0
47152631322131 23590 0
47156231332313 17495 0
47156233211132 9023 0
47156233223312 17264 0
47156233233113 18906 0
47156233322312 14267 0
47156321111111 10652 0
47156321133311 19885 0
47156322132311 15811 0
47156322313232 23094 0
47156322332132 17292 0
47156322332312 24399 0
47156323223123 20470 0
47162351322122 21420 0
47163522131222 27470 0
47165321232113 10833 0
47165321322131 15866 0
47165322132212 22734 0
47165322133112 15906 0
47165322232133 17785 0
47165322313211 15776 0
47216352131333 17719 0
47251363131113 23137 0
47251632131312 17926 0
47256133212311 11738 0
47256133321232 14234 0
47265312122222 23601 0
47265312131312 24059 0
47265312313211 16563 0
47321651311133 14713 0
47352612123131 17385 0
47352612311132 17697 0
47352612313211 21636 0
47512632312323 18595 0
47621532232331 15090 0
47621533231121 25244 0
47632152233321 26722 0
47632153212311 8992 0
47632153232321 15044 0
47632513212332 21840 0
47652132231323 15380 0
47653213211231 29033 0
47653213232111 23067 0
51264731113322 31756 0
51264732213311 46596 0
51267342312233 27206 0
51324671211122 16294 0
51324672212111 15141 0
51324673113311 26192 0
51324761111123 18507 0
51324763113332 19135 0
51342672212111 24809 0
51342763312223 10938 0
51367241211113 9495 0
51423671221331 24487 0
51426731111111 33917 0
51426733312211 32348 0
51472361131313 21442 0
51472633331312 21092 0
51623471321111 14024 0
51623743313321 20512 0
51624731312123 20460 0
51624733323113 22655 0
51632741323232 19049 0
51642371122313 23791 0
51642731113322 8964 0
51647231113232 8429 0
51723643131311 23784 0
51724362122222 18292 0
51724363121213 17933 0
51726433123313 16115 0
51732643121213 18231 0
51742632323231 19991 0
51742632323333 13320 0
52134761232113 18691 0
52147631121311 11436 0
52147631131211 12571 0
52147631211131 11199 0
52147631311121 11596 0
52147632111113 13988 0
52147633111112 11162 0
52163471112122 27217 0
52163471213111 15963 0
52163471312111 16114 0
52163471333123 24774 0
52163472111311 15221 0
52163472131222 22424 0
52163473111211 10703 0
52163473111331 17468 0
52163473221323 21709 0
52163473323332 24446 0
52167342121232 20871 0
52167432121313 13511 0
52167432122222 14594 0
52167432131213 14672 0
52167433133333 10106 0
52167433331333 13500 0
52174633223123 15686 0
52314673311311 15884 0
52314761322122 23572 0
52341671111111 46148 0
52341671122211 20521 0
52341671311313 21960 0
52341672211112 28827 0
52341672232313 23268 0
52341672323222 11665 0
52341672323312 25098 0
52341673133111 22126 0
52341673232213 23245 0
52341673232333 10757 0
52341673323212 19923 0
52361472121313 15089 0
52361472131312 12610 0
52367142211121 15447 0
52367412322232 11296 0
52374161112323 20570 0
52376413222223 15746 0
52463173212332 26837 0
52463713212332 14932 0
52471631223113 17125 0
52471631323112 17436 0
52614372313211 13738 0
52641733212311 11339 0
52641733232321 13097 0
52673413232123 13790 0
52713461232323 19585 0
52714361232113 11506 0
52714633213223 21831 0
52714633223123 12569 0
52731641233112 26352 0
52731641323112 16684 0
52736141322233 8293 0
52741362313211 22511 0
52741362313223 11016 0
52741632122333 10462 0
52741632123323 10264 0
52741632212213 11899 0
52741632212231 9643 0
52741632232211 10495 0
52741633221233 10612 0
52741633313312 9221 0
52741633313321 11684 0
52741633321223 13135 0
52741633323311 9521 0
52743611111213 11540 0
52743611111312 14379 0
52743611112131 13080 0
52743611113121 16363 0
52743612131111 13835 0
52743613121111 11969 0
52761431111213 12001 0
52761431111312 11819 0
52761431112131 12349 0
52761431113121 15179 0
52761432131111 12178 0
52761433121111 12465 0
52763143222331 27410 0
52763411222312 15968 0
52763411333123 10470 0
52763413222112 16344 0
52763413223312 19882 0
52763413322312 19515 0
53126471231231 16403 0
53126471231321 11876 0
53126471321321 19494 0
53146272123233 15188 0
53147262123131 28174 0
53162743312223 13302 0
53274163211222 17838 0
53421671321111 15665 0
53421671321231 19865 0
53426171112233 8018 0
53462711113322 9380 0
53467211321111 24388 0
53476121323112 22521 0
53476121323322 17951 0
53614721212121 25034 0
53621471331221 15377 0
53642171111111 34116 0
53672142221213 25204 0
53714622233111 33348 0
53721463223312 31438 0
53724612121112 24284 0
53726143333121 17003 0
53741621323112 17406 0
53741621332112 17999 0
53742612323333 16443 0
53761242121211 19889 0
53761242221213 21762 0
53761242321212 27467 0
53762143222331 21118 0
53762413322123 14940 0
54123673233323 13574 0
54126371331221 15695 0
54127632131213 14742 0
54127632222212 14255 0
54127633131212 12641 0
54127633133333 14360 0
54127633333313 12406 0
54163271133221 28323 0
54163272233111 29322 0
54167231121113 13922 0
54167231131112 13414 0
54167231221211 27386 0
54167231333213 18364 0
54167232112112 25657 0
54167232133313 20464 0
54167232333113 16996 0
54167233232333 16424 0
54167233331213 16576 0
54172633132313 21367 0
54217362233213 18018 0
54217632132212 28125 0
54231671123111 17590 0
54231673123121 27180 0
54261373123121 15774 0
54261732231233 25314 0
54276132233312 26825 0
54312671131331 10317 0
54312672212111 14807 0
54312673311311 19184 0
54317261113112 21608 0
54317621111222 32583 0
54321672212213 14515 0
54321672212231 10060 0
54321672232211 19991 0
54321673313312 9929 0
54321673313321 13988 0
54321673323311 11914 0
54321761211221 10338 0
54321763113113 15355 0
54326171111231 19983 0
54326171112233 10983 0
54326171321231 19734 0
54326711112212 30070 0
54327612223232 11786 0
54361272223232 12320 0
54362171113133 22839 0
54362711111231 22660 0
54362711323112 18057 0
54367121112212 21644 0
54367121113211 11977 0
54367121113331 21337 0
54367122211121 17200 0
54367122311111 22175 0
54367123311113 12797 0
54367211132222 10804 0
54367211213333 16887 0
54367211222132 12176 0
54367211333213 15093 0
54367212211322 12067 0
54367212231122 12021 0
54367212233213 12395 0
54367212332213 12492 0
54367212333113 14931 0
54367213112222 11355 0
54367213312133 12145 0
54371261113331 22332 0
54371621113112 20646 0
54371621113322 10359 0
54376121322233 9433 0
54376211111132 11944 0
54376211111222 14604 0
54376211113133 17004 0
54612371112311 20932 0
54612372222131 19168 0
54612732112223 24775 0
54612733322213 24390 0
54621371133311 17278 0
54621372211121 15724 0
54637211132111 9167 0
54671232221213 25160 0
54712361323313 24341 0
54712362223322 20409 0
54716232222113 25621 0
54716321112323 23092 0
54716322313223 19287 0
54721631111111 39426 0
54721631122121 22271 0
54721631311133 20053 0
54721632133232 24422 0
54721632212222 19644 0
54721632212231 20752 0
54721633231322 25666 0
54721633313321 17965 0
54721633333331 16369 0
54723612131312 14880 0
54723612221222 9935 0
54723612222212 11849 0
54723613121312 9806 0
54723613333313 13857 0
54761233322321 34877 0
54763212322232 10960 0
56123471222312 11653 0
56123471223221 11594 0
56123471331332 13970 0
56123471333123 10844 0
56123472322121 10916 0
56123472331331 13006 0
56123473133132 10032 0
56123473133231 9953 0
56123473222112 10645 0
56123473223312 8978 0
56123473322312 9510 0
56124371111231 17571 0
56124371232323 23006 0
56127433332323 12304 0
56132472333332 13364 0
56132473211111 11548 0
56132473213211 18577 0
56143273332323 16399 0
56147231222132 12371 0
56147231333213 12243 0
56147232233213 18718 0
56147232332213 10553 0
56147232333113 13508 0
56147322333233 13925 0
56173421113112 16697 0
56174232323333 10573 0
56174321232113 8852 0
56213471111111 21052 0
56213743313333 25238 0
56243173133111 14827 0
56243713121333 21895 0
56247132333233 13734 0
56271433111313 28646 0
56271433123313 22875 0
56271433132313 23147 0
56274132331133 17790 0
56274312313211 10032 0
56321473233323 11036 0
56321742211112 20758 0
56324171221331 15903 0
56327411211332 24476 0
56327413213112 34294 0
56341273121213 13775 0
56341273131212 9937 0
56347122333233 16289 0
56347211213111 15475 0
56347211222132 16747 0
56347211312111 21035 0
56347211331131 24711 0
56347212111221 25431 0
56347212111311 10786 0
56347212123233 26040 0
56347212232223 19281 0
56347213111211 11531 0
56347213131332 20029 0
56423171231231 14644 0
56423171231321 11230 0
56423171321321 15919 0
56423172112121 13046 0
56423173132121 26732 0
56423173133111 12462 0
56432713122122 23696 0
56712341232113 17257 0
56712343211123 17530 0
56721343123331 15823 0
56721432312233 28742 0
56723411113313 26273 0
56723411121113 15090 0
56723411131112 13070 0
56723411222312 20265 0
56723412122312 16275 0
56723412323222 10708 0
56723413221212 16522 0
56723413222112 20329 0
56723413331111 23986 0
56732143122113 23331 0
56741231121311 11513 0
56741231131211 11167 0
56741231211131 12763 0
56741231311121 12623 0
56741232111113 11358 0
56741233111112 11109 0
56743212122222 9808 0
56743212221222 14601 0
56743213121213 10267 0
56743213121312 12849 0
56743213331333 11610 0
57123461111111 22795 0
57164322131312 23757 0
57214361323232 17446 0
57214632212213 18435 0
57236141113232 26692 0
57236141322233 8977 0
57236141323232 15028 0
57241631322113 23988 0
57241631323112 16755 0
57246131112233 9134 0
57264132111323 23588 0
57321641311112 20760 0
57321642311132 13539 0
57364212213311 14978 0
57364212313211 12845 0
57364213332122 13059 0
57642311113322 32919 0
61234572231323 14494 0
61234573232213 24405 0
61235741313131 30531 0
61257343232123 9162 0
61274351313131 21468 0
61274532231323 20917 0
61352472233321 33466 0
61352472313211 33516 0
61452731311313 16152 0
61453721111111 18592 0
61453721311112 28816 0
61453723111121 17864 0
61472532123332 13763 0
61472533112111 12729 0
61527431111111 16595 0
61534272311132 9328 0
61534721112311 22632 0
61534721113211 17849 0
61543271111111 20547 0
61543271112311 10263 0
61572432312323 8833 0
61734523222331 15339 0
62134572321323 17907 0
62135471122121 20826 0
62135472132131 15693 0
62135473122131 19721 0
62135473123121 17683 0
62135473131131 20239 0
62135473132121 20422 0
62135473232231 22463 0
62135473322321 25897 0
62135743222331 21273 0
62135743312223 25046 0
62147353123121 17535 0
62147353132121 17140 0
62154733321121 15464 0
62157342132212 34792 0
62173543232132 16293 0
62174351122133 20975 0
62174533311212 20518 0
62317453112111 15691 0
62317453312211 19889 0
62351743112123 44974 0
62371453311311 24512 0
62374511322311 16341 0
62374513112321 25944 0
62374513312112 15264 0
62435172211133 15259 0
62435172311132 14037 0
62435711222222 18263 0
62453713311122 22203 0
62471532232133 16241 0
62475131322323 23775 0
62531472321233 16264 0
62543711211113 17902 0
62543711311112 17522 0
62571432321233 13905 0
62735143223213 22698 0
63125741112323 24983 0
63125743131233 18540 0
63125743133312 21390 0
63142571111111 18853 0
63142571132321 29074 0
63142573112123 36482 0
63172452312323 32448 0
63172452313211 34021 0
63174522332132 16256 0
63247511123132 14143 0
63251743133231 24788 0
63452711311313 12441 0
63452712333221 18162 0
63471522123131 17959 0
63471522323132 18615 0
63471522332132 28911 0
63472512123332 14500 0
63512743313333 24937 0
63541271212211 32485 0
63542713121333 33473 0
63574212123131 19260 0
63574212313211 23069 0
63712542221111 15491 0
63714252123131 9268 0
63714521112323 18182 0
63714522332132 12324 0
63721541233322 19588 0
63724153121213 24930 0
63725141112323 13863 0
63725141233121 23631 0
63725142123131 14637 0
63725142223133 13852 0
63725143122113 28268 0
63725143123313 26888 0
63741252222323 14813 0
63741522123131 11881 0
63742511232221 35459 0
63745123122212 18141 0
63751242221321 20629 0
63751423122311 18850 0
63752141111111 15338 0
63752141122211 18187 0
63752141123213 24757 0
63752142332132 16000 0
63752143123223 15675 0
63752143212323 20864 0
63752143223123 17414 0
63752411223212 20183 0
63752411333213 30875 0
63752412312323 12364 0
63752412322112 18631 0
63752412333113 30948 0
63754213122122 23447 0
64125371131313 23789 0
64157321133212 19403 0
64231572311132 11957 0
64257131113223 27447 0
64271533221212 20751 0
64275131212223 22861 0
64275131312123 15885 0
64275132211133 14202 0
64275132232133 20242 0
64275133231112 15837 0
64275133312211 15887 0
64275311112332 27502 0
64275311222222 19110 0
64275313312211 32922 0
64321572111131 21717 0
64321572132131 27222 0
64321572311132 13072 0
64325713121222 28381 0
64351272132131 15190 0
64357212313211 14360 0
64357213231322 21617 0
64357213312211 14077 0
64531271212211 21764 0
64531272132131 12704 0
64531273122131 22300 0
64531273123121 17105 0
64531273311311 21454 0
64531273312211 12096 0
64572131122223 23973 0
64713253112111 24416 0
65123471112311 11079 0
65123471233232 21668 0
65123472312311 19020 0
65132471212112 15863 0
65132471222111 15536 0
65132471231321 9350 0
65132471323121 17509 0
65132472131231 24196 0
65132472212231 28792 0
65132472233321 13542 0
65132473111331 15384 0
65132473313312 13239 0
65132473323311 13755 0
65132741223323 16407 0
65132743222331 11784 0
65134721233232 22218 0
65147321232113 16619 0
65172431132333 19986 0
65174232123131 11839 0
65174232133313 21148 0
65174232323312 15766 0
65174233323212 16029 0
65174233331213 21580 0
65174322313211 12834 0
65174323223123 13782 0
65213741111111 22930 0
65241371111111 20984 0
65243712121322 25197 0
65271341332331 24930 0
65271432231233 18331 0
65274131111111 23069 0
65274131311313 17268 0
65274131312213 24516 0
65274132123332 20450 0
65274133132223 20014 0
65274133232321 10635 0
65274133312223 15786 0
65314272311132 18046 0
65314272313211 21852 0
65321472111122 15305 0
65417321232113 28934 0
65417323223123 17982 0
65417323232123 18501 0
65423713321322 18752 0
65432173232321 15761 0
65471231132213 19380 0
65714323223123 14604 0
65723143321313 19893 0
65732411333123 16209 0
65742311212313 13683 0
67132541133311 20405 0
67145323133312 23654 0
67154233323332 13874 0
67215343333133 22946 0
67231541323112 19077 0
67231543323122 16019 0
67234513332122 15001 0
67245131313323 24804 0
67245311112311 18709 0
67245311133233 19840 0
67254311131133 19593 0
67254313311113 10500 0
67312452233321 8116 0
67312541121221 10508 0
67312542221111 12566 0
67321451111123 26762 0
67321451112311 11250 0
67321451212211 14655 0
67321451311133 12566 0
67321452111122 13142 0
67321453113311 15939 0
67321542232133 18314 0
67341252222323 26931 0
67342512222113 19747 0
67345122223133 14051 0
67345122232133 20449 0
67345211111123 20592 0
67345211111132 20556 0
67345211112233 26673 0
67345211113322 25843 0
67345211211122 17778 0
67345211311133 22731 0
67345212111122 20151 0
67345213111133 15709 0
67354121111111 15857 0
67354211212121 16080 0
67354211313113 24568 0
67354211333111 24459 0
67354212111221 15995 0
67354212212222 21458 0
67354212311132 10542 0
67354213111313 15736 0
67354213131311 13928 0
67354213211132 13420 0
67354213313333 21298 0
67412353132121 17962 0
67412353332221 22613 0
67412531131133 22197 0
67435121332112 20365 0
67435123123121 20233 0
67452313321232 15232 0
71234563231322 16086 0
71263541333222 27352 0
71263542323123 36351 0
71264533131323 17413 0
71264533221323 11738 0
71264533231223 12760 0
71264533231313 13759 0
71326451211311 17597 0
71326453132121 22892 0
71326543333313 18630 0
71345262132131 25247 0
71362453113311 15720 0
71365423331312 23677 0
71423563213232 18455 0
71423653213232 13809 0
71426353312211 8732 0
71426533333223 20109 0
71432561232323 22970 0
71432561323232 10541 0
71432562111221 20346 0
71432563232213 17172 0
71432563323113 15690 0
71432563323122 19987 0
71432563332113 24495 0
71435261322233 15871 0
71435262222122 15741 0
71435263211123 14630 0
71435263311122 15235 0
71435263333133 15788 0
71435263333223 22834 0
71435623333331 23761 0
71436253333112 32027 0
71452363213232 20823 0
71452632222131 20423 0
71453262222221 20876 0
71453623311122 17837 0
71456321322323 12851 0
71456322111221 13664 0
71462531113322 11949 0
71462532111212 13617 0
71462532121112 14576 0
71462533111223 21269 0
71462533221113 21704 0
71463523331222 19285 0
71523463131311 28800 0
71523463231313 23209 0
71523463331312 22805 0
71532463221332 17909 0
71534262122222 22850 0
71542633132322 15584 0
71543622111131 17555 0
71543623111121 17021 0
71546233331213 21268 0
71546322231212 21071 0
71562433123232 10478 0
71563243221221 25282 0
71625433213133 18226 0
71643252231212 20754 0
71643523331213 34820 0
72134562312212 23472 0
72136541322233 33354 0
72143563222331 22799 0
72143651121113 11186 0
72143651131112 14020 0
72143651213111 11482 0
72143651312111 11085 0
72143652111311 11317 0
72143653111211 12450 0
72145631233223 24256 0
72145633232231 34405 0
72145633312223 29671 0
72146352232223 15707 0
72163452122222 14350 0
72163453121213 12524 0
72163453131212 14615 0
72163453133333 12498 0
72163453331333 14231 0
72164353131113 21390 0
72165431113331 24446 0
72165432111113 11507 0
72165432111122 36061 0
72165432211112 25292 0
72165432323312 21554 0
72165433111112 10647 0
72165433121333 20054 0
72165433221233 22910 0
72165433233323 13105 0
72165433321223 20265 0
72165433331213 16417 0
72345611111111 46089 0
72345611133113 22242 0
72345611221223 17033 0
72345611222222 17848 0
72345611331332 22415 0
72345612122111 23216 0
72345612331331 20483 0
72345613221221 16975 0
72345613333331 22082 0
72356141112323 32733 0
72356141232113 32323 0
72356143211123 51558 0
72361453232333 13676 0
72361542333233 22630 0
72365412222212 9348 0
72365413121312 10017 0
72365413131212 10105 0
72365413331333 13719 0
72435163333313 32071 0
72513641232323 11319 0
72513641233322 13220 0
72516342313223 8862 0
72531463321232 13641 0
72534163211123 9041 0
72541631111213 12552 0
72541631111312 11414 0
72541631112131 11576 0
72541631113121 11179 0
72541632131111 11062 0
72541633121111 13895 0
72543162311111 16871 0
72543163211111 23884 0
72543611221223 8853 0
72543611223221 12436 0
72543611331332 13999 0
72543611332331 9466 0
72543612331331 10190 0
72543613132232 13249 0
72543613133222 10736 0
72543613221221 10287 0
72543613223312 10448 0
72543613322312 10242 0
72546311323112 19965 0
72546313323212 13212 0
72561342313223 8408 0
72561432213122 12349 0
72561433221233 10539 0
72561433311233 12221 0
72561433321133 13482 0
72561433321223 18699 0
72563411111213 11143 0
72563411111312 11486 0
72563411112131 12604 0
72563411113121 12739 0
72563412131111 11007 0
72563413121111 11261 0
72643513212311 11467 0
72643513212332 15794 0
73125463133132 25948 0
73146522113231 16930 0
73246153312211 18722 0
73456123231322 22099 0
73516243323113 16985 0
73516243332131 18736 0
73541262321212 28247 0
73542163321133 18408 0
73542613132121 21810 0
73542613132322 12683 0
73564213321322 25594 0
73614251112323 13180 0
73615241112323 14578 0
73615241113322 15156 0
73615242223133 14204 0
73615243123313 18303 0
73615243213313 30099 0
73615243331312 18431 0
73615243332311 30111 0
73615421113322 25081 0
73615423213211 18567 0
73615423333331 21274 0
73624513121132 26739 0
73624513332131 22629 0
73625141112323 13424 0
73625143121213 16795 0
73625143333313 17576 0
73625412222323 27043 0
73642511111111 9121 0
73642511113232 14253 0
73642511113322 12741 0
73642513223222 21758 0
73645121113211 25146 0
73645122222311 21301 0
73645211223113 16783 0
73645211231111 20371 0
73645211321111 10792 0
73645211332112 21007 0
73645213112231 24164 0
73645213333112 17679 0
73651241113322 14393 0
73652413211312 20788 0
73652413331321 20645 0
73654122111122 16429 0
73654122221111 11667 0
73654211111132 18484 0
74123563323221 15400 0
74123652322121 12252 0
74123653132232 18597 0
74123653133132 13379 0
74123653133222 10435 0
74123653133231 12124 0
74125631313311 21619 0
74125632121121 25419 0
74125632122111 36185 0
74125632131111 10769 0
74125632321332 21540 0
74125633121111 11623 0
74125633131233 16317 0
74125633132232 20168 0
74125633133222 22823 0
74125633133312 19951 0
74125633332323 13080 0
74126352333122 10593 0
74132561321231 9035 0
74132562121121 17149 0
74132562122111 14152 0
74132563131221 18927 0
74132563132112 17511 0
74136522322121 13750 0
74152363132232 13668 0
74152363133132 12661 0
74152363133222 17317 0
74152363133231 11635 0
74156322122123 22755 0
74156322122321 21606 0
74156322313223 11934 0
74156323132331 21681 0
74156323133123 21251 0
74163251121122 25734 0
74163252112211 22680 0
74163252131111 13947 0
74163253121111 13438 0
74163253131332 20485 0
74163253133132 16879 0
74163253133213 16598 0
74163253133231 18245 0
74163253332323 16521 0
74165231121212 25706 0
74165231131313 20351 0
74165231212121 21043 0
74165231313131 19621 0
74165232111212 20621 0
74165232121112 22136 0
74165232121211 21042 0
74165233111313 18223 0
74165233131113 18251 0
74165233131311 18141 0
74165233131323 20237 0
74165233132313 18205 0
74165233231313 18174 0
74213652323132 28056 0
74251633111313 23421 0
74256311321222 21279 0
74256313111232 21131 0
74265312333233 22371 0
74312652333332 15078 0
74321563311131 17187 0
74321653233323 16491 0
74325163131323 20603 0
74325612221222 10545 0
74325613121312 10629 0
74325613131212 11663 0
74325613133333 10485 0
74361253112132 29383 0
74361253211231 34441 0
74365211121221 31322 0
74365211213111 11015 0
74365211312111 17481 0
74365211313113 22632 0
74365211333111 23175 0
74365212111311 13966 0
74365212222323 24627 0
74365212333332 21365 0
74365213111211 13383 0
74365213121333 20590 0
74512361322233 46506 0
74512362313223 31661 0
74513263121222 25216 0
74521632222212 14719 0
74521633121213 14572 0
74521633121312 13632 0
74521633133333 13471 0
74521633333313 10085 0
74523611121113 12078 0
74523611131112 12376 0
74523611213111 12470 0
74523611312111 15300 0
74523612111311 11934 0
74523613111211 12113 0
74532163123223 23713 0
74561231111222 24512 0
74561232111113 13314 0
74561232221111 28735 0
74561233111112 13830 0
74561233131233 16484 0
74561233233323 16543 0
74561233311233 18342 0
74561233321133 16971 0
74561233321313 20364 0
74563211232332 24486 0
74653213133222 26709 0
75132463233233 27956 0
75143263231313 23393 0
75146321323331 20550 0
75213642223133 13362 0
75231463211123 17541 0
75234161322233 11862 0
75234162221111 14350 0
75236143213232 15359 0
75241632222323 22680 0
75243162211322 18050 0
75243611113232 10225 0
75243613213232 21284 0
75246131333312 23563 0
75246311111111 12763 0
75246313212311 11139 0
75246313312211 13621 0
75246313332332 20382 0
75261432123233 15421 0
75264132121232 17242 0
75264132223331 8921 0
75264132321212 14245 0
75264133121333 18808 0
75264133331213 17395 0
75264311223122 21467 0
75264313231112 22974 0
75312463333133 21798 0
75314621133221 11779 0
75314621313212 32201 0
75314623113122 18092 0
75316241231231 17480 0
75321461311112 20845 0
75321463132121 17752 0
75346122133133 17788 0
75346211133122 23835 0
75346211211311 17213 0
75346211311211 21163 0
75346212323333 19911 0
75346213112132 25478 0
75346213132121 17985 0
75346213132322 15918 0
75346213332122 21766 0
75412631223332 11696 0
75416323232213 16274 0
75431263133213 27345 0
75462132123212 13848 0
75613243131332 18376 0
75613243133213 19643 0
75634123323122 20501 0
75641323232111 18117 0
75642132213311 33447 0
76123453233323 12401 0
76125343333133 18127 0
76143252131312 13611 0
76143252221222 14687 0
76143253131212 14696 0
76143253331333 9985 0
76143253333313 13373 0
76145231121113 10742 0
76145231122112 25390 0
76145231131112 11606 0
76145231221112 36161 0
76145231311331 25516 0
76145232123332 21441 0
76145232233213 20287 0
76145232331313 20077 0
76145232332213 22938 0
76145233133213 16438 0
76145233232333 12988 0
76154323333112 20089 0
76213543213133 21806 0
76213543311332 19157 0
76215341231231 21420 0
76215433333133 25833 0
76231451123111 22817 0
76245311121131 21574 0
76245311131121 10450 0
76245311213312 21779 0
76245312132131 17867 0
76245313122122 22261 0
76245313123121 16644 0
76253141123132 17849 0
76253141211332 12034 0
76253413322312 24795 0
76254133311323 27974 0
76254313211111 20110 0
76312452212111 19518 0
76312453211111 11899 0
76312453311311 16422 0
76312542321212 14014 0
76312542322121 17477 0
76312543322222 23384 0
76315241112113 21309 0
76315241113112 11177 0
76315241223113 17875 0
76315241322122 17740 0
76315241323313 17463 0
76315241332112 19116 0
76315243211231 27398 0
76315243323323 24382 0
76321452122123 9016 0
76321452122321 9608 0
76321452122333 10596 0
76321452123323 14457 0
76321452212231 11475 0
76321452213122 10940 0
76321453233131 10947 0
76321453311233 9972 0
76321453313312 12877 0
76321453321133 10051 0
76321453323311 13853 0
76321542211112 14582 0
76321543211111 26540 0
76321543311131 12146 0
76324151112233 11571 0
76324151112323 18607 0
76324153323122 13248 0
76325411111213 13420 0
76325411111312 12955 0
76325411112131 10546 0
76325411113121 13803 0
76325411122121 20821 0
76325411331311 26224 0
76325412112121 18126 0
76325412231212 19175 0
76325412333233 25015 0
76325413222223 20787 0
76341251111213 10725 0
76341251111312 15245 0
76341251112131 15987 0
76341251113121 16136 0
76341251221121 23796 0
76341251311313 17482 0
76341252232313 21733 0
76341252323333 24327 0
76341253221212 22306 0
76341253233131 24871 0
76342511111231 10427 0
76342511111321 20829 0
76342511323112 17814 0
76342512232223 16886 0
76342513213112 25113 0
76342513322111 29738 0
76342513323122 15567 0
76342513323212 20059 0
76345122211112 20919 0
76345122211121 17700 0
76345122213311 25920 0
76345122311111 19596 0
76345123211111 20447 0
76345123311113 15718 0
76345123311131 20338 0
76345123312211 22494 0
76351421112323 19042 0
76351421113322 11100 0
76351423321232 21686 0
76354121121212 15961 0
76354121122121 20106 0
76354121311313 20084 0
76354121313131 15492 0
76354122111212 15631 0
76354122112121 22624 0
76354122212222 17393 0
76354123211123 13562 0
76354123211132 9230 0
76354123313333 24079 0
76354212213323 15976 0
76354212312233 21397 0
76354212313322 22992 0
76354212333332 18513 0
76354213222223 18641 0
76354213312223 15881 0
76421351131121 16720 0
76512343213313 20576 0
76512343332311 22625 0
76514321112323 34044 0
76514321232113 32461 0
76521433232333 12423 0
76523413223231 41144 0
76524313331222 16234 0
76541232131213 12616 0
76541232221222 14374 0
76541233121213 14711 0
76541233331333 12523 0
76541233333313 14332 0
76543211111111 39405 0
76543211212112 22247 0
76543211223221 20660 0
76543211332331 17870 0
76543211333333 16490 0
76543212132323 22914 0
76543212222221 19544 0
76543212323213 25355 0
76543213113131 20039 0
