12345672121232 514724 0
12345672123212 503482 0
12345672321212 504133 0
12345673131323 498849 0
12345673132313 624260 0
12345673231313 559061 0
12345761111111 363485 0
12346571111231 400981 0
12346751113133 443543 0
12347561112212 407958 0
12347651111111 638053 0
12347651122112 385520 0
12347651133311 321156 0
12347652111221 300239 0
12347652123233 311166 0
12347652123332 411336 0
12347652223232 273977 0
12347653111133 361076 0
12347653132223 272500 0
12347653132322 276858 0
12347653332323 314111 0
12354671111111 481626 0
12354761112323 738667 0
12354762121112 437817 0
12354762121211 435420 0
12354762311123 408644 0
12354763131131 360440 0
12354763133111 334674 0
12354763211123 410302 0
12356471113133 418879 0
12356741133131 560781 0
12356741313131 630240 0
12356743113131 654647 0
12357461111222 471676 0
12357461113331 455281 0
12357462211112 364419 0
12357641113331 361878 0
12364571112212 428001 0
12364751112212 416829 0
12364751113133 435749 0
12364753311131 323476 0
12365471111111 466171 0
12365471211122 375266 0
12365471313113 303326 0
12365472223232 282891 0
12365472321233 319665 0
12365473232312 286930 0
12365473332323 305728 0
12365741113331 425892 0
12367451123333 601319 0
12367451132222 612613 0
12367451213333 692117 0
12367451312222 879301 0
12367452113333 827683 0
12367453112222 718583 0
12367541112212 527992 0
12367541113331 661634 0
12367541331131 384675 0
12374561121212 537782 0
12374561211212 631860 0
12374562111212 747263 0
12374651111222 481448 0
12375461111222 473074 0
12375641113112 489496 0
12376451111222 454741 0
12376451113133 422603 0
12376451221211 327619 0
12376541112323 486949 0
12376541232233 615105 0
12376541322233 418984 0
12376542121232 345898 0
12376542123212 315714 0
12376543133132 347406 0
12376543133231 329553 0
12456731132321 641495 0
12456731233223 425201 0
12456733223321 377470 0
12463751231231 436762 0
12467351131121 408986 0
12467351231321 350026 0
12473561132123 420430 0
12536741112323 387860 0
12537461332112 407199 0
12543671111111 459964 0
12543671211212 355858 0
12543671331113 354053 0
12543672121121 324775 0
12543672321332 316268 0
12543672322232 271524 0
12543672331232 288330 0
12543673111331 307412 0
12543673221323 310993 0
12543673231223 295287 0
12543673233323 399196 0
12546371221331 448668 0
12563472131213 482240 0
12563473131212 467153 0
12564733323122 334328 0
12567433232333 299501 0
12576343212221 444711 0
12637451132111 460065 0
12637451332112 351168 0
12643571321321 395711 0
12645371131121 472161 0
12673542331133 483576 0
12734561112323 329447 0
12734561322233 383059 0
12734562313223 263383 0
12745631111111 980319 0
12745632111122 314368 0
12745632212213 393273 0
12745632222221 321981 0
12745632232211 394420 0
12745633131131 312902 0
12745633313312 293803 0
12745633313333 348611 0
12745633323311 359553 0
12753462231323 399665 0
12763452322232 311493 0
12765432121313 518149 0
12765432222212 670588 0
12765433121213 619021 0
12765433331333 410516 0
13245671321111 469398 0
13246571111111 538812 0
13246571112233 367368 0
13246571113232 588235 0
13246572321332 378121 0
13246572331232 399180 0
13246573221233 366179 0
13246573321223 377872 0
13246752133211 505838 0
13247563212131 417616 0
13254761322233 531043 0
13254761323322 523363 0
13254762321233 449657 0
13254763323122 427199 0
13257641112233 453282 0
13265741112323 714190 0
13265742131312 465848 0
13267451122211 430636 0
13267451311133 332024 0
13267541111132 604754 0
13267541232212 415803 0
13274651112323 621397 0
13275461112233 523734 0
13275463213211 425170 0
13275641112233 526723 0
13275641112323 580157 0
13275642131333 434863 0
13275643212221 485101 0
13276451113211 631378 0
13276451233133 458349 0
13276541133122 456288 0
13276541213312 638582 0
13276541321123 548120 0
13276541322311 520096 0
13276541323112 361356 0
13276541323322 439406 0
13276542323312 335162 0
13276543323122 349316 0
13462571111111 385957 0
13462572213311 341698 0
13527461211113 446142 0
13542671231231 381803 0
13546271213213 353011 0
13546271231231 566476 0
13546271321321 498681 0
13572641122133 600916 0
13576241312213 610344 0
13576241321321 377493 0
13627451332112 373063 0
13642571221223 711493 0
13642571223221 618301 0
13642573221221 596748 0
13645271221331 414275 0
13647521111111 369742 0
13675241112323 513436 0
13675242331313 402099 0
13725642332132 343400 0
13754262123323 871477 0
13762451321321 474402 0
13764251211311 311805 0
13764252323231 317179 0
13765422121211 492231 0
14263751131121 352826 0
14267351321321 462220 0
14275633323122 351238 0
14325671111111 1335077 0
14325672112121 338350 0
14325672231323 289993 0
14325672323222 268304 0
14325673123232 282056 0
14325673232333 314969 0
14325673311131 341258 0
14327652131213 460275 0
14327653121213 462315 0
14352672212111 351868 0
14356721112323 390175 0
14356721322233 461723 0
14367252322232 274864 0
14367523311113 581251 0
14523672121313 474737 0
14523673121312 517394 0
14527631121311 345907 0
14527631131211 363043 0
14527631133311 291871 0
14527631211131 385626 0
14527631311121 378483 0
14527632122213 437781 0
14527632212111 289619 0
14527632333332 359477 0
14527633132322 346008 0
14527633312133 309294 0
14536273311311 361561 0
14537622231323 384793 0
14563272323222 258767 0
14567231312213 588699 0
14567231321123 552964 0
14573261333111 466479 0
14625731111111 414843 0
14625731131121 417056 0
14625731322233 446296 0
14625732112121 363982 0
14625732113321 419168 0
14625732213323 364879 0
14625732233111 328239 0
14625733133111 300176 0
14632571111111 623785 0
14632571321132 418858 0
14652733321331 374864 0
14673251111111 409680 0
14723651111213 325141 0
14723651111312 434524 0
14723651112131 308694 0
14723651113121 305841 0
14723651211212 300261 0
14723652322121 272313 0
14723652331232 299908 0
14723653232222 288071 0
14723653313111 241067 0
14723653321313 433721 0
14725361111111 353571 0
14725361111123 377753 0
14725361322332 476816 0
14725362211121 369794 0
14725363211213 367059 0
14725363213121 367709 0
14725363223213 431327 0
14725363311113 428704 0
14726531223122 436887 0
14726531232122 416727 0
14726531233313 429441 0
14726531333312 393732 0
14726532232313 353917 0
14726533323122 324518 0
14735621221112 364868 0
14735621223113 365360 0
14735621223332 603169 0
14735621233112 471865 0
14735621323112 539483 0
14735621332112 356014 0
14735621333111 375661 0
14735621333222 337030 0
14736251111132 414926 0
14736251112332 376074 0
14736253222223 390553 0
14736521132222 337127 0
14736521133131 324995 0
14736521211212 336472 0
14736521213333 335980 0
14736521221313 466442 0
14736521321231 675658 0
14736521322233 446255 0
14736521332121 509411 0
14736523112222 346085 0
14736523113131 332788 0
14752363222121 325464 0
14752363232222 351687 0
14752363233131 324045 0
14752631111111 409429 0
14752631112311 372195 0
14752631323223 453925 0
14752632332132 319407 0
14752633213223 397773 0
14752633222223 418048 0
14752633223123 440018 0
14752633223231 439961 0
14753261221112 437198 0
14753261323112 586628 0
14753261333111 400434 0
14762351221331 449269 0
14762351321231 585694 0
14762351331221 374485 0
14763251221223 760523 0
14763251222312 684488 0
14763251332331 674645 0
14763251333123 611769 0
14763252322121 547600 0
14763253132232 510350 0
14763253133132 472397 0
14763253133222 519184 0
14763253133231 495560 0
14763253221221 618934 0
14763253222112 741648 0
14763521113211 369659 0
14763521113223 386771 0
14763523222331 386713 0
14765231111213 393955 0
14765231111312 357287 0
14765231112131 319114 0
14765231113121 299905 0
14765231133131 286395 0
14765232211211 232995 0
14765232232322 245148 0
14765232331313 331778 0
14765233113131 276335 0
14765233323332 282280 0
15236471111111 422387 0
15236473231121 323585 0
15243671331221 427676 0
15246371331332 752414 0
15246371332331 618003 0
15246372331331 511934 0
15267431223113 417362 0
15273641112323 491227 0
15324673113311 617957 0
15342671211311 390544 0
15346271321321 377467 0
15367421211113 486642 0
15367421223113 379613 0
15367423211123 338344 0
15426371111111 423602 0
15426371112233 348890 0
15463271313113 403724 0
15624732123212 363188 0
15624732133313 337263 0
15624732333332 275377 0
15627431223113 398498 0
15627431322113 490125 0
15627431332112 388056 0
15634722123332 434557 0
15634722321233 382303 0
15637423211123 418166 0
15642371111111 868982 0
15642372213311 395648 0
15642372231332 359521 0
15642372331322 323882 0
15642373212311 387029 0
15642373221323 364832 0
15642373231223 431105 0
15643271221331 463581 0
15643271331221 456326 0
15643273223111 363544 0
15647233213232 388769 0
15672341113232 480172 0
15672341323112 370784 0
15672342323312 339810 0
15672343213232 361032 0
15672433312133 528512 0
15724362212132 389886 0
15724631111111 340817 0
15724631211311 357646 0
15724631322233 453093 0
15724632123233 536704 0
15724632313223 366098 0
15724632323231 363598 0
15724632323333 443559 0
15724633132322 294590 0
15734622331223 402503 0
15746321111111 482909 0
15746321323211 344043 0
15746322313112 293241 0
15762342122213 499682 0
15763241111111 409343 0
15763242323132 311239 0
16243571132132 313662 0
16243571231231 477775 0
16243571321321 437381 0
16245371231231 481619 0
16254733312223 649878 0
16257431132111 360656 0
16257433223123 353218 0
16273541122133 706133 0
16273541321321 500482 0
16275341312213 565226 0
16275343122221 373639 0
16327453232333 285792 0
16342571331221 459954 0
16345271111111 771006 0
16345271133131 329061 0
16345271222111 376678 0
16345272322232 297198 0
16345272333212 253435 0
16345273122323 339097 0
16345273233323 441627 0
16347252131312 551010 0
16347253121312 549055 0
16357421223113 452178 0
16374521112323 432276 0
16374523211123 312404 0
16423572112121 457712 0
16427531211311 368843 0
16427531231321 393960 0
16427532333233 621731 0
16453271111111 491831 0
16453271211113 342097 0
16453272111131 384962 0
16475233132313 508043 0
16523473332323 279740 0
16523741112212 370638 0
16524731112212 525382 0
16524731112233 465372 0
16524731113133 424599 0
16527341111111 328421 0
16527431123333 757400 0
16527431222132 755059 0
16527431312222 858974 0
16527431333213 807945 0
16527432113333 561439 0
16527432211322 567232 0
16527432231122 517300 0
16527432231332 521593 0
16527432331322 502678 0
16527432333113 549281 0
16527433312133 531696 0
16532471111222 499158 0
16534271111111 413822 0
16534271111132 329195 0
16534273211111 381241 0
16534723211123 561218 0
16537421111222 336608 0
16537421113322 408289 0
16537421113331 388292 0
16537421223113 359515 0
16537421233112 544654 0
16537421332112 325978 0
16542371221331 378060 0
16542371331221 402060 0
16542372112331 466134 0
16543271221223 980698 0
16543271223221 659983 0
16543271331332 842814 0
16543271332331 666159 0
16543272331331 532313 0
16543273221221 604264 0
16543721111111 355863 0
16543721113211 325258 0
16547233332323 290892 0
16547321113331 550627 0
16572431111111 390849 0
16572433213223 305498 0
16573241123123 435404 0
16573241312312 392183 0
16574231113133 370722 0
16723451122133 452928 0
16723451322311 441395 0
16725431121311 399532 0
16725431131211 339176 0
16725431211122 313007 0
16725431211131 405560 0
16725431311121 316381 0
16725432211121 300780 0
16725432232223 301131 0
16725433113311 286184 0
16725433122212 409403 0
16725433333232 269437 0
16735242122213 499506 0
16742352232313 471807 0
16743252323222 300396 0
16745232121313 536957 0
16745232122222 455581 0
16745233121213 496116 0
16745233333313 620414 0
16753241221112 413195 0
17246351111111 343861 0
17265433111313 666349 0
17324561211323 500181 0
17324561232332 324017 0
17326452212111 683737 0
17356241212313 350328 0
17356242211331 594968 0
17362451211311 331935 0
17362451231321 349411 0
17362452213311 524485 0
17364251231231 454208 0
17423653213232 367829 0
17425631122112 422061 0
17425631223113 437827 0
17425631313113 408635 0
17425631322113 452288 0
17425631322332 511375 0
17425631323112 416071 0
17425631323223 415183 0
17425631332112 405820 0
17426531112233 415382 0
17426531121212 379499 0
17426531132312 437905 0
17426531213123 562522 0
17426531223221 321436 0
17426531232233 588651 0
17426531313131 360477 0
17426531331332 374740 0
17426532121211 299683 0
17426532331331 318410 0
17435622211133 577405 0
17435623211123 578106 0
17436521323232 368986 0
17452363213232 368710 0
17452363322132 311270 0
17452633213232 463856 0
17453262211133 454368 0
17462352213311 451906 0
17463251122112 372510 0
17463251221331 406858 0
17463251313113 392197 0
17463251321231 366978 0
17463251323112 475994 0
17463251331221 409476 0
17526431131121 378616 0
17526431231321 405695 0
17526432123233 428247 0
17543261111111 427945 0
17543261132111 312096 0
17642531111111 314942 0
17642531112233 461477 0
17642533312211 304116 0
17643251122112 464338 0
21345671111111 464819 0
21345762223322 596448 0
21345762312323 556284 0
21345762313223 473695 0
21345763332233 474965 0
21346752313322 611244 0
21347562312323 759522 0
21354671122112 317150 0
21354671131313 404879 0
21354671221112 329362 0
21354672311123 466097 0
21354672311132 469644 0
21354672313211 1345083 0
21354673131113 386466 0
21354761112233 544979 0
21354761112311 373162 0
21354761113211 512124 0
21354761113322 411468 0
21354761122211 436548 0
21354761133311 348277 0
21354762213311 464485 0
21354763312211 385625 0
21357462311111 699563 0
21357463213331 475239 0
21357642221132 447650 0
21364752311111 543007 0
21364753212212 359740 0
21365742221312 372865 0
21365742312323 581047 0
21367451311331 385210 0
21367452112112 354582 0
21374653333121 443230 0
21375462312233 500680 0
21375463333211 429438 0
21376541111123 414109 0
21376541112311 361428 0
21376541122211 454503 0
21376541131133 371726 0
21457631321123 578840 0
21473563331312 490209 0
21536742222131 514380 0
21654372231323 403035 0
21654372233321 424013 0
21654373332122 358482 0
21654373332221 377084 0
21734652123131 296980 0
23147562123131 498877 0
23147651112323 364735 0
23147652312323 354675 0
23156471222132 299343 0
23156471333132 307894 0
23156473323332 283743 0
23157461231333 577375 0
23157462131123 612146 0
23164573213133 372291 0
23164752131312 496820 0
23164753333313 419965 0
23165471111111 348404 0
23165471311133 301627 0
23165471312132 312146 0
23165472111122 344285 0
23165472111332 342590 0
23165472132332 444820 0
23165472311111 346611 0
23165473233221 512674 0
23165741112323 478618 0
23165741231312 667227 0
23165742123131 572426 0
23165742131321 719343 0
23165742131333 778022 0
23165742312323 550773 0
23165743331312 892720 0
23167541233322 484762 0
23167542131222 520282 0
23174652123131 473858 0
23175463211222 382131 0
23176452132221 614186 0
23176453332233 557875 0
23416752121211 538550 0
23417563232123 352538 0
23456173212332 384438 0
23456173233122 369158 0
23456713212332 428481 0
23475162121112 532726 0
23517462131333 624954 0
23576412233321 323878 0
23576412312323 292934 0
23657142121112 483773 0
23671452122333 778084 0
23674153232321 309506 0
23751461132123 370081 0
23751463112321 291981 0
23756143222331 399586 0
23756411222312 553773 0
23756413222112 640497 0
23756413223312 614277 0
23756413322312 594589 0
24153672321233 405387 0
24157361313212 344115 0
24157362323111 415981 0
24167353132232 648331 0
24173652323231 307577 0
24315673311311 651719 0
24315761122322 444592 0
24315762213323 514680 0
24351671212211 557244 0
24351673111133 547059 0
24351673311311 658443 0
24351761111123 817752 0
24351761212232 422013 0
24367511323112 464097 0
24367513111121 344804 0
24376512222122 547531 0
24516732233111 399927 0
24531673123121 571018 0
24536713231232 440332 0
24537613231322 543090 0
24561372111131 413028 0
24563711121212 501990 0
24563712121232 527588 0
24563713121222 726625 0
24571362221213 489885 0
24571631121212 444194 0
24615371112332 403334 0
24615372213311 926750 0
24615731122313 620113 0
24615731132333 862715 0
24615732111323 729631 0
24615732213311 488133 0
24615732233321 543525 0
24615733113323 805211 0
24615733311122 571096 0
24617532233321 660707 0
24637512311132 563827 0
24651731113223 488844 0
24651731333333 403843 0
24715363311332 384591 0
24715631111111 319457 0
24715631122121 462012 0
24715631122133 420060 0
24715632313223 348454 0
24715633112111 299391 0
24715633131131 390535 0
24716532323231 564532 0
24731561111111 623425 0
24731562311231 327461 0
24736512222332 690222 0
24751362221231 786429 0
24751362321113 965329 0
24761531221223 659601 0
24763151111111 329778 0
24765313222112 520713 0
25134672233321 341782 0
25134672312323 304873 0
25134672313211 356127 0
25137461111111 392993 0
25137461211323 316432 0
25163741112323 482308 0
25314673111313 874824 0
25314673111331 970725 0
25314673131311 1032358 0
25341673113311 679169 0
25341762313223 687763 0
25364172311231 714157 0
25364173223231 338443 0
25367411211122 427316 0
25413672323111 698910 0
25413763121222 484444 0
25436711311313 343256 0
25436712123122 371732 0
25436712123332 357448 0
25436712132122 393434 0
25436712323231 324906 0
25436713232321 438533 0
25436713332122 336713 0
25463713212332 446904 0
25471362323132 366327 0
25471631312213 616266 0
25631741212121 700112 0
25634713321232 413651 0
25641371213132 423936 0
25714632123131 504618 0
25714632223331 470129 0
25714632313211 962169 0
25714633121333 490720 0
25716431212223 374267 0
25716433223213 511872 0
25731642232211 741639 0
25734162221111 439619 0
25734613113323 499765 0
25736141111123 528053 0
25736141233232 454028 0
25736411133113 383649 0
25736411231321 375775 0
25736411321312 485462 0
25736411331113 408541 0
25736413123112 414255 0
25741361232113 435715 0
25741632222323 464749 0
25741632312323 430263 0
25743611233232 399873 0
25763142223133 515064 0
25763411332322 363022 0
26135742132221 552548 0
26135742213323 402019 0
26135742332312 502126 0
26153471122121 454940 0
26153473131131 439176 0
26153473132121 415080 0
26154372332213 893867 0
26175432331133 541407 0
26317451212211 596151 0
26345711223113 262530 0
26371453112111 359474 0
26415731322323 425094 0
26415732121223 401429 0
26415732233321 465381 0
26435712222122 911260 0
26435712233321 512002 0
26435712311132 539398 0
26435712322322 877461 0
26435713311122 539210 0
26435713333133 514956 0
26437512122312 471438 0
26453172211133 499422 0
26453711333333 375445 0
26513471122121 386629 0
26517343333313 506078 0
26534713333313 508805 0
26543171111111 361428 0
26543171123111 346036 0
26547313131323 544010 0
26573413331312 457488 0
26714531212133 454787 0
26714532121133 491967 0
26715433231322 342446 0
26741351232113 317586 0
26743512121232 571476 0
27134561131133 468075 0
27154632311132 296662 0
27314652313211 422232 0
27365412321212 576806 0
27415363131113 502960 0
27415632323231 586678 0
27415633321322 511761 0
27416532133232 332916 0
27416533321232 402621 0
27435612122222 356947 0
27453161123111 351286 0
27453161132111 356576 0
27456133132223 401153 0
27516341111111 315433 0
27534161111111 340994 0
27534161111123 456327 0
27534162311111 346363 0
27534612311132 494228 0
27536412332312 561662 0
27543611111123 453666 0
27543611111132 328304 0
27546312231122 813456 0
27613543333133 516744 0
27614353311332 535170 0
27615431312333 528164 0
27615432113321 514087 0
27615433313213 451811 0
27634511131133 327208 0
27634512233321 421924 0
27643513311233 719398 0
31246753312211 641994 0
31247651113232 347624 0
31247651323232 441769 0
31256471231222 358145 0
31257462222221 446291 0
31257462312311 420679 0
31257643311122 412615 0
31264572122213 360179 0
31264573132313 298154 0
31264573222223 326787 0
31264752132122 465492 0
31264752313121 570143 0
31265471111111 445314 0
31265471122112 314504 0
31265471122133 418615 0
31265471312213 364471 0
31265471313113 344863 0
31265471321111 342849 0
31265472233321 554997 0
31265472312233 399529 0
31265741233331 477818 0
31267542222233 532553 0
31267542313133 618358 0
31275461112233 562824 0
31275461322233 591981 0
31275462133211 493515 0
31275462223211 516481 0
31275462311213 651579 0
31275462312212 632298 0
31275463311122 599988 0
31276452133322 401465 0
31276452313313 560572 0
31452671323211 309331 0
31452671332232 339319 0
31452672322331 345885 0
31456722111221 399787 0
31462751111111 356107 0
31462751113322 349727 0
31475261322233 391500 0
31475262331313 609563 0
31475262333221 491720 0
31524673332122 680764 0
31527643332122 338161 0
31564272212111 544013 0
31564272213311 504474 0
31564273113311 365680 0
31572461122133 421325 0
31624751112233 334657 0
31624753312211 291628 0
31627452221333 535247 0
31654272313322 567998 0
31754621331122 497323 0
31765242322121 623066 0
32145671111111 538888 0
32145671123333 297561 0
32145671132222 343076 0
32145671221112 352870 0
32145671333333 408408 0
32145672113333 342170 0
32145672212222 310903 0
32145673112222 303688 0
32145673311113 283935 0
32146751232323 455365 0
32146752232223 473469 0
32147562313223 320048 0
32147562333233 681155 0
32147651123333 592939 0
32147651132222 606899 0
32147651213333 654888 0
32147651312222 562234 0
32147652113333 511076 0
32147652231332 549929 0
32147652233213 747182 0
32147652331322 743519 0
32147652332213 787642 0
32147653112222 556386 0
32156471111111 377424 0
32156471113211 345390 0
32156471232332 373168 0
32156472312332 312612 0
32156472332132 436927 0
32156472332321 428011 0
32156472333332 469184 0
32156473223123 297338 0
32156741112323 590533 0
32156742311123 405837 0
32156742313223 478294 0
32156742333131 397166 0
32157641232323 465295 0
32157642231323 458986 0
32164571111111 349736 0
32164571111231 318301 0
32164571232323 387115 0
32164572232223 503086 0
32164572232313 453898 0
32164572233321 477832 0
32164572312323 405018 0
32164573323212 315037 0
32165741111111 435072 0
32165741111132 317792 0
32165741233223 404564 0
32165742211112 433718 0
32165742331112 425790 0
32165743311131 295326 0
32167451111111 356876 0
32167451213333 345215 0
32167451222222 434873 0
32167451312222 267478 0
32167451333111 302103 0
32167452211121 281575 0
32167453222313 252213 0
32167453313333 282545 0
32167453321232 257042 0
32174561112323 412159 0
32174561232113 553888 0
32174561232233 583026 0
32174562231212 458674 0
32174652312332 364306 0
32174652332132 397109 0
32175461111111 328618 0
32175461113112 293607 0
32175461221112 344964 0
32175461333111 357293 0
32175462233111 393083 0
32175462312323 528230 0
32416753121222 604767 0
32417562113321 603977 0
32417652132131 403787 0
32417653132121 299065 0
32451762331121 348922 0
32456173212332 446282 0
32456711233133 725343 0
32465172112121 368333 0
32465172132131 327391 0
32465172133121 446898 0
32465172332321 432157 0
32465173123121 371649 0
32465173132121 393371 0
32465173133111 378891 0
32465173233221 417410 0
32475161232323 541127 0
32475163331222 417786 0
32476513232231 333376 0
32517463131311 592571 0
32546713323212 417882 0
32547611121113 328682 0
32547611131112 313014 0
32547611213111 271655 0
32547611312111 289167 0
32547612111311 341815 0
32547613111211 334609 0
32561471113133 299981 0
32561471121311 347070 0
32561471122211 327364 0
32561471131211 328468 0
32561471211131 408325 0
32561471311121 319731 0
32561472133313 361547 0
32561472213122 284418 0
32561473222223 276442 0
32561473323212 278362 0
32567412122222 492716 0
32567412131312 626994 0
32567412222212 807204 0
32567413131212 510510 0
32567413133333 502478 0
32576142313223 349908 0
32615473332122 346011 0
32647152133121 439990 0
32647153132121 310260 0
32647512333233 530068 0
32657143121213 522298 0
32657412111212 485903 0
32671453123313 511899 0
32674152113333 656165 0
32714652332132 379480 0
32716452123212 612414 0
32741651121311 469494 0
32741651131211 387235 0
32741651211131 265295 0
32741651311121 284709 0
32741652111113 327178 0
32741653111112 312332 0
32745611223332 456296 0
32745612313322 460845 0
32745612322331 428316 0
32751643321232 369136 0
32754163211123 255995 0
32756141233121 427847 0
32761452121313 503633 0
32761452122222 449231 0
32761452222212 430098 0
32761453121312 697775 0
32761453133333 408201 0
32765411112221 294229 0
32765411121113 330957 0
32765411131112 350936 0
32765411133113 333001 0
32765411331113 334667 0
32765412221312 530101 0
32765412323222 356038 0
32765413122212 497331 0
32765413223312 361530 0
32765413231223 340638 0
32765413322312 435055 0
34125672131213 507063 0
34125672131312 582870 0
34125672221222 433120 0
34125673133333 528321 0
34127651121113 280965 0
34127651131112 336003 0
34127651213111 328470 0
34127651312111 278768 0
34127652111311 346490 0
34127653111211 326613 0
34162752132212 820870 0
34165271112212 306052 0
34165271121311 351319 0
34165271131211 388133 0
34165271211131 399984 0
34165271311121 285777 0
34165271311133 284348 0
34165272323333 281470 0
34165273133312 435059 0
34165273222322 245149 0
34165273311131 264823 0
34167252213323 402464 0
34172562132332 637705 0
34172562313331 505630 0
34175263321232 354030 0
34216572213122 628895 0
34261572132131 419113 0
34261572133121 456463 0
34261573123121 414701 0
34265712212132 620465 0
34275161312213 409917 0
34275162112322 476193 0
34275162213221 441434 0
34516271111111 329105 0
34516272312332 411659 0
34516722313223 561245 0
34517622231323 457794 0
34521672223232 349547 0
34526713232312 313805 0
34527612211322 690449 0
34527612231122 619513 0
34527612231332 671651 0
34527612331322 706973 0
34527613312133 601413 0
34561272122123 743095 0
34561272122321 629434 0
34561272212213 781298 0
34561272213122 555007 0
34561272232211 763184 0
34561273221233 510257 0
34561273233131 577398 0
34561273311233 523934 0
34561273313321 707967 0
34561273321133 539970 0
34561273321223 539610 0
34561721111111 386814 0
34562171321111 383673 0
34562171321231 369775 0
34562172232313 458888 0
34567212223232 410004 0
34617252111212 514320 0
34617252123212 543169 0
34617252132212 535110 0
34617522221333 460217 0
34621572132131 418798 0
34625172111212 589360 0
34627512232313 347880 0
34651271123111 383013 0
34651272332132 326797 0
34675212222122 589320 0
34715262221123 627413 0
34716522223211 671821 0
34721652121313 660526 0
34721652131213 556893 0
34721652221222 709016 0
34721652222212 596364 0
34721653333313 491531 0
34725611212211 296359 0
34725612111113 330192 0
34725612121322 529200 0
34725612231212 503801 0
34725612231332 403414 0
34725612322232 382473 0
34725612331322 354590 0
34725613111112 349913 0
34725613111133 300913 0
34725613132223 317548 0
34725613311113 300733 0
34761252323222 307327 0
35126741232212 554058 0
35126742231233 504745 0
35127462331331 618154 0
35162472122231 371972 0
35162472123233 393227 0
35162473122221 385134 0
35162473323131 389355 0
35162473332122 412711 0
35162473332131 447303 0
35162742213323 486826 0
35167242132212 530218 0
35172461232323 456817 0
35174262213131 499935 0
35174262231113 537841 0
35246171111111 322991 0
35246171113322 279928 0
35246172213311 447345 0
35267141223233 308572 0
35267141321132 752095 0
35271461322233 431525 0
35416721113112 406371 0
35416723232213 383164 0
35417622223133 615140 0
35426712131132 449653 0
35426712311312 433104 0
35426713111313 371141 0
35426713131113 285673 0
35426713312211 406877 0
35461271111231 455699 0
35461271321231 322085 0
35461272222323 400638 0
35462171131313 299629 0
35462171212121 330050 0
35462171221223 305671 0
35462171332331 372091 0
35462172213311 469180 0
35462172223331 427630 0
35462172312131 446171 0
35462173123211 395287 0
35462173131311 330344 0
35462173221221 365980 0
35462712322322 607598 0
35472163222313 381174 0
35472163231322 336500 0
35476122221111 440363 0
35614722321233 470083 0
35617423131332 396388 0
35624712121232 603448 0
35624712321212 654397 0
35624712321332 632030 0
35624712331232 547662 0
35714623111322 452214 0
35721642221213 786067 0
35762142222113 632701 0
36125471111333 284834 0
36125471212112 451332 0
36125471213111 318290 0
36125471222111 506918 0
36125471312111 324810 0
36125472111311 383769 0
36125472121223 388658 0
36125473111211 336529 0
36125473232222 381676 0
36125473323233 294909 0
36125743222331 612337 0
36127451333222 365094 0
36145272122222 507400 0
36145272131213 728078 0
36145272131312 528054 0
36145273333313 493242 0
36147251121311 374085 0
36147251131211 414449 0
36147251211131 351652 0
36147251311121 279604 0
36147252111113 402807 0
36147253111112 308928 0
36152741231312 487771 0
36152742131321 514684 0
36172452133133 629474 0
36217452131333 710307 0
36217541223311 300657 0
36217543213112 362301 0
36241573212332 396958 0
36241753212311 380411 0
36415272123212 485252 0
36417522123311 533931 0
36514272212111 696190 0
36521472113321 422756 0
36521472331121 438888 0
36527411131133 248710 0
36527412111113 341921 0
36527412131222 501780 0
36527412211322 425049 0
36527412221312 442985 0
36527412231122 404109 0
36527412322232 334565 0
36527413111112 367453 0
36527413311311 280297 0
36541272323222 287080 0
36542712121322 579403 0
36547212121313 595370 0
36547212122222 532847 0
36547212131312 590308 0
36547212221222 480444 0
36547213331333 431097 0
36712542121112 537342 0
36712542121121 604579 0
36712542121211 728635 0
36712542122111 565960 0
36714252232223 282723 0
36714521232113 479190 0
36714522121322 599071 0
36714522122213 457482 0
36714523132223 356692 0
36714523132322 311329 0
36721451131331 310612 0
36721452121322 449649 0
36721452122123 400955 0
36721452122213 493009 0
36721452122321 401431 0
36721452131111 362168 0
36721452223232 329523 0
36721453113113 303714 0
36721453121111 502353 0
36725411121212 668324 0
36725411131313 533731 0
36725411212121 543300 0
36725411313131 680324 0
36725412111212 707703 0
36725412121112 672995 0
36725412121211 725980 0
36725412121232 661468 0
36725412123212 715547 0
36725412321212 695441 0
36725413111313 632322 0
36725413131113 493074 0
36725413131311 693900 0
36741252122123 683624 0
36741252122321 691995 0
36741252122333 655679 0
36741252123323 598603 0
36741253233131 615350 0
36745211211221 255707 0
36745212121223 486280 0
36745212122312 617222 0
36745212122333 313171 0
36745212123323 426367 0
36745212131111 312488 0
36745212223232 364298 0
36745213121111 428755 0
36745213131131 284483 0
36745213133111 306834 0
36745213232213 272986 0
36751243222322 362215 0
36752142122132 516220 0
36752142123221 421432 0
36752143132232 348524 0
36752143133222 369001 0
36752143211132 375690 0
36754123232222 639684 0
37246511112233 363074 0
37256142321233 471520 0
37415622333221 456649 0
37426513132313 527129 0
37452162323312 417766 0
37516422333311 427875 0
37561241311112 348090 0
37612453122233 345781 0
37612542221111 383325 0
37614252221123 498773 0
37614521111111 390397 0
37614521323232 353322 0
37614522111221 353161 0
37614522113321 420150 0
37614522313322 418711 0
37614522323312 343158 0
37614523232213 354423 0
37615421113322 530756 0
37615422211133 594090 0
37615422223133 548371 0
37615422313121 648904 0
37615422313331 661191 0
37615423121132 467480 0
37624152311213 597549 0
37624511232233 425985 0
37624512121322 504804 0
37624512231212 483884 0
37624513131323 315439 0
37624513231313 356252 0
37641252222323 416759 0
37642152213311 641744 0
37642513122221 447430 0
37645122312221 351076 0
37651242211133 586038 0
37651422312311 581181 0
37652141113232 398170 0
37652143231322 329669 0
37654212311222 576065 0
41236753232321 370313 0
41237561313131 533247 0
41263751312222 675920 0
41325671212211 435761 0
41325762313223 516708 0
41325763131233 385068 0
41352671212112 538456 0
41352671212121 623105 0
41352671222111 710359 0
41357622313112 361981 0
41367253111133 523295 0
41532672313211 658680 0
41532761233133 580266 0
41563273113311 440546 0
41576322212222 507181 0
41625372313211 1172930 0
41625373121213 352171 0
41625731222231 439807 0
41635721212121 731052 0
41657321222312 474256 0
41673252212222 501879 0
41673521111111 318199 0
41723562313211 444829 0
41725361232113 515182 0
41725361321213 728992 0
41725362221213 660130 0
41725362313211 480321 0
41725362313223 592163 0
41725363121222 547968 0
41725363121231 528018 0
41725631111111 348267 0
41725631211122 369590 0
41725632322331 445144 0
41725633111133 337840 0
41725633121123 382465 0
41725633211111 337195 0
41726352313322 425621 0
41726532312233 513262 0
41735261323313 642196 0
41735262312233 474892 0
41735263123223 412259 0
41735621233232 386138 0
41735622313322 564425 0
41736521233232 467201 0
41736522332231 414588 0
41752631222123 411873 0
41752632311123 514923 0
41752632312323 447264 0
41752632313211 1155130 0
41756231321213 748933 0
41756233121231 532874 0
41762532221333 575485 0
41762533123331 465668 0
41765231233232 375967 0
41765322221312 456775 0
41765322313211 709175 0
41765323122212 443194 0
42136752131312 560585 0
42137561123333 554466 0
42137653122131 389376 0
42137653132121 304089 0
42157633231322 503882 0
42163751121212 605365 0
42165373223123 257191 0
42167532131333 616584 0
42315673112111 356283 0
42351671212211 453752 0
42351763231133 695582 0
42367153111121 315666 0
42367153211123 320411 0
42516372233111 570263 0
42561733323122 329409 0
42573612323231 394398 0
42573613322231 379929 0
42613572313211 459213 0
42615371313332 656951 0
42615372213311 610291 0
42615372221213 515385 0
42615372313211 503336 0
42651372213311 437862 0
42651733311122 471080 0
42673512232133 483889 0
42751632321233 529617 0
42751632323231 368795 0
43126572133313 528467 0
43167251232212 466632 0
43176252123131 324222 0
43176252311132 325830 0
43216573132121 477852 0
43216573132223 361897 0
43216573212311 441923 0
43216573212332 565577 0
43512671313332 452376 0
43527612312323 346088 0
43561271111111 297000 0
43571262122222 477089 0
43572161111111 371034 0
43572612312323 497583 0
43576211123222 483615 0
43576212112232 688436 0
43615271333312 383975 0
43615272113321 515672 0
43617521223221 664192 0
43621752213323 538454 0
43651722323132 397996 0
43675122222122 647634 0
43675211221331 365101 0
43721653231313 406319 0
43751623123313 494821 0
43765212222122 673739 0
45167323322231 387960 0
45176231131313 886204 0
45176231133113 888550 0
45176231331113 932619 0
45176233131113 1033340 0
45176321131133 680002 0
45213672221123 497736 0
45273162222122 544138 0
45276131131133 599797 0
45312671222312 371314 0
45312672223331 417405 0
45312672233321 368010 0
45312672313211 1136034 0
45312673132313 531892 0
45312673222112 351716 0
45312673231313 501094 0
45312761113211 548257 0
45312761133311 377043 0
45312762221111 473588 0
45312762311111 481243 0
45321671212211 437516 0
45321671221121 360895 0
45321673113311 682443 0
45327612222323 448440 0
45362712122222 547848 0
45367122223133 496822 0
45367211111132 486070 0
45367211211122 482996 0
45367213111133 414975 0
45376121131133 608519 0
45376121331311 415678 0
45376211333123 345153 0
45376213131323 464220 0
45376213333322 337325 0
45612371133221 500075 0
45612372331121 494478 0
45612373112231 484242 0
45612373132121 434537 0
45612373132223 346990 0
45612373322111 362986 0
45612373332122 334032 0
45612373332221 388380 0
45613271331221 401935 0
45613272233111 603478 0
45621373123331 419337 0
45621373211111 725409 0
45621732212123 519649 0
45621732233333 541843 0
45623712332123 375478 0
45623713322321 301361 0
45637123132121 402442 0
45637123332122 316380 0
45671231132231 325399 0
45671233112132 409148 0
45673212212132 528687 0
45673213211222 504212 0
45713623223132 368727 0
45721363321313 413149 0
45721363322231 375513 0
45732612233321 255308 0
45736121122211 564107 0
46123571111111 307339 0
46123573232123 504874 0
46125731333123 524660 0
46127351131313 509393 0
46127352131333 728324 0
46127353131323 581292 0
46135272133313 514621 0
46153273131131 626649 0
46157233333232 382559 0
46157321331233 472470 0
46215372121223 428362 0
46215372313211 673291 0
46257132211133 599097 0
46257313312211 847490 0
46273512122312 409494 0
46273513221212 359433 0
46275311123222 498790 0
46275312112232 750436 0
46275312132212 684250 0
46275312232133 524614 0
46275312313211 459179 0
46275313121222 530168 0
46275313312211 571817 0
46321752111131 465867 0
46352171211233 349059 0
46352172113231 341257 0
46372511221331 399021 0
46375211211332 406198 0
46375212113111 376986 0
46375212132131 346203 0
46375212132221 380573 0
46375212332222 406592 0
46375213112111 467726 0
46375213123121 406063 0
46375213333121 365969 0
46512371331221 397033 0
46512372113321 534914 0
46513272332111 334524 0
46513273113221 354423 0
46523711331332 569198 0
46527133111121 283883 0
46572311223122 509741 0
46572312132122 478662 0
46721533123313 495580 0
47123562232133 650602 0
47123651233232 441682 0
47126351233232 539471 0
47126532133133 576977 0
47132562311111 397532 0
47132563222331 578665 0
47132652233321 528183 0
47135622132332 433598 0
47136252133112 609145 0
47152361233232 368171 0
47152631322131 416669 0
47156231332313 495736 0
47156233211132 411223 0
47156233223312 322155 0
47156233233113 528073 0
47156233322312 292804 0
47156321111111 338449 0
47156321133311 418074 0
47156322132311 404314 0
47156322313232 340061 0
47156322332132 321282 0
47156322332312 371864 0
47156323223123 389253 0
47162351322122 404870 0
47163522131222 452783 0
47165321232113 523335 0
47165321322131 679607 0
47165322132212 711471 0
47165322133112 745461 0
47165322232133 575556 0
47165322313211 444419 0
47216352131333 763589 0
47251363131113 533506 0
47251632131312 556962 0
47256133212311 368231 0
47256133321232 346318 0
47265312122222 392952 0
47265312131312 484796 0
47265312313211 956210 0
47321651311133 381065 0
47352612123131 271551 0
47352612311132 401828 0
47352612313211 539910 0
47512632312323 337240 0
47621532232331 351489 0
47621533231121 371456 0
47632152233321 320164 0
47632153212311 408937 0
47632153232321 386013 0
47632513212332 681924 0
47652132231323 478705 0
47653213211231 526955 0
47653213232111 325902 0
51264731113322 320053 0
51264732213311 302381 0
51267342312233 569841 0
51324671211122 320036 0
51324672212111 481259 0
51324673113311 548555 0
51324761111123 497768 0
51324763113332 375677 0
51342672212111 467200 0
51342763312223 1023559 0
51367241211113 348557 0
51423671221331 468478 0
51426731111111 321248 0
51426733312211 357983 0
51472361131313 515923 0
51472633331312 528609 0
51623471321111 308241 0
51623743313321 471808 0
51624731312123 670505 0
51624733323113 664042 0
51632741323232 334126 0
51642371122313 447134 0
51642731113322 605995 0
51647231113232 317148 0
51723643131311 453839 0
51724362122222 458932 0
51724363121213 505095 0
51726433123313 535257 0
51732643121213 523063 0
51742632323231 416617 0
51742632323333 460527 0
52134761232113 366943 0
52147631121311 353708 0
52147631131211 433085 0
52147631211131 298147 0
52147631311121 273545 0
52147632111113 343211 0
52147633111112 406586 0
52163471112122 289685 0
52163471213111 330286 0
52163471312111 317918 0
52163471333123 298676 0
52163472111311 313154 0
52163472131222 395012 0
52163473111211 367114 0
52163473111331 310410 0
52163473221323 309930 0
52163473323332 445449 0
52167342121232 440392 0
52167432121313 486689 0
52167432122222 544074 0
52167432131213 575319 0
52167433133333 685439 0
52167433331333 567031 0
52174633223123 426181 0
52314673311311 765437 0
52314761322122 483091 0
52341671111111 1157509 0
52341671122211 369015 0
52341671311313 293925 0
52341672211112 370801 0
52341672232313 326250 0
52341672323222 326326 0
52341672323312 480911 0
52341673133111 380517 0
52341673232213 307503 0
52341673232333 295221 0
52341673323212 469917 0
52361472121313 536363 0
52361472131312 497767 0
52367142211121 481822 0
52367412322232 341060 0
52374161112323 338607 0
52376413222223 471518 0
52463173212332 612879 0
52463713212332 640478 0
52471631223113 386750 0
52471631323112 357427 0
52614372313211 644815 0
52641733212311 349872 0
52641733232321 378125 0
52673413232123 322370 0
52713461232323 318584 0
52714361232113 595367 0
52714633213223 478457 0
52714633223123 384914 0
52731641233112 317692 0
52731641323112 315732 0
52736141322233 479798 0
52741362313211 383055 0
52741362313223 457622 0
52741632122333 697402 0
52741632123323 685275 0
52741632212213 618809 0
52741632212231 604778 0
52741632232211 524635 0
52741633221233 670910 0
52741633313312 566865 0
52741633313321 598341 0
52741633321223 702521 0
52741633323311 541132 0
52743611111213 361055 0
52743611111312 468906 0
52743611112131 291936 0
52743611113121 342872 0
52743612131111 297644 0
52743613121111 374287 0
52761431111213 373082 0
52761431111312 360802 0
52761431112131 304069 0
52761431113121 329840 0
52761432131111 321369 0
52761433121111 338833 0
52763143222331 591998 0
52763411222312 946733 0
52763411333123 587730 0
52763413222112 903841 0
52763413223312 979660 0
52763413322312 855963 0
53126471231231 556884 0
53126471231321 404788 0
53126471321321 496143 0
53146272123233 461293 0
53147262123131 328665 0
53162743312223 808463 0
53274163211222 624166 0
53421671321111 484253 0
53421671321231 321392 0
53426171112233 440061 0
53462711113322 575498 0
53467211321111 299764 0
53476121323112 378588 0
53476121323322 380456 0
53614721212121 507401 0
53621471331221 346652 0
53642171111111 396173 0
53672142221213 757142 0
53714622233111 555074 0
53721463223312 601496 0
53724612121112 561226 0
53726143333121 356033 0
53741621323112 428674 0
53741621332112 377699 0
53742612323333 396535 0
53761242121211 535417 0
53761242221213 567289 0
53761242321212 474676 0
53762143222331 466050 0
53762413322123 403305 0
54123673233323 328630 0
54126371331221 359937 0
54127632131213 680134 0
54127632222212 508090 0
54127633131212 654194 0
54127633133333 600437 0
54127633333313 573416 0
54163271133221 518656 0
54163272233111 552653 0
54167231121113 358737 0
54167231131112 374135 0
54167231221211 294673 0
54167231333213 362609 0
54167232112112 303349 0
54167232133313 545198 0
54167232333113 377446 0
54167233232333 387028 0
54167233331213 469162 0
54172633132313 524894 0
54217362233213 793827 0
54217632132212 854920 0
54231671123111 355670 0
54231673123121 322323 0
54261373123121 437465 0
54261732231233 466985 0
54276132233312 432102 0
54312671131331 329495 0
54312672212111 399743 0
54312673311311 669624 0
54317261113112 316297 0
54317621111222 386605 0
54321672212213 594830 0
54321672212231 668422 0
54321672232211 722333 0
54321673313312 828143 0
54321673313321 945114 0
54321673323311 1069794 0
54321761211221 361721 0
54321763113113 455450 0
54326171111231 527813 0
54326171112233 328342 0
54326171321231 349784 0
54326711112212 532562 0
54327612223232 334827 0
54361272223232 314945 0
54362171113133 364100 0
54362711111231 315305 0
54362711323112 381963 0
54367121112212 556243 0
54367121113211 363212 0
54367121113331 624025 0
54367122211121 417933 0
54367122311111 414925 0
54367123311113 414139 0
54367211132222 635663 0
54367211213333 776902 0
54367211222132 547182 0
54367211333213 536714 0
54367212211322 733960 0
54367212231122 719758 0
54367212233213 533954 0
54367212332213 517076 0
54367212333113 527355 0
54367213112222 756999 0
54367213312133 651153 0
54371261113331 436562 0
54371621113112 544310 0
54371621113322 338071 0
54376121322233 443792 0
54376211111132 525490 0
54376211111222 355341 0
54376211113133 393395 0
54612371112311 746226 0
54612372222131 369619 0
54612732112223 516694 0
54612733322213 457546 0
54621371133311 395081 0
54621372211121 408841 0
54637211132111 302373 0
54671232221213 480831 0
54712361323313 557514 0
54712362223322 522515 0
54716232222113 526975 0
54716321112323 361356 0
54716322313223 321027 0
54721631111111 1146882 0
54721631122121 348265 0
54721631311133 299445 0
54721632133232 292598 0
54721632212222 420322 0
54721632212231 281410 0
54721633231322 262537 0
54721633313321 354684 0
54721633333331 281571 0
54723612131312 638817 0
54723612221222 497357 0
54723612222212 514544 0
54723613121312 585652 0
54723613333313 474275 0
54761233322321 418207 0
54763212322232 337602 0
56123471222312 506722 0
56123471223221 623954 0
56123471331332 739158 0
56123471333123 622005 0
56123472322121 665353 0
56123472331331 678346 0
56123473133132 641891 0
56123473133231 748658 0
56123473222112 508289 0
56123473223312 470028 0
56123473322312 542686 0
56124371111231 292938 0
56124371232323 393492 0
56127433332323 334963 0
56132472333332 354961 0
56132473211111 380703 0
56132473213211 381871 0
56143273332323 416488 0
56147231222132 908214 0
56147231333213 617024 0
56147232233213 592580 0
56147232332213 716984 0
56147232333113 611358 0
56147322333233 470399 0
56173421113112 322462 0
56174232323333 399123 0
56174321232113 565035 0
56213471111111 404881 0
56213743313333 524721 0
56243173133111 485583 0
56243713121333 439169 0
56247132333233 394599 0
56271433111313 622119 0
56271433123313 536616 0
56271433132313 563309 0
56274132331133 415430 0
56274312313211 557173 0
56321473233323 278107 0
56321742211112 483641 0
56324171221331 453446 0
56327411211332 403910 0
56327413213112 440455 0
56341273121213 545236 0
56341273131212 498417 0
56347122333233 404189 0
56347211213111 293505 0
56347211222132 328261 0
56347211312111 297121 0
56347211331131 245523 0
56347212111221 500677 0
56347212111311 416625 0
56347212123233 325830 0
56347212232223 296481 0
56347213111211 364560 0
56347213131332 409516 0
56423171231231 322692 0
56423171231321 405069 0
56423171321321 366717 0
56423172112121 389163 0
56423173132121 422287 0
56423173133111 349481 0
56432713122122 500702 0
56712341232113 301863 0
56712343211123 357292 0
56721343123331 430911 0
56721432312233 471771 0
56723411113313 302630 0
56723411121113 360469 0
56723411131112 366176 0
56723411222312 434946 0
56723412122312 444750 0
56723412323222 317821 0
56723413221212 474404 0
56723413222112 461672 0
56723413331111 240435 0
56732143122113 643640 0
56741231121311 366203 0
56741231131211 446355 0
56741231211131 356360 0
56741231311121 307821 0
56741232111113 350031 0
56741233111112 299306 0
56743212122222 596527 0
56743212221222 640359 0
56743213121213 683280 0
56743213121312 597887 0
56743213331333 509920 0
57123461111111 275807 0
57164322131312 451249 0
57214361323232 324250 0
57214632212213 793945 0
57236141113232 338585 0
57236141322233 334788 0
57236141323232 550105 0
57241631322113 296300 0
57241631323112 325252 0
57246131112233 494299 0
57264132111323 488099 0
57321641311112 369440 0
57321642311132 342190 0
57364212213311 509093 0
57364212313211 367949 0
57364213332122 378059 0
57642311113322 332171 0
61234572231323 398154 0
61234573232213 301877 0
61235741313131 655016 0
61257343232123 333066 0
61274351313131 511376 0
61274532231323 363791 0
61352472233321 321490 0
61352472313211 693228 0
61452731311313 518735 0
61453721111111 335198 0
61453721311112 386994 0
61453723111121 343832 0
61472532123332 327842 0
61472533112111 360585 0
61527431111111 353231 0
61534272311132 470146 0
61534721112311 332666 0
61534721113211 327909 0
61543271111111 401581 0
61543271112311 391727 0
61572432312323 423283 0
61734523222331 615810 0
62134572321323 470133 0
62135471122121 456810 0
62135472132131 424931 0
62135473122131 303400 0
62135473123121 513724 0
62135473131131 493360 0
62135473132121 430728 0
62135473232231 458466 0
62135473322321 420525 0
62135743222331 406077 0
62135743312223 767259 0
62147353123121 345519 0
62147353132121 346978 0
62154733321121 321889 0
62157342132212 541335 0
62173543232132 394429 0
62174351122133 519042 0
62174533311212 401434 0
62317453112111 346306 0
62317453312211 507749 0
62351743112123 749030 0
62371453311311 501362 0
62374511322311 320374 0
62374513112321 369847 0
62374513312112 337569 0
62435172211133 627746 0
62435172311132 637364 0
62435711222222 357193 0
62453713311122 599247 0
62471532232133 450669 0
62475131322323 393514 0
62531472321233 380873 0
62543711211113 372089 0
62543711311112 373340 0
62571432321233 435101 0
62735143223213 450041 0
63125741112323 668721 0
63125743131233 415172 0
63125743133312 483439 0
63142571111111 347702 0
63142571132321 681327 0
63142573112123 575053 0
63172452312323 280401 0
63172452313211 543980 0
63174522332132 401305 0
63247511123132 375933 0
63251743133231 613890 0
63452711311313 341306 0
63452712333221 424206 0
63471522123131 399225 0
63471522323132 424264 0
63471522332132 446199 0
63472512123332 382575 0
63512743313333 509076 0
63541271212211 588390 0
63542713121333 571507 0
63574212123131 313478 0
63574212313211 458987 0
63712542221111 425082 0
63714252123131 462221 0
63714521112323 414567 0
63714522332132 307739 0
63721541233322 358508 0
63724153121213 526567 0
63725141112323 582820 0
63725141233121 420052 0
63725142123131 645139 0
63725142223133 666837 0
63725143122113 764135 0
63725143123313 1026803 0
63741252222323 460135 0
63741522123131 491064 0
63742511232221 399700 0
63745123122212 337869 0
63751242221321 510478 0
63751423122311 576608 0
63752141111111 479875 0
63752141122211 410151 0
63752141123213 372772 0
63752142332132 319955 0
63752143123223 374784 0
63752143212323 305321 0
63752143223123 397911 0
63752411223212 423954 0
63752411333213 504745 0
63752412312323 442768 0
63752412322112 467304 0
63752412333113 536819 0
63754213122122 546596 0
64125371131313 612187 0
64157321133212 1041902 0
64231572311132 435300 0
64257131113223 456020 0
64271533221212 417890 0
64275131212223 622016 0
64275131312123 581456 0
64275132211133 693957 0
64275132232133 604816 0
64275133231112 497117 0
64275133312211 431228 0
64275311112332 527993 0
64275311222222 429593 0
64275313312211 383614 0
64321572111131 528041 0
64321572132131 399204 0
64321572311132 448300 0
64325713121222 797848 0
64351272132131 407550 0
64357212313211 399576 0
64357213231322 568899 0
64357213312211 423024 0
64531271212211 647939 0
64531272132131 421855 0
64531273122131 377675 0
64531273123121 504306 0
64531273311311 423053 0
64531273312211 313419 0
64572131122223 442133 0
64713253112111 324725 0
65123471112311 374249 0
65123471233232 384633 0
65123472312311 379964 0
65132471212112 314425 0
65132471222111 369801 0
65132471231321 500136 0
65132471323121 434231 0
65132472131231 389264 0
65132472212231 496687 0
65132472233321 493387 0
65132473111331 363732 0
65132473313312 304327 0
65132473323311 347851 0
65132741223323 320580 0
65132743222331 436954 0
65134721233232 484805 0
65147321232113 586556 0
65172431132333 601341 0
65174232123131 349632 0
65174232133313 405089 0
65174232323312 370490 0
65174233323212 346896 0
65174233331213 474257 0
65174322313211 370210 0
65174323223123 382289 0
65213741111111 376300 0
65241371111111 390314 0
65243712121322 542427 0
65271341332331 460523 0
65271432231233 431467 0
65274131111111 394505 0
65274131311313 311185 0
65274131312213 393888 0
65274132123332 386490 0
65274133132223 357895 0
65274133232321 313478 0
65274133312223 366856 0
65314272311132 322572 0
65314272313211 533303 0
65321472111122 467093 0
65417321232113 363794 0
65417323223123 345405 0
65417323232123 319131 0
65423713321322 527989 0
65432173232321 439686 0
65471231132213 560536 0
65714323223123 388251 0
65723143321313 435774 0
65732411333123 863031 0
65742311212313 294204 0
67132541133311 567269 0
67145323133312 435901 0
67154233323332 600163 0
67215343333133 563811 0
67231541323112 457773 0
67231543323122 493522 0
67234513332122 431688 0
67245131313323 379566 0
67245311112311 663795 0
67245311133233 417280 0
67254311131133 499702 0
67254313311113 353882 0
67312452233321 448186 0
67312541121221 343869 0
67312542221111 502643 0
67321451111123 396797 0
67321451112311 404369 0
67321451212211 544809 0
67321451311133 324059 0
67321452111122 346707 0
67321453113311 388426 0
67321542232133 439506 0
67341252222323 453121 0
67342512222113 399223 0
67345122223133 641289 0
67345122232133 633000 0
67345211111123 377503 0
67345211111132 464310 0
67345211112233 336702 0
67345211113322 426871 0
67345211211122 378893 0
67345211311133 359267 0
67345212111122 356361 0
67345213111133 400045 0
67354121111111 372462 0
67354211212121 348633 0
67354211313113 485968 0
67354211333111 481055 0
67354212111221 334398 0
67354212212222 454729 0
67354212311132 428642 0
67354213111313 367597 0
67354213131311 366476 0
67354213211132 466200 0
67354213313333 372755 0
67412353132121 405246 0
67412353332221 298538 0
67412531131133 421468 0
67435121332112 287256 0
67435123123121 274850 0
67452313321232 506483 0
71234563231322 424428 0
71263541333222 611195 0
71263542323123 743188 0
71264533131323 541078 0
71264533221323 635269 0
71264533231223 642909 0
71264533231313 637521 0
71326451211311 349203 0
71326453132121 359867 0
71326543333313 548751 0
71345262132131 344504 0
71362453113311 367952 0
71365423331312 558150 0
71423563213232 452106 0
71423653213232 369902 0
71426353312211 458265 0
71426533333223 637824 0
71432561232323 372714 0
71432561323232 307639 0
71432562111221 386085 0
71432563232213 346195 0
71432563323113 371363 0
71432563323122 355267 0
71432563332113 381827 0
71435261322233 485173 0
71435262222122 443879 0
71435263211123 590141 0
71435263311122 538438 0
71435263333133 726893 0
71435263333223 742773 0
71435623333331 537321 0
71436253333112 625935 0
71452363213232 391553 0
71452632222131 476511 0
71453262222221 401532 0
71453623311122 693959 0
71456321322323 388011 0
71456322111221 369382 0
71462531113322 460894 0
71462532111212 367322 0
71462532121112 330923 0
71462533111223 596889 0
71462533221113 525968 0
71463523331222 594438 0
71523463131311 494007 0
71523463231313 633289 0
71523463331312 566650 0
71532463221332 416164 0
71534262122222 525133 0
71542633132322 355052 0
71543622111131 297326 0
71543623111121 367247 0
71546233331213 516241 0
71546322231212 530330 0
71562433123232 380859 0
71563243221221 499689 0
71625433213133 788029 0
71643252231212 473385 0
71643523331213 553063 0
72134562312212 461377 0
72136541322233 315811 0
72143563222331 412646 0
72143651121113 311679 0
72143651131112 364206 0
72143651213111 272225 0
72143651312111 293172 0
72143652111311 319873 0
72143653111211 367415 0
72145631233223 395674 0
72145633232231 403688 0
72145633312223 563447 0
72146352232223 365751 0
72163452122222 583400 0
72163453121213 556300 0
72163453131212 710923 0
72163453133333 526667 0
72163453331333 625038 0
72164353131113 538483 0
72165431113331 242705 0
72165432111113 354719 0
72165432111122 393317 0
72165432211112 349821 0
72165432323312 322666 0
72165433111112 360680 0
72165433121333 412798 0
72165433221233 344756 0
72165433233323 389422 0
72165433321223 442364 0
72165433331213 533038 0
72345611111111 352526 0
72345611133113 253747 0
72345611221223 313736 0
72345611222222 297691 0
72345611331332 382301 0
72345612122111 344887 0
72345612331331 263336 0
72345613221221 306431 0
72345613333331 392191 0
72356141112323 319034 0
72356141232113 329535 0
72356143211123 312628 0
72361453232333 272675 0
72361542333233 613350 0
72365412222212 446485 0
72365413121312 725867 0
72365413131212 537971 0
72365413331333 458976 0
72435163333313 547558 0
72513641232323 347950 0
72513641233322 420770 0
72516342313223 525959 0
72531463321232 447458 0
72534163211123 497081 0
72541631111213 401339 0
72541631111312 374602 0
72541631112131 302821 0
72541631113121 352035 0
72541632131111 294747 0
72541633121111 418109 0
72543162311111 319385 0
72543163211111 358582 0
72543611221223 534732 0
72543611223221 576984 0
72543611331332 602796 0
72543611332331 614875 0
72543612331331 595367 0
72543613132232 715003 0
72543613133222 670583 0
72543613221221 668362 0
72543613223312 802922 0
72543613322312 654970 0
72546311323112 400844 0
72546313323212 446088 0
72561342313223 492862 0
72561432213122 722401 0
72561433221233 689233 0
72561433311233 796619 0
72561433321133 632298 0
72561433321223 613448 0
72563411111213 330880 0
72563411111312 370246 0
72563411112131 458281 0
72563411113121 280282 0
72563412131111 270813 0
72563413121111 312426 0
72643513212311 432780 0
72643513212332 445148 0
73125463133132 537227 0
73146522113231 301417 0
73246153312211 348502 0
73456123231322 410486 0
73516243323113 472727 0
73516243332131 421453 0
73541262321212 546379 0
73542163321133 535341 0
73542613132121 443485 0
73542613132322 372611 0
73564213321322 552709 0
73614251112323 384215 0
73615241112323 565361 0
73615241113322 551299 0
73615242223133 658577 0
73615243123313 598923 0
73615243213313 583583 0
73615243331312 590718 0
73615243332311 583652 0
73615421113322 390891 0
73615423213211 529284 0
73615423333331 466959 0
73624513121132 740233 0
73624513332131 564331 0
73625141112323 389804 0
73625143121213 448548 0
73625143333313 448292 0
73625412222323 332277 0
73642511111111 378294 0
73642511113232 539981 0
73642511113322 553186 0
73642513223222 590071 0
73645121113211 564112 0
73645122222311 399974 0
73645211223113 289375 0
73645211231111 339651 0
73645211321111 285324 0
73645211332112 362383 0
73645213112231 370944 0
73645213333112 472080 0
73651241113322 488041 0
73652413211312 473447 0
73652413331321 499175 0
73654122111122 448824 0
73654122221111 320055 0
73654211111132 476975 0
74123563323221 367694 0
74123652322121 631647 0
74123653132232 792244 0
74123653133132 651997 0
74123653133222 706660 0
74123653133231 600047 0
74125631313311 241718 0
74125632121121 364187 0
74125632122111 308410 0
74125632131111 373659 0
74125632321332 296278 0
74125633121111 444397 0
74125633131233 530013 0
74125633132232 453696 0
74125633133222 354229 0
74125633133312 526693 0
74125633332323 397313 0
74126352333122 498886 0
74132561321231 455872 0
74132562121121 366243 0
74132562122111 325842 0
74132563131221 619836 0
74132563132112 494212 0
74136522322121 581422 0
74152363132232 599050 0
74152363133132 566509 0
74152363133222 639234 0
74152363133231 617441 0
74156322122123 352385 0
74156322122321 335581 0
74156322313223 360498 0
74156323132331 501499 0
74156323133123 447445 0
74163251121122 318151 0
74163252112211 281164 0
74163252131111 434981 0
74163253121111 433350 0
74163253131332 536228 0
74163253133132 425705 0
74163253133213 513243 0
74163253133231 449664 0
74163253332323 310757 0
74165231121212 557022 0
74165231131313 694091 0
74165231212121 687749 0
74165231313131 546588 0
74165232111212 589925 0
74165232121112 446831 0
74165232121211 524984 0
74165233111313 745550 0
74165233131113 676778 0
74165233131311 730184 0
74165233131323 664746 0
74165233132313 699922 0
74165233231313 702061 0
74213652323132 331262 0
74251633111313 533467 0
74256311321222 696689 0
74256313111232 999752 0
74265312333233 332159 0
74312652333332 364335 0
74321563311131 430851 0
74321653233323 373313 0
74325163131323 508663 0
74325612221222 426867 0
74325613121312 652580 0
74325613131212 529279 0
74325613133333 406051 0
74361253112132 605781 0
74361253211231 445389 0
74365211121221 268306 0
74365211213111 280124 0
74365211312111 285517 0
74365211313113 303877 0
74365211333111 300631 0
74365212111311 294004 0
74365212222323 253234 0
74365212333332 291804 0
74365213111211 363916 0
74365213121333 318637 0
74512361322233 407628 0
74512362313223 319998 0
74513263121222 713388 0
74521632222212 495880 0
74521633121213 623507 0
74521633121312 545413 0
74521633133333 626777 0
74521633333313 626941 0
74523611121113 308754 0
74523611131112 370474 0
74523611213111 292240 0
74523611312111 279492 0
74523612111311 341310 0
74523613111211 354807 0
74532163123223 549091 0
74561231111222 299041 0
74561232111113 385225 0
74561232221111 317203 0
74561233111112 435898 0
74561233131233 494762 0
74561233233323 369727 0
74561233311233 366189 0
74561233321133 365690 0
74561233321313 639338 0
74563211232332 408310 0
74653213133222 544451 0
75132463233233 582906 0
75143263231313 577349 0
75146321323331 434883 0
75213642223133 460447 0
75231463211123 720649 0
75234161322233 360473 0
75234162221111 430551 0
75236143213232 465299 0
75241632222323 426428 0
75243162211322 890631 0
75243611113232 389841 0
75243613213232 442916 0
75246131333312 478853 0
75246311111111 729311 0
75246313212311 519357 0
75246313312211 480966 0
75246313332332 450918 0
75261432123233 436287 0
75264132121232 364108 0
75264132223331 368758 0
75264132321212 356369 0
75264133121333 470038 0
75264133331213 406845 0
75264311223122 527280 0
75264313231112 697281 0
75312463333133 511379 0
75314621133221 319494 0
75314621313212 727079 0
75314623113122 407449 0
75316241231231 512299 0
75321461311112 333463 0
75321463132121 380218 0
75346122133133 421066 0
75346211133122 399678 0
75346211211311 426410 0
75346211311211 297278 0
75346212323333 355340 0
75346213112132 437820 0
75346213132121 405365 0
75346213132322 417315 0
75346213332122 462746 0
75412631223332 295703 0
75416323232213 403548 0
75431263133213 542665 0
75462132123212 668099 0
75613243131332 515490 0
75613243133213 502810 0
75634123323122 377390 0
75641323232111 355430 0
75642132213311 297899 0
76123453233323 315471 0
76125343333133 555726 0
76143252131312 482017 0
76143252221222 428218 0
76143253131212 534273 0
76143253331333 554188 0
76143253333313 652284 0
76145231121113 352806 0
76145231122112 551545 0
76145231131112 365887 0
76145231221112 515061 0
76145231311331 251005 0
76145232123332 298360 0
76145232233213 518331 0
76145232331313 395409 0
76145232332213 411117 0
76145233133213 513001 0
76145233232333 338619 0
76154323333112 607408 0
76213543213133 546842 0
76213543311332 521374 0
76215341231231 375498 0
76215433333133 547963 0
76231451123111 311584 0
76245311121131 295173 0
76245311131121 277580 0
76245311213312 393902 0
76245312132131 361770 0
76245313122122 384398 0
76245313123121 345011 0
76253141123132 353330 0
76253141211332 335762 0
76253413322312 535056 0
76254133311323 881888 0
76254313211111 638429 0
76312452212111 718251 0
76312453211111 384072 0
76312453311311 424595 0
76312542321212 285732 0
76312542322121 310631 0
76312543322222 459313 0
76315241112113 381723 0
76315241113112 359673 0
76315241223113 329303 0
76315241322122 308216 0
76315241323313 379200 0
76315241332112 294589 0
76315243211231 404452 0
76315243323323 417046 0
76321452122123 541303 0
76321452122321 534679 0
76321452122333 465695 0
76321452123323 613308 0
76321452212231 693738 0
76321452213122 675780 0
76321453233131 585001 0
76321453311233 929103 0
76321453313312 795190 0
76321453321133 548924 0
76321453323311 682363 0
76321542211112 518861 0
76321543211111 362394 0
76321543311131 431405 0
76324151112233 375005 0
76324151112323 378383 0
76324153323122 324709 0
76325411111213 336870 0
76325411111312 572777 0
76325411112131 312782 0
76325411113121 328902 0
76325411122121 298027 0
76325411331311 329736 0
76325412112121 398547 0
76325412231212 451167 0
76325412333233 298670 0
76325413222223 344819 0
76341251111213 371375 0
76341251111312 421360 0
76341251112131 375851 0
76341251113121 356574 0
76341251221121 308839 0
76341251311313 318316 0
76341252232313 327417 0
76341252323333 281545 0
76341253221212 433823 0
76341253233131 293034 0
76342511111231 323229 0
76342511111321 389121 0
76342511323112 332410 0
76342512232223 325799 0
76342513213112 568113 0
76342513322111 530198 0
76342513323122 463424 0
76342513323212 472532 0
76345122211112 498244 0
76345122211121 452211 0
76345122213311 358069 0
76345122311111 365450 0
76345123211111 360870 0
76345123311113 438383 0
76345123311131 464684 0
76345123312211 378731 0
76351421112323 411674 0
76351421113322 352628 0
76351423321232 404676 0
76354121121212 346544 0
76354121122121 307199 0
76354121311313 315529 0
76354121313131 353424 0
76354122111212 428045 0
76354122112121 367842 0
76354122212222 373287 0
76354123211123 417235 0
76354123211132 419465 0
76354123313333 455162 0
76354212213323 364545 0
76354212312233 405284 0
76354212313322 428763 0
76354212333332 357966 0
76354213222223 367297 0
76354213312223 414087 0
76421351131121 299883 0
76512343213313 844998 0
76512343332311 727463 0
76514321112323 313335 0
76514321232113 321771 0
76521433232333 308847 0
76523413223231 422861 0
76524313331222 570320 0
76541232131213 748163 0
76541232221222 465178 0
76541233121213 576829 0
76541233331333 498862 0
76541233333313 550758 0
76543211111111 631342 0
76543211212112 344716 0
76543211223221 286785 0
76543211332331 340219 0
76543211333333 306981 0
76543212132323 272329 0
76543212222221 413974 0
76543212323213 261601 0
76543213113131 301939 0
