12345672121232 13297 0
12345672123212 12987 0
12345672321212 12640 0
12345673131323 11684 0
12345673132313 12300 0
12345673231313 15169 0
12345761111111 9247 0
12346571111231 12169 0
12346751113133 11727 0
12347561112212 13381 0
12347651111111 32316 0
12347651122112 14760 0
12347651133311 15541 0
12347652111221 15361 0
12347652123233 20623 0
12347652123332 20638 0
12347652223232 7937 0
12347653111133 16052 0
12347653132223 15339 0
12347653132322 15006 0
12347653332323 8686 0
12354671111111 12148 0
12354761112323 26979 0
12354762121112 15065 0
12354762121211 12396 0
12354762311123 11407 0
12354763131131 19197 0
12354763133111 19166 0
12354763211123 9788 0
12356471113133 12339 0
12356741133131 10432 0
12356741313131 12772 0
12356743113131 10277 0
12357461111222 9831 0
12357461113331 10112 0
12357462211112 8744 0
12357641113331 11936 0
12364571112212 12648 0
12364751112212 10796 0
12364751113133 11216 0
12364753311131 8875 0
12365471111111 25608 0
12365471211122 16538 0
12365471313113 14207 0
12365472223232 8767 0
12365472321233 15692 0
12365473232312 14925 0
12365473332323 11276 0
12365741113331 11707 0
12367451123333 12302 0
12367451132222 9986 0
12367451213333 10086 0
12367451312222 10137 0
12367452113333 10932 0
12367453112222 10277 0
12367541112212 10372 0
12367541113331 10379 0
12367541331131 9322 0
12374561121212 14765 0
12374561211212 10567 0
12374562111212 10356 0
12374651111222 12985 0
12375461111222 13396 0
12375641113112 9295 0
12376451111222 11548 0
12376451113133 11265 0
12376451221211 10737 0
12376541112323 24846 0
12376541232233 12109 0
12376541322233 8036 0
12376542121232 12824 0
12376542123212 13075 0
12376543133132 12214 0
12376543133231 12898 0
12456731132321 18485 0
12456731233223 10533 0
12456733223321 12149 0
12463751231231 12079 0
12467351131121 9125 0
12467351231321 8438 0
12473561132123 10857 0
12536741112323 16618 0
12537461332112 14082 0
12543671111111 32408 0
12543671211212 15463 0
12543671331113 16145 0
12543672121121 14862 0
12543672321332 20735 0
12543672322232 8036 0
12543672331232 20720 0
12543673111331 15638 0
12543673221323 15026 0
12543673231223 15356 0
12543673233323 8711 0
12546371221331 12862 0
12563472131213 8859 0
12563473131212 10533 0
12564733323122 11049 0
12567433232333 9457 0
12576343212221 17028 0
12637451132111 16450 0
12637451332112 13382 0
12643571321321 11822 0
12645371131121 9176 0
12673542331133 17071 0
12734561112323 16043 0
12734561322233 15774 0
12734562313223 15989 0
12745631111111 32386 0
12745632111122 16006 0
12745632212213 13492 0
12745632222221 16056 0
12745632232211 14434 0
12745633131131 14976 0
12745633313312 14616 0
12745633313333 13795 0
12745633323311 14900 0
12753462231323 13946 0
12763452322232 12235 0
12765432121313 11575 0
12765432222212 9498 0
12765433121213 12187 0
12765433331333 10816 0
13245671321111 9268 0
13246571111111 10270 0
13246571112233 9881 0
13246571113232 11286 0
13246572321332 12418 0
13246572331232 15090 0
13246573221233 12433 0
13246573321223 12212 0
13246752133211 19762 0
13247563212131 16012 0
13254761322233 11880 0
13254761323322 11544 0
13254762321233 12516 0
13254763323122 10336 0
13257641112233 14945 0
13265741112323 8702 0
13265742131312 15002 0
13267451122211 9460 0
13267451311133 10538 0
13267541111132 14619 0
13267541232212 12172 0
13274651112323 13138 0
13275461112233 16729 0
13275463213211 13155 0
13275641112233 10854 0
13275641112323 8426 0
13275642131333 13343 0
13275643212221 13498 0
13276451113211 14358 0
13276451233133 12863 0
13276541133122 20484 0
13276541213312 19130 0
13276541321123 19566 0
13276541322311 23137 0
13276541323112 13356 0
13276541323322 13086 0
13276542323312 11621 0
13276543323122 11943 0
13462571111111 17137 0
13462572213311 15921 0
13527461211113 8699 0
13542671231231 11608 0
13546271213213 8895 0
13546271231231 11097 0
13546271321321 10691 0
13572641122133 8690 0
13576241312213 14803 0
13576241321321 15312 0
13627451332112 11615 0
13642571221223 10159 0
13642571223221 12645 0
13642573221221 10316 0
13645271221331 11590 0
13647521111111 17490 0
13675241112323 14556 0
13675242331313 15553 0
13725642332132 13613 0
13754262123323 19592 0
13762451321321 12275 0
13764251211311 12088 0
13764252323231 12521 0
13765422121211 19623 0
14263751131121 10437 0
14267351321321 14222 0
14275633323122 11079 0
14325671111111 25724 0
14325672112121 16649 0
14325672231323 15172 0
14325672323222 8883 0
14325673123232 16271 0
14325673232333 11174 0
14325673311131 14325 0
14327652131213 10651 0
14327653121213 8760 0
14352672212111 12624 0
14356721112323 17259 0
14356721322233 16043 0
14367252322232 9898 0
14367523311113 12225 0
14523672121313 12922 0
14523673121312 11380 0
14527631121311 8959 0
14527631131211 11741 0
14527631133311 15186 0
14527631211131 9460 0
14527631311121 9386 0
14527632122213 13950 0
14527632212111 15225 0
14527632333332 18911 0
14527633132322 14101 0
14527633312133 14410 0
14536273311311 12266 0
14537622231323 12077 0
14563272323222 10000 0
14567231312213 16882 0
14567231321123 17563 0
14573261333111 14713 0
14625731111111 13701 0
14625731131121 14792 0
14625731322233 21084 0
14625732112121 13975 0
14625732113321 13756 0
14625732213323 13292 0
14625732233111 14495 0
14625733133111 13173 0
14632571111111 10870 0
14632571321132 23828 0
14652733321331 13050 0
14673251111111 11517 0
14723651111213 11405 0
14723651111312 8785 0
14723651112131 9278 0
14723651113121 10087 0
14723651211212 16834 0
14723652322121 14908 0
14723652331232 16948 0
14723653232222 15167 0
14723653313111 16591 0
14723653321313 13825 0
14725361111111 9384 0
14725361111123 14792 0
14725361322332 20537 0
14725362211121 12000 0
14725363211213 13406 0
14725363213121 14833 0
14725363223213 13451 0
14725363311113 12305 0
14726531223122 13285 0
14726531232122 14221 0
14726531233313 13350 0
14726531333312 13595 0
14726532232313 10905 0
14726533323122 11459 0
14735621221112 12356 0
14735621223113 12199 0
14735621223332 21398 0
14735621233112 12675 0
14735621323112 12307 0
14735621332112 13604 0
14735621333111 12386 0
14735621333222 20316 0
14736251111132 7780 0
14736251112332 10088 0
14736253222223 10763 0
14736521132222 20001 0
14736521133131 12125 0
14736521211212 14863 0
14736521213333 11040 0
14736521221313 13412 0
14736521321231 12690 0
14736521322233 8494 0
14736521332121 18513 0
14736523112222 19811 0
14736523113131 13012 0
14752363222121 18336 0
14752363232222 14623 0
14752363233131 19615 0
14752631111111 9719 0
14752631112311 14645 0
14752631323223 22164 0
14752632332132 11362 0
14752633213223 13284 0
14752633222223 12386 0
14752633223123 11553 0
14752633223231 18912 0
14753261221112 11002 0
14753261323112 11385 0
14753261333111 12985 0
14762351221331 17454 0
14762351321231 11042 0
14762351331221 14097 0
14763251221223 9305 0
14763251222312 11287 0
14763251332331 11331 0
14763251333123 13908 0
14763252322121 8373 0
14763253132232 8862 0
14763253133132 8491 0
14763253133222 8546 0
14763253133231 8460 0
14763253221221 9376 0
14763253222112 11118 0
14763521113211 7975 0
14763521113223 10205 0
14763523222331 12744 0
14765231111213 10785 0
14765231111312 11043 0
14765231112131 8206 0
14765231113121 10431 0
14765231133131 15483 0
14765232211211 16152 0
14765232232322 14797 0
14765232331313 14003 0
14765233113131 15138 0
14765233323332 15107 0
15236471111111 12721 0
15236473231121 9996 0
15243671331221 13265 0
15246371331332 10244 0
15246371332331 10450 0
15246372331331 14645 0
15267431223113 11550 0
15273641112323 19623 0
15324673113311 12318 0
15342671211311 12052 0
15346271321321 12532 0
15367421211113 13595 0
15367421223113 15618 0
15367423211123 14396 0
15426371111111 16767 0
15426371112233 15951 0
15463271313113 12116 0
15624732123212 13679 0
15624732133313 13669 0
15624732333332 12478 0
15627431223113 13181 0
15627431322113 11030 0
15627431332112 11068 0
15634722123332 9237 0
15634722321233 11668 0
15637423211123 11806 0
15642371111111 8233 0
15642372213311 8133 0
15642372231332 11330 0
15642372331322 12643 0
15642373212311 12126 0
15642373221323 12776 0
15642373231223 12102 0
15643271221331 10398 0
15643271331221 10392 0
15643273223111 9420 0
15647233213232 12255 0
15672341113232 11045 0
15672341323112 12642 0
15672342323312 10453 0
15672343213232 16021 0
15672433312133 24115 0
15724362212132 13801 0
15724631111111 14654 0
15724631211311 15745 0
15724631322233 19423 0
15724632123233 12193 0
15724632313223 21348 0
15724632323231 13327 0
15724632323333 14717 0
15724633132322 12826 0
15734622331223 13279 0
15746321111111 11501 0
15746321323211 13922 0
15746322313112 9976 0
15762342122213 15198 0
15763241111111 11336 0
15763242323132 13119 0
16243571132132 8767 0
16243571231231 9716 0
16243571321321 9998 0
16245371231231 13275 0
16254733312223 19120 0
16257431132111 8626 0
16257433223123 13408 0
16273541122133 14212 0
16273541321321 12238 0
16275341312213 8644 0
16275343122221 17949 0
16327453232333 11141 0
16342571331221 12218 0
16345271111111 25705 0
16345271133131 14309 0
16345271222111 16632 0
16345272322232 8866 0
16345272333212 14728 0
16345273122323 14901 0
16345273233323 11295 0
16347252131312 11366 0
16347253121312 12892 0
16357421223113 12336 0
16374521112323 16894 0
16374523211123 16067 0
16423572112121 12355 0
16427531211311 10295 0
16427531231321 7753 0
16427532333233 14814 0
16453271111111 13691 0
16453271211113 14275 0
16453272111131 15502 0
16475233132313 16277 0
16523473332323 11166 0
16523741112212 17192 0
16524731112212 17165 0
16524731112233 10464 0
16524731113133 12030 0
16527341111111 9729 0
16527431123333 11756 0
16527431222132 9621 0
16527431312222 10257 0
16527431333213 9510 0
16527432113333 9410 0
16527432211322 8870 0
16527432231122 8898 0
16527432231332 8785 0
16527432331322 10353 0
16527432333113 13585 0
16527433312133 9328 0
16532471111222 17361 0
16534271111111 10155 0
16534271111132 10211 0
16534273211111 8192 0
16534723211123 8397 0
16537421111222 17755 0
16537421113322 10806 0
16537421113331 12025 0
16537421223113 11341 0
16537421233112 11793 0
16537421332112 13264 0
16542371221331 11571 0
16542371331221 11286 0
16542372112331 10830 0
16543271221223 10153 0
16543271223221 10016 0
16543271331332 10816 0
16543271332331 9959 0
16543272331331 12180 0
16543273221221 9868 0
16543721111111 10515 0
16543721113211 9509 0
16547233332323 10183 0
16547321113331 11830 0
16572431111111 10037 0
16572433213223 12170 0
16573241123123 8871 0
16573241312312 14104 0
16574231113133 12375 0
16723451122133 14960 0
16723451322311 14917 0
16725431121311 11256 0
16725431131211 14343 0
16725431211122 17671 0
16725431211131 8135 0
16725431311121 9004 0
16725432211121 20787 0
16725432232223 16301 0
16725433113311 15378 0
16725433122212 16673 0
16725433333232 15765 0
16735242122213 14105 0
16742352232313 11708 0
16743252323222 10655 0
16745232121313 9564 0
16745232122222 12026 0
16745233121213 10685 0
16745233333313 9704 0
16753241221112 12786 0
17246351111111 15731 0
17265433111313 13662 0
17324561211323 10925 0
17324561232332 9955 0
17326452212111 17481 0
17356241212313 18520 0
17356242211331 11972 0
17362451211311 10278 0
17362451231321 8310 0
17362452213311 10335 0
17364251231231 12390 0
17423653213232 11236 0
17425631122112 11845 0
17425631223113 13647 0
17425631313113 12591 0
17425631322113 12261 0
17425631322332 20606 0
17425631323112 12103 0
17425631323223 21140 0
17425631332112 12175 0
17426531112233 9396 0
17426531121212 11296 0
17426531132312 13859 0
17426531213123 13764 0
17426531223221 12031 0
17426531232233 10256 0
17426531313131 12158 0
17426531331332 15411 0
17426532121211 12896 0
17426532331331 12290 0
17435622211133 7489 0
17435623211123 6573 0
17436521323232 12211 0
17452363213232 11080 0
17452363322132 8685 0
17452633213232 12477 0
17453262211133 13775 0
17462352213311 10780 0
17463251122112 11067 0
17463251221331 13988 0
17463251313113 13232 0
17463251321231 11456 0
17463251323112 10547 0
17463251331221 17146 0
17526431131121 10466 0
17526431231321 7424 0
17526432123233 11202 0
17543261111111 16640 0
17543261132111 13478 0
17642531111111 16270 0
17642531112233 16757 0
17642533312211 21116 0
17643251122112 11347 0
21345671111111 9277 0
21345762223322 13461 0
21345762312323 8547 0
21345762313223 10835 0
21345763332233 13482 0
21346752313322 8673 0
21347562312323 19749 0
21354671122112 12916 0
21354671131313 12193 0
21354671221112 11993 0
21354672311123 12011 0
21354672311132 8148 0
21354672313211 10673 0
21354673131113 12873 0
21354761112233 19252 0
21354761112311 13258 0
21354761113211 13202 0
21354761113322 20603 0
21354761122211 11731 0
21354761133311 11913 0
21354762213311 19544 0
21354763312211 23120 0
21357462311111 14333 0
21357463213331 12219 0
21357642221132 17193 0
21364752311111 14921 0
21364753212212 15287 0
21365742221312 15456 0
21365742312323 14674 0
21367451311331 14006 0
21367452112112 8773 0
21374653333121 17008 0
21375462312233 8621 0
21375463333211 14327 0
21376541111123 10945 0
21376541112311 12542 0
21376541122211 10434 0
21376541131133 15917 0
21457631321123 10423 0
21473563331312 19172 0
21536742222131 15429 0
21654372231323 16039 0
21654372233321 11064 0
21654373332122 10342 0
21654373332221 12661 0
21734652123131 15698 0
23147562123131 10818 0
23147651112323 10260 0
23147652312323 10133 0
23156471222132 11430 0
23156471333132 13772 0
23156473323332 13698 0
23157461231333 18320 0
23157462131123 16304 0
23164573213133 12934 0
23164752131312 16414 0
23164753333313 17032 0
23165471111111 14812 0
23165471311133 13055 0
23165471312132 14518 0
23165472111122 13851 0
23165472111332 13779 0
23165472132332 13174 0
23165472311111 13581 0
23165473233221 20969 0
23165741112323 8863 0
23165741231312 15479 0
23165742123131 7882 0
23165742131321 13390 0
23165742131333 13680 0
23165742312323 9307 0
23165743331312 15764 0
23167541233322 14255 0
23167542131222 12552 0
23174652123131 9421 0
23175463211222 12986 0
23176452132221 16917 0
23176453332233 16218 0
23416752121211 14428 0
23417563232123 8872 0
23456173212332 11559 0
23456173233122 9254 0
23456713212332 12594 0
23475162121112 13575 0
23517462131333 15362 0
23576412233321 15547 0
23576412312323 15954 0
23657142121112 17575 0
23671452122333 26660 0
23674153232321 11222 0
23751461132123 10397 0
23751463112321 10479 0
23756143222331 12409 0
23756411222312 10429 0
23756413222112 11648 0
23756413223312 14596 0
23756413322312 10885 0
24153672321233 12138 0
24157361313212 11961 0
24157362323111 10254 0
24167353132232 23021 0
24173652323231 8341 0
24315673311311 11680 0
24315761122322 14089 0
24315762213323 8820 0
24351671212211 10276 0
24351673111133 9447 0
24351673311311 10280 0
24351761111123 14591 0
24351761212232 12290 0
24367511323112 13230 0
24367513111121 11314 0
24376512222122 15184 0
24516732233111 13506 0
24531673123121 11450 0
24536713231232 12976 0
24537613231322 11570 0
24561372111131 11407 0
24563711121212 18095 0
24563712121232 12880 0
24563713121222 12312 0
24571362221213 14929 0
24571631121212 14541 0
24615371112332 15584 0
24615372213311 14656 0
24615731122313 15887 0
24615731132333 15462 0
24615732111323 13805 0
24615732213311 9276 0
24615732233321 8987 0
24615733113323 13373 0
24615733311122 7523 0
24617532233321 23016 0
24637512311132 10069 0
24651731113223 12672 0
24651731333333 14166 0
24715363311332 12446 0
24715631111111 14739 0
24715631122121 12386 0
24715631122133 13745 0
24715632313223 20683 0
24715633112111 10204 0
24715633131131 11516 0
24716532323231 14176 0
24731561111111 11227 0
24731562311231 23550 0
24736512222332 16196 0
24751362221231 18008 0
24751362321113 16454 0
24761531221223 19195 0
24763151111111 10922 0
24765313222112 18686 0
25134672233321 16850 0
25134672312323 21211 0
25134672313211 16368 0
25137461111111 15928 0
25137461211323 10354 0
25163741112323 22897 0
25314673111313 10411 0
25314673111331 12739 0
25314673131311 10259 0
25341673113311 11914 0
25341762313223 14925 0
25364172311231 18197 0
25364173223231 10962 0
25367411211122 12903 0
25413672323111 10413 0
25413763121222 19208 0
25436711311313 11648 0
25436712123122 13663 0
25436712123332 11339 0
25436712132122 14144 0
25436712323231 15907 0
25436713232321 9404 0
25436713332122 12740 0
25463713212332 12755 0
25471362323132 8490 0
25471631312213 18548 0
25631741212121 17551 0
25634713321232 12528 0
25641371213132 17175 0
25714632123131 8390 0
25714632223331 11827 0
25714632313211 8720 0
25714633121333 14285 0
25716431212223 17019 0
25716433223213 19058 0
25731642232211 30094 0
25734162221111 16973 0
25734613113323 16517 0
25736141111123 7756 0
25736141233232 11618 0
25736411133113 13441 0
25736411231321 12065 0
25736411321312 13406 0
25736411331113 14624 0
25736413123112 18361 0
25741361232113 9951 0
25741632222323 15880 0
25741632312323 10862 0
25743611233232 11781 0
25763142223133 10239 0
25763411332322 13633 0
26135742132221 12985 0
26135742213323 9036 0
26135742332312 13794 0
26153471122121 10950 0
26153473131131 13071 0
26153473132121 11121 0
26154372332213 24133 0
26175432331133 15395 0
26317451212211 17310 0
26345711223113 11327 0
26371453112111 9847 0
26415731322323 15294 0
26415732121223 13905 0
26415732233321 14616 0
26435712222122 12685 0
26435712233321 9157 0
26435712311132 8400 0
26435712322322 13635 0
26435713311122 8764 0
26435713333133 13382 0
26437512122312 14179 0
26453172211133 12814 0
26453711333333 13196 0
26513471122121 11634 0
26517343333313 26545 0
26534713333313 13383 0
26543171111111 16548 0
26543171123111 13264 0
26547313131323 22141 0
26573413331312 17848 0
26714531212133 17063 0
26714532121133 17122 0
26715433231322 11910 0
26741351232113 14469 0
26743512121232 17691 0
27134561131133 14007 0
27154632311132 15839 0
27314652313211 16597 0
27365412321212 14227 0
27415363131113 13832 0
27415632323231 14903 0
27415633321322 12376 0
27416532133232 10339 0
27416533321232 11664 0
27435612122222 13332 0
27453161123111 13873 0
27453161132111 13860 0
27456133132223 11405 0
27516341111111 11103 0
27534161111111 8014 0
27534161111123 8303 0
27534162311111 13362 0
27534612311132 9527 0
27536412332312 15918 0
27543611111123 12678 0
27543611111132 13014 0
27546312231122 27172 0
27613543333133 17456 0
27614353311332 15410 0
27615431312333 14198 0
27615432113321 9012 0
27615433313213 16354 0
27634511131133 11518 0
27634512233321 7659 0
27643513311233 30077 0
31246753312211 8064 0
31247651113232 7815 0
31247651323232 10628 0
31256471231222 13901 0
31257462222221 16043 0
31257462312311 13334 0
31257643311122 10839 0
31264572122213 18218 0
31264573132313 14715 0
31264573222223 11294 0
31264752132122 19254 0
31264752313121 15945 0
31265471111111 14891 0
31265471122112 12101 0
31265471122133 14852 0
31265471312213 13431 0
31265471313113 12403 0
31265471321111 9412 0
31265472233321 20633 0
31265472312233 13555 0
31265741233331 12541 0
31267542222233 18034 0
31267542313133 16484 0
31275461112233 9340 0
31275461322233 8741 0
31275462133211 16099 0
31275462223211 12852 0
31275462311213 12947 0
31275462312212 12890 0
31275463311122 8383 0
31276452133322 14652 0
31276452313313 14402 0
31452671323211 12448 0
31452671332232 11285 0
31452672322331 10043 0
31456722111221 10736 0
31462751111111 16459 0
31462751113322 15889 0
31475261322233 14541 0
31475262331313 13209 0
31475262333221 18314 0
31524673332122 11807 0
31527643332122 14493 0
31564272212111 17476 0
31564272213311 11055 0
31564273113311 14114 0
31572461122133 11672 0
31624751112233 15661 0
31624753312211 16073 0
31627452221333 17964 0
31654272313322 15085 0
31754621331122 10280 0
31765242322121 18710 0
32145671111111 32272 0
32145671123333 14641 0
32145671132222 13509 0
32145671221112 15892 0
32145671333333 13821 0
32145672113333 14920 0
32145672212222 16146 0
32145673112222 14458 0
32145673311113 14857 0
32146751232323 12425 0
32146752232223 10301 0
32147562313223 11728 0
32147562333233 12534 0
32147651123333 8655 0
32147651132222 9010 0
32147651213333 8570 0
32147651312222 9185 0
32147652113333 9593 0
32147652231332 8829 0
32147652233213 9574 0
32147652331322 11521 0
32147652332213 14073 0
32147653112222 8803 0
32156471111111 15774 0
32156471113211 14532 0
32156471232332 21374 0
32156472312332 13207 0
32156472332132 14743 0
32156472332321 19295 0
32156472333332 12074 0
32156473223123 12855 0
32156741112323 26806 0
32156742311123 11919 0
32156742313223 8280 0
32156742333131 14387 0
32157641232323 10748 0
32157642231323 15762 0
32164571111111 14744 0
32164571111231 9744 0
32164571232323 13164 0
32164572232223 11573 0
32164572232313 12481 0
32164572233321 22257 0
32164572312323 18933 0
32164573323212 11384 0
32165741111111 10233 0
32165741111132 14624 0
32165741233223 20704 0
32165742211112 12265 0
32165742331112 13769 0
32165743311131 11396 0
32167451111111 25588 0
32167451213333 13961 0
32167451222222 15414 0
32167451312222 13876 0
32167451333111 15078 0
32167452211121 16166 0
32167453222313 15937 0
32167453313333 14057 0
32167453321232 16748 0
32174561112323 24784 0
32174561232113 9648 0
32174561232233 12097 0
32174562231212 12964 0
32174652312332 11697 0
32174652332132 13691 0
32175461111111 13876 0
32175461113112 9193 0
32175461221112 12358 0
32175461333111 10904 0
32175462233111 13613 0
32175462312323 25151 0
32416753121222 14268 0
32417562113321 15191 0
32417652132131 12717 0
32417653132121 12740 0
32451762331121 9730 0
32456173212332 13300 0
32456711233133 16046 0
32465172112121 12082 0
32465172132131 12454 0
32465172133121 12320 0
32465172332321 21279 0
32465173123121 12486 0
32465173132121 12761 0
32465173133111 13483 0
32465173233221 20203 0
32475161232323 14101 0
32475163331222 13784 0
32476513232231 22794 0
32517463131311 13520 0
32546713323212 11144 0
32547611121113 10041 0
32547611131112 9745 0
32547611213111 9119 0
32547611312111 9259 0
32547612111311 9701 0
32547613111211 9914 0
32561471113133 14935 0
32561471121311 8664 0
32561471122211 16718 0
32561471131211 11285 0
32561471211131 9970 0
32561471311121 9159 0
32561472133313 13920 0
32561472213122 15005 0
32561473222223 15189 0
32561473323212 16967 0
32567412122222 9801 0
32567412131312 9764 0
32567412222212 9077 0
32567413131212 10820 0
32567413133333 9276 0
32576142313223 15585 0
32615473332122 11448 0
32647152133121 12998 0
32647153132121 12792 0
32647512333233 11687 0
32657143121213 29975 0
32657412111212 17664 0
32671453123313 22043 0
32674152113333 27149 0
32714652332132 11129 0
32716452123212 13681 0
32741651121311 9682 0
32741651131211 9885 0
32741651211131 9237 0
32741651311121 9096 0
32741652111113 9859 0
32741653111112 10162 0
32745611223332 14984 0
32745612313322 15266 0
32745612322331 15420 0
32751643321232 11800 0
32754163211123 15836 0
32756141233121 16618 0
32761452121313 8303 0
32761452122222 11116 0
32761452222212 8599 0
32761453121312 8976 0
32761453133333 11209 0
32765411112221 16001 0
32765411121113 11071 0
32765411131112 8538 0
32765411133113 15293 0
32765411331113 15009 0
32765412221312 13332 0
32765412323222 9983 0
32765413122212 13719 0
32765413223312 13985 0
32765413231223 14282 0
32765413322312 14752 0
34125672131213 10704 0
34125672131312 9447 0
34125672221222 12050 0
34125673133333 9796 0
34127651121113 10107 0
34127651131112 9013 0
34127651213111 11521 0
34127651312111 9180 0
34127652111311 11191 0
34127653111211 10026 0
34162752132212 15915 0
34165271112212 15841 0
34165271121311 10924 0
34165271131211 10664 0
34165271211131 10315 0
34165271311121 8087 0
34165271311133 15017 0
34165272323333 15133 0
34165273133312 13889 0
34165273222322 17398 0
34165273311131 15364 0
34167252213323 14995 0
34172562132332 17389 0
34172562313331 19176 0
34175263321232 12487 0
34216572213122 19613 0
34261572132131 10887 0
34261572133121 11398 0
34261573123121 12877 0
34265712212132 14673 0
34275161312213 10380 0
34275162112322 16147 0
34275162213221 14449 0
34516271111111 11970 0
34516272312332 12619 0
34516722313223 7739 0
34517622231323 17514 0
34521672223232 10749 0
34526713232312 8629 0
34527612211322 9679 0
34527612231122 10776 0
34527612231332 10754 0
34527612331322 11596 0
34527613312133 10368 0
34561272122123 11004 0
34561272122321 11173 0
34561272212213 9398 0
34561272213122 10234 0
34561272232211 9324 0
34561273221233 8259 0
34561273233131 13789 0
34561273311233 8608 0
34561273313321 11354 0
34561273321133 8796 0
34561273321223 9445 0
34561721111111 11231 0
34562171321111 9967 0
34562171321231 7798 0
34562172232313 10858 0
34567212223232 8991 0
34617252111212 17995 0
34617252123212 12920 0
34617252132212 12258 0
34617522221333 12659 0
34621572132131 12884 0
34625172111212 14206 0
34627512232313 13609 0
34651271123111 11223 0
34651272332132 13217 0
34675212222122 18591 0
34715262221123 14656 0
34716522223211 15449 0
34721652121313 9884 0
34721652131213 10944 0
34721652221222 9059 0
34721652222212 9706 0
34721653333313 9177 0
34725611212211 17104 0
34725612111113 8446 0
34725612121322 13313 0
34725612231212 13697 0
34725612231332 14866 0
34725612322232 9961 0
34725612331322 14104 0
34725613111112 10979 0
34725613111133 14910 0
34725613132223 14185 0
34725613311113 15192 0
34761252323222 8897 0
35126741232212 16948 0
35126742231233 17004 0
35127462331331 19317 0
35162472122231 13376 0
35162472123233 11343 0
35162473122221 14098 0
35162473323131 13691 0
35162473332122 11004 0
35162473332131 13236 0
35162742213323 14060 0
35167242132212 19080 0
35172461232323 20833 0
35174262213131 24210 0
35174262231113 20977 0
35246171111111 15932 0
35246171113322 15872 0
35246172213311 15644 0
35267141223233 11462 0
35267141321132 18286 0
35271461322233 20547 0
35416721113112 10326 0
35416723232213 9987 0
35417622223133 11499 0
35426712131132 12794 0
35426712311312 13780 0
35426713111313 12098 0
35426713131113 11862 0
35426713312211 10081 0
35461271111231 10092 0
35461271321231 7996 0
35461272222323 12758 0
35462171131313 11823 0
35462171212121 11356 0
35462171221223 12894 0
35462171332331 14747 0
35462172213311 8512 0
35462172223331 12786 0
35462172312131 13443 0
35462173123211 18536 0
35462173131311 12002 0
35462173221221 12009 0
35462712322322 15552 0
35472163222313 10416 0
35472163231322 16546 0
35476122221111 11536 0
35614722321233 12708 0
35617423131332 13096 0
35624712121232 14715 0
35624712321212 11004 0
35624712321332 11776 0
35624712331232 10546 0
35714623111322 16165 0
35721642221213 17573 0
35762142222113 16077 0
36125471111333 15045 0
36125471212112 20874 0
36125471213111 9103 0
36125471222111 17763 0
36125471312111 8229 0
36125472111311 11353 0
36125472121223 16557 0
36125473111211 14430 0
36125473232222 16401 0
36125473323233 16703 0
36125743222331 11793 0
36127451333222 14605 0
36145272122222 9377 0
36145272131213 12276 0
36145272131312 11672 0
36145273333313 10908 0
36147251121311 9241 0
36147251131211 8821 0
36147251211131 9080 0
36147251311121 9052 0
36147252111113 8964 0
36147253111112 11981 0
36152741231312 17116 0
36152742131321 19076 0
36172452133133 18336 0
36217452131333 18889 0
36217541223311 10444 0
36217543213112 9918 0
36241573212332 14043 0
36241753212311 8448 0
36415272123212 19647 0
36417522123311 18143 0
36514272212111 12159 0
36521472113321 15347 0
36521472331121 15271 0
36527411131133 15720 0
36527412111113 11198 0
36527412131222 13586 0
36527412211322 14203 0
36527412221312 16945 0
36527412231122 16159 0
36527412322232 8393 0
36527413111112 14156 0
36527413311311 17300 0
36541272323222 12324 0
36542712121322 13564 0
36547212121313 8996 0
36547212122222 8699 0
36547212131312 8402 0
36547212221222 11213 0
36547213331333 11095 0
36712542121112 10526 0
36712542121121 14692 0
36712542121211 11744 0
36712542122111 10981 0
36714252232223 8750 0
36714521232113 10201 0
36714522121322 12703 0
36714522122213 13691 0
36714523132223 19661 0
36714523132322 19748 0
36721451131331 17009 0
36721452121322 16921 0
36721452122123 16135 0
36721452122213 13567 0
36721452122321 14184 0
36721452131111 14268 0
36721452223232 8296 0
36721453113113 16010 0
36721453121111 11319 0
36725411121212 11450 0
36725411131313 11741 0
36725411212121 12666 0
36725411313131 12225 0
36725412111212 11720 0
36725412121112 12504 0
36725412121211 12399 0
36725412121232 11996 0
36725412123212 12038 0
36725412321212 13122 0
36725413111313 12323 0
36725413131113 15210 0
36725413131311 13978 0
36741252122123 10758 0
36741252122321 9664 0
36741252122333 11574 0
36741252123323 10740 0
36741253233131 10346 0
36745211211221 15803 0
36745212121223 13605 0
36745212122312 13216 0
36745212122333 14082 0
36745212123323 14846 0
36745212131111 11096 0
36745212223232 9864 0
36745213121111 8563 0
36745213131131 15305 0
36745213133111 15026 0
36745213232213 14301 0
36751243222322 13514 0
36752142122132 13435 0
36752142123221 18380 0
36752143132232 14510 0
36752143133222 13327 0
36752143211132 12153 0
36754123232222 10450 0
37246511112233 15862 0
37256142321233 17074 0
37415622333221 12627 0
37426513132313 10465 0
37452162323312 11565 0
37516422333311 14602 0
37561241311112 10812 0
37612453122233 14364 0
37612542221111 12504 0
37614252221123 12878 0
37614521111111 16025 0
37614521323232 9522 0
37614522111221 11460 0
37614522113321 13641 0
37614522313322 14261 0
37614522323312 12720 0
37614523232213 11774 0
37615421113322 9131 0
37615422211133 6999 0
37615422223133 7394 0
37615422313121 12799 0
37615422313331 13609 0
37615423121132 13497 0
37624152311213 15816 0
37624511232233 12179 0
37624512121322 18262 0
37624512231212 13311 0
37624513131323 13421 0
37624513231313 14604 0
37641252222323 11550 0
37642152213311 9514 0
37642513122221 16634 0
37645122312221 15431 0
37651242211133 11923 0
37651422312311 14299 0
37652141113232 7780 0
37652143231322 11627 0
37654212311222 16170 0
41236753232321 9083 0
41237561313131 17307 0
41263751312222 19656 0
41325671212211 13370 0
41325762313223 16709 0
41325763131233 13056 0
41352671212112 14740 0
41352671212121 10547 0
41352671222111 10338 0
41357622313112 15756 0
41367253111133 14822 0
41532672313211 15829 0
41532761233133 17817 0
41563273113311 14098 0
41576322212222 13703 0
41625372313211 8528 0
41625373121213 13113 0
41625731222231 13110 0
41635721212121 12145 0
41657321222312 19288 0
41673252212222 14915 0
41673521111111 8598 0
41723562313211 20449 0
41725361232113 8511 0
41725361321213 12873 0
41725362221213 12850 0
41725362313211 8646 0
41725362313223 9325 0
41725363121222 16000 0
41725363121231 12833 0
41725631111111 9168 0
41725631211122 12267 0
41725632322331 25130 0
41725633111133 10803 0
41725633121123 13593 0
41725633211111 13782 0
41726352313322 11651 0
41726532312233 20741 0
41735261323313 13562 0
41735262312233 10360 0
41735263123223 13359 0
41735621233232 13905 0
41735622313322 14006 0
41736521233232 16447 0
41736522332231 10535 0
41752631222123 13087 0
41752632311123 12082 0
41752632312323 9766 0
41752632313211 10484 0
41756231321213 17371 0
41756233121231 19290 0
41762532221333 20882 0
41762533123331 24109 0
41765231233232 12386 0
41765322221312 13324 0
41765322313211 14446 0
41765323122212 18289 0
42136752131312 31314 0
42137561123333 26575 0
42137653122131 12755 0
42137653132121 12568 0
42157633231322 12258 0
42163751121212 19528 0
42165373223123 10957 0
42167532131333 23424 0
42315673112111 9151 0
42351671212211 13357 0
42351763231133 15993 0
42367153111121 16539 0
42367153211123 13596 0
42516372233111 13238 0
42561733323122 19061 0
42573612323231 7912 0
42573613322231 10721 0
42613572313211 14827 0
42615371313332 13446 0
42615372213311 8529 0
42615372221213 13384 0
42615372313211 10740 0
42651372213311 19724 0
42651733311122 13536 0
42673512232133 13593 0
42751632321233 12649 0
42751632323231 11843 0
43126572133313 19209 0
43167251232212 16080 0
43176252123131 16755 0
43176252311132 16651 0
43216573132121 11645 0
43216573132223 10220 0
43216573212311 11969 0
43216573212332 12610 0
43512671313332 19863 0
43527612312323 8476 0
43561271111111 10319 0
43571262122222 19534 0
43572161111111 8962 0
43572612312323 8091 0
43576211123222 19277 0
43576212112232 16048 0
43615271333312 12975 0
43615272113321 8802 0
43617521223221 19332 0
43621752213323 15261 0
43651722323132 8990 0
43675122222122 13394 0
43675211221331 12560 0
43721653231313 13502 0
43751623123313 15302 0
43765212222122 14562 0
45167323322231 15901 0
45176231131313 14432 0
45176231133113 15667 0
45176231331113 14916 0
45176233131113 14490 0
45176321131133 16112 0
45213672221123 15895 0
45273162222122 17188 0
45276131131133 19034 0
45312671222312 14975 0
45312672223331 11380 0
45312672233321 9904 0
45312672313211 8554 0
45312673132313 12059 0
45312673222112 12301 0
45312673231313 12007 0
45312761113211 11656 0
45312761133311 10318 0
45312762221111 12625 0
45312762311111 11991 0
45321671212211 9813 0
45321671221121 8648 0
45321673113311 10088 0
45327612222323 14070 0
45362712122222 19491 0
45367122223133 11762 0
45367211111132 11284 0
45367211211122 10984 0
45367213111133 12971 0
45376121131133 11059 0
45376121331311 8582 0
45376211333123 14731 0
45376213131323 12313 0
45376213333322 18319 0
45612371133221 20581 0
45612372331121 19225 0
45612373112231 19447 0
45612373132121 13178 0
45612373132223 11822 0
45612373322111 23021 0
45612373332122 11715 0
45612373332221 13380 0
45613271331221 12271 0
45613272233111 14498 0
45621373123331 12124 0
45621373211111 14305 0
45621732212123 16282 0
45621732233333 18295 0
45623712332123 10319 0
45623713322321 11728 0
45637123132121 13987 0
45637123332122 13841 0
45671231132231 22770 0
45671233112132 21918 0
45673212212132 16362 0
45673213211222 17915 0
45713623223132 10644 0
45721363321313 13237 0
45721363322231 16164 0
45732612233321 15738 0
45736121122211 11682 0
46123571111111 8729 0
46123573232123 13421 0
46125731333123 23097 0
46127351131313 13146 0
46127352131333 12000 0
46127353131323 12853 0
46135272133313 13555 0
46153273131131 11562 0
46157233333232 11235 0
46157321331233 13275 0
46215372121223 13176 0
46215372313211 16611 0
46257132211133 10754 0
46257313312211 20567 0
46273512122312 13360 0
46273513221212 16142 0
46275311123222 16119 0
46275312112232 12972 0
46275312132212 12774 0
46275312232133 8036 0
46275312313211 9222 0
46275313121222 12731 0
46275313312211 8760 0
46321752111131 8823 0
46352171211233 10035 0
46352172113231 11685 0
46372511221331 13920 0
46375211211332 20654 0
46375212113111 14917 0
46375212132131 12416 0
46375212132221 13316 0
46375212332222 13575 0
46375213112111 9293 0
46375213123121 12119 0
46375213333121 14736 0
46512371331221 12959 0
46512372113321 14240 0
46513272332111 10557 0
46513273113221 9481 0
46523711331332 18985 0
46527133111121 9203 0
46572311223122 13787 0
46572312132122 18181 0
46721533123313 19226 0
47123562232133 13520 0
47123651233232 12163 0
47126351233232 12963 0
47126532133133 24462 0
47132562311111 7619 0
47132563222331 12284 0
47132652233321 8156 0
47135622132332 13398 0
47136252133112 16795 0
47152361233232 18914 0
47152631322131 15452 0
47156231332313 15144 0
47156233211132 11686 0
47156233223312 12378 0
47156233233113 14197 0
47156233322312 12386 0
47156321111111 11788 0
47156321133311 10997 0
47156322132311 13611 0
47156322313232 15008 0
47156322332132 12509 0
47156322332312 13837 0
47156323223123 12150 0
47162351322122 16049 0
47163522131222 13203 0
47165321232113 7020 0
47165321322131 20790 0
47165322132212 16102 0
47165322133112 12645 0
47165322232133 7673 0
47165322313211 10653 0
47216352131333 17720 0
47251363131113 17279 0
47251632131312 26478 0
47256133212311 7522 0
47256133321232 12192 0
47265312122222 18469 0
47265312131312 13973 0
47265312313211 10262 0
47321651311133 13988 0
47352612123131 15967 0
47352612311132 15743 0
47352612313211 16032 0
47512632312323 16731 0
47621532232331 10792 0
47621533231121 10327 0
47632152233321 8429 0
47632153212311 13475 0
47632153232321 8131 0
47632513212332 17091 0
47652132231323 14130 0
47653213211231 11467 0
47653213232111 17981 0
51264731113322 16734 0
51264732213311 16630 0
51267342312233 14816 0
51324671211122 10855 0
51324672212111 11457 0
51324673113311 11163 0
51324761111123 14335 0
51324763113332 12981 0
51342672212111 12962 0
51342763312223 13256 0
51367241211113 11500 0
51423671221331 11932 0
51426731111111 16519 0
51426733312211 16222 0
51472361131313 13791 0
51472633331312 15432 0
51623471321111 9823 0
51623743313321 26641 0
51624731312123 16826 0
51624733323113 16338 0
51632741323232 11208 0
51642371122313 16911 0
51642731113322 9406 0
51647231113232 8457 0
51723643131311 22157 0
51724362122222 19026 0
51724363121213 15532 0
51726433123313 18245 0
51732643121213 27057 0
51742632323231 11816 0
51742632323333 13669 0
52134761232113 16824 0
52147631121311 10183 0
52147631131211 10238 0
52147631211131 10080 0
52147631311121 9415 0
52147632111113 8882 0
52147633111112 9160 0
52163471112122 15666 0
52163471213111 9483 0
52163471312111 9559 0
52163471333123 14293 0
52163472111311 9056 0
52163472131222 13964 0
52163473111211 11830 0
52163473111331 15283 0
52163473221323 14195 0
52163473323332 18934 0
52167342121232 14565 0
52167432121313 8315 0
52167432122222 11200 0
52167432131213 9487 0
52167433133333 9077 0
52167433331333 8993 0
52174633223123 11187 0
52314673311311 11703 0
52314761322122 19892 0
52341671111111 32430 0
52341671122211 15479 0
52341671311313 15657 0
52341672211112 14878 0
52341672232313 14912 0
52341672323222 8053 0
52341672323312 20757 0
52341673133111 16174 0
52341673232213 15240 0
52341673232333 8594 0
52341673323212 20742 0
52361472121313 11267 0
52361472131312 12802 0
52367142211121 11466 0
52367412322232 10769 0
52374161112323 15845 0
52376413222223 11826 0
52463173212332 11952 0
52463713212332 17536 0
52471631223113 12415 0
52471631323112 12359 0
52614372313211 8570 0
52641733212311 10248 0
52641733232321 10164 0
52673413232123 14370 0
52713461232323 8357 0
52714361232113 7965 0
52714633213223 12542 0
52714633223123 10202 0
52731641233112 12779 0
52731641323112 12905 0
52736141322233 9420 0
52741362313211 10741 0
52741362313223 7935 0
52741632122333 11638 0
52741632123323 8948 0
52741632212213 9061 0
52741632212231 8229 0
52741632232211 9496 0
52741633221233 13981 0
52741633313312 9967 0
52741633313321 8697 0
52741633321223 9480 0
52741633323311 8402 0
52743611111213 9787 0
52743611111312 9580 0
52743611112131 9007 0
52743611113121 9140 0
52743612131111 10143 0
52743613121111 9839 0
52761431111213 8719 0
52761431111312 9144 0
52761431112131 8953 0
52761431113121 8983 0
52761432131111 11958 0
52761433121111 8952 0
52763143222331 11458 0
52763411222312 9568 0
52763411333123 10249 0
52763413222112 10667 0
52763413223312 11477 0
52763413322312 10636 0
53126471231231 12127 0
53126471231321 10559 0
53126471321321 17268 0
53146272123233 11063 0
53147262123131 19081 0
53162743312223 13530 0
53274163211222 17836 0
53421671321111 10609 0
53421671321231 9608 0
53426171112233 8279 0
53462711113322 7751 0
53467211321111 11332 0
53476121323112 16076 0
53476121323322 14548 0
53614721212121 14406 0
53621471331221 17285 0
53642171111111 16496 0
53672142221213 15310 0
53714622233111 14169 0
53721463223312 19005 0
53724612121112 13662 0
53726143333121 15130 0
53741621323112 12624 0
53741621332112 12722 0
53742612323333 11027 0
53761242121211 13392 0
53761242221213 11789 0
53761242321212 12091 0
53762143222331 13006 0
53762413322123 8728 0
54123673233323 10061 0
54126371331221 12475 0
54127632131213 10594 0
54127632222212 10471 0
54127633131212 9209 0
54127633133333 9540 0
54127633333313 12667 0
54163271133221 15031 0
54163272233111 14773 0
54167231121113 10832 0
54167231131112 11211 0
54167231221211 17161 0
54167231333213 15302 0
54167232112112 15230 0
54167232133313 16201 0
54167232333113 15348 0
54167233232333 8119 0
54167233331213 13606 0
54172633132313 18325 0
54217362233213 19635 0
54217632132212 19435 0
54231671123111 16658 0
54231673123121 13579 0
54261373123121 14807 0
54261732231233 16063 0
54276132233312 14030 0
54312671131331 8779 0
54312672212111 10782 0
54312673311311 11190 0
54317261113112 10413 0
54317621111222 12063 0
54321672212213 9972 0
54321672212231 10118 0
54321672232211 10253 0
54321673313312 12275 0
54321673313321 10057 0
54321673323311 10915 0
54321761211221 9367 0
54321763113113 10434 0
54326171111231 10252 0
54326171112233 8291 0
54326171321231 10308 0
54326711112212 12257 0
54327612223232 12347 0
54361272223232 10019 0
54362171113133 12363 0
54362711111231 12064 0
54362711323112 12632 0
54367121112212 17046 0
54367121113211 11354 0
54367121113331 13896 0
54367122211121 11051 0
54367122311111 10446 0
54367123311113 13210 0
54367211132222 9279 0
54367211213333 11242 0
54367211222132 8890 0
54367211333213 9552 0
54367212211322 11267 0
54367212231122 11098 0
54367212233213 9073 0
54367212332213 8425 0
54367212333113 8206 0
54367213112222 9203 0
54367213312133 13886 0
54371261113331 14195 0
54371621113112 9099 0
54371621113322 8421 0
54376121322233 10757 0
54376211111132 10941 0
54376211111222 17361 0
54376211113133 14000 0
54612371112311 14898 0
54612372222131 15197 0
54612732112223 14116 0
54612733322213 16901 0
54621371133311 14131 0
54621372211121 8893 0
54637211132111 10905 0
54671232221213 22926 0
54712361323313 16061 0
54712362223322 19159 0
54716232222113 16032 0
54716321112323 16581 0
54716322313223 16006 0
54721631111111 25709 0
54721631122121 16285 0
54721631311133 15197 0
54721632133232 16491 0
54721632212222 15390 0
54721632212231 13852 0
54721633231322 17101 0
54721633313321 13936 0
54721633333331 13957 0
54723612131312 8882 0
54723612221222 8720 0
54723612222212 11235 0
54723613121312 8416 0
54723613333313 11187 0
54761233322321 15501 0
54763212322232 9011 0
56123471222312 8439 0
56123471223221 10281 0
56123471331332 9439 0
56123471333123 8563 0
56123472322121 9723 0
56123472331331 11776 0
56123473133132 13674 0
56123473133231 9599 0
56123473222112 10024 0
56123473223312 8112 0
56123473322312 8772 0
56124371111231 10131 0
56124371232323 12186 0
56127433332323 8676 0
56132472333332 11220 0
56132473211111 7517 0
56132473213211 10569 0
56143273332323 9341 0
56147231222132 14955 0
56147231333213 10381 0
56147232233213 9731 0
56147232332213 9755 0
56147232333113 11098 0
56147322333233 10270 0
56173421113112 11647 0
56174232323333 9934 0
56174321232113 7866 0
56213471111111 8793 0
56213743313333 15379 0
56243173133111 14097 0
56243713121333 13401 0
56247132333233 12152 0
56271433111313 14410 0
56271433123313 12328 0
56271433132313 14151 0
56274132331133 12872 0
56274312313211 11561 0
56321473233323 11049 0
56321742211112 11517 0
56324171221331 17459 0
56327411211332 15017 0
56327413213112 15332 0
56341273121213 10635 0
56341273131212 8876 0
56347122333233 11347 0
56347211213111 9256 0
56347211222132 15027 0
56347211312111 10062 0
56347211331131 15731 0
56347212111221 16817 0
56347212111311 8766 0
56347212123233 16851 0
56347212232223 15070 0
56347213111211 11375 0
56347213131332 13944 0
56423171231231 17856 0
56423171231321 10894 0
56423171321321 12117 0
56423172112121 11230 0
56423173132121 11879 0
56423173133111 13158 0
56432713122122 13000 0
56712341232113 16049 0
56712343211123 15639 0
56721343123331 17944 0
56721432312233 18396 0
56723411113313 15023 0
56723411121113 14245 0
56723411131112 11300 0
56723411222312 14082 0
56723412122312 16826 0
56723412323222 8415 0
56723413221212 13470 0
56723413222112 16035 0
56723413331111 15272 0
56732143122113 15928 0
56741231121311 11308 0
56741231131211 10145 0
56741231211131 9296 0
56741231311121 11633 0
56741232111113 8991 0
56741233111112 10087 0
56743212122222 8968 0
56743212221222 9825 0
56743213121213 10918 0
56743213121312 9854 0
56743213331333 9293 0
57123461111111 9294 0
57164322131312 13609 0
57214361323232 9072 0
57214632212213 31441 0
57236141113232 8401 0
57236141322233 13452 0
57236141323232 8114 0
57241631322113 12548 0
57241631323112 12664 0
57246131112233 8131 0
57264132111323 16700 0
57321641311112 16564 0
57321642311132 13363 0
57364212213311 7679 0
57364212313211 10064 0
57364213332122 10879 0
57642311113322 15682 0
61234572231323 10966 0
61234573232213 8699 0
61235741313131 13294 0
61257343232123 8586 0
61274351313131 13817 0
61274532231323 16096 0
61352472233321 16049 0
61352472313211 16871 0
61452731311313 11111 0
61453721111111 13768 0
61453721311112 13248 0
61453723111121 13572 0
61472532123332 10955 0
61472533112111 11193 0
61527431111111 11550 0
61534272311132 10669 0
61534721112311 16189 0
61534721113211 14446 0
61543271111111 9002 0
61543271112311 8325 0
61572432312323 7852 0
61734523222331 11518 0
62134572321323 12497 0
62135471122121 12055 0
62135472132131 12688 0
62135473122131 12116 0
62135473123121 11937 0
62135473131131 13530 0
62135473132121 12354 0
62135473232231 21228 0
62135473322321 20707 0
62135743222331 12481 0
62135743312223 14784 0
62147353123121 12450 0
62147353132121 12428 0
62154733321121 11824 0
62157342132212 18647 0
62173543232132 23743 0
62174351122133 15318 0
62174533311212 15576 0
62317453112111 10633 0
62317453312211 9630 0
62351743112123 18045 0
62371453311311 11949 0
62374511322311 10506 0
62374513112321 10354 0
62374513312112 10711 0
62435172211133 7868 0
62435172311132 7294 0
62435711222222 12644 0
62453713311122 10092 0
62471532232133 10801 0
62475131322323 13021 0
62531472321233 11331 0
62543711211113 12623 0
62543711311112 12733 0
62571432321233 10255 0
62735143223213 15364 0
63125741112323 14496 0
63125743131233 13998 0
63125743133312 15314 0
63142571111111 17312 0
63142571132321 11370 0
63142573112123 11494 0
63172452312323 16315 0
63172452313211 16618 0
63174522332132 11209 0
63247511123132 10422 0
63251743133231 19311 0
63452711311313 10005 0
63452712333221 10426 0
63471522123131 13667 0
63471522323132 13791 0
63471522332132 13348 0
63472512123332 10623 0
63512743313333 14314 0
63541271212211 11968 0
63542713121333 14291 0
63574212123131 15984 0
63574212313211 16558 0
63712542221111 12686 0
63714252123131 7639 0
63714521112323 10446 0
63714522332132 9893 0
63721541233322 13218 0
63724153121213 16849 0
63725141112323 9030 0
63725141233121 13479 0
63725142123131 8735 0
63725142223133 8087 0
63725143122113 12780 0
63725143123313 13513 0
63741252222323 17427 0
63741522123131 10948 0
63742511232221 16141 0
63745123122212 12525 0
63751242221321 12781 0
63751423122311 18114 0
63752141111111 9495 0
63752141122211 12621 0
63752141123213 14235 0
63752142332132 11750 0
63752143123223 13547 0
63752143212323 16004 0
63752143223123 11434 0
63752411223212 12814 0
63752411333213 12019 0
63752412312323 10182 0
63752412322112 13805 0
63752412333113 11522 0
63754213122122 15569 0
64125371131313 16295 0
64157321133212 21026 0
64231572311132 12698 0
64257131113223 13182 0
64271533221212 15803 0
64275131212223 16221 0
64275131312123 12626 0
64275132211133 8409 0
64275132232133 8654 0
64275133231112 20760 0
64275133312211 10767 0
64275311112332 13305 0
64275311222222 18195 0
64275313312211 14559 0
64321572111131 13712 0
64321572132131 14374 0
64321572311132 15596 0
64325713121222 19527 0
64351272132131 12210 0
64357212313211 10188 0
64357213231322 12643 0
64357213312211 7879 0
64531271212211 17160 0
64531272132131 13123 0
64531273122131 10560 0
64531273123121 10957 0
64531273311311 14008 0
64531273312211 11476 0
64572131122223 16305 0
64713253112111 11348 0
65123471112311 7847 0
65123471233232 14903 0
65123472312311 10386 0
65132471212112 12179 0
65132471222111 15297 0
65132471231321 10271 0
65132471323121 13885 0
65132472131231 13784 0
65132472212231 12096 0
65132472233321 9492 0
65132473111331 11914 0
65132473313312 12724 0
65132473323311 11693 0
65132741223323 10428 0
65132743222331 11686 0
65134721233232 12505 0
65147321232113 11676 0
65172431132333 16778 0
65174232123131 9759 0
65174232133313 13882 0
65174232323312 12245 0
65174233323212 11289 0
65174233331213 14898 0
65174322313211 11291 0
65174323223123 10969 0
65213741111111 8963 0
65241371111111 11790 0
65243712121322 15291 0
65271341332331 19269 0
65271432231233 13180 0
65274131111111 14980 0
65274131311313 12492 0
65274131312213 13954 0
65274132123332 12127 0
65274133132223 11113 0
65274133232321 11776 0
65274133312223 13593 0
65314272311132 16019 0
65314272313211 17236 0
65321472111122 12238 0
65417321232113 13368 0
65417323223123 13690 0
65417323232123 13677 0
65423713321322 18029 0
65432173232321 12095 0
65471231132213 21005 0
65714323223123 10727 0
65723143321313 14275 0
65732411333123 10348 0
65742311212313 11312 0
67132541133311 11285 0
67145323133312 12897 0
67154233323332 11019 0
67215343333133 12080 0
67231541323112 13749 0
67231543323122 13968 0
67234513332122 11660 0
67245131313323 16354 0
67245311112311 14121 0
67245311133233 13881 0
67254311131133 16561 0
67254313311113 10514 0
67312452233321 8375 0
67312541121221 9136 0
67312542221111 11646 0
67321451111123 11903 0
67321451112311 10913 0
67321451212211 17877 0
67321451311133 13246 0
67321452111122 11323 0
67321453113311 12137 0
67321542232133 11892 0
67341252222323 12050 0
67342512222113 13185 0
67345122223133 6931 0
67345122232133 7158 0
67345211111123 12785 0
67345211111132 12206 0
67345211112233 20291 0
67345211113322 21382 0
67345211211122 12474 0
67345211311133 13589 0
67345212111122 12180 0
67345213111133 12506 0
67354121111111 12191 0
67354211212121 14849 0
67354211313113 11208 0
67354211333111 12070 0
67354212111221 12864 0
67354212212222 13321 0
67354212311132 8404 0
67354213111313 12102 0
67354213131311 12992 0
67354213211132 12808 0
67354213313333 18421 0
67412353132121 14559 0
67412353332221 16173 0
67412531131133 12481 0
67435121332112 14587 0
67435123123121 13901 0
67452313321232 11424 0
71234563231322 19011 0
71263541333222 10937 0
71263542323123 11540 0
71264533131323 15644 0
71264533221323 14469 0
71264533231223 14413 0
71264533231313 14896 0
71326451211311 10155 0
71326453132121 12074 0
71326543333313 24011 0
71345262132131 13300 0
71362453113311 12497 0
71365423331312 16176 0
71423563213232 13304 0
71423653213232 10157 0
71426353312211 7749 0
71426533333223 16894 0
71432561232323 14886 0
71432561323232 11680 0
71432562111221 12028 0
71432563232213 12397 0
71432563323113 13498 0
71432563323122 11095 0
71432563332113 13933 0
71435261322233 10746 0
71435262222122 20672 0
71435263211123 7863 0
71435263311122 8929 0
71435263333133 12532 0
71435263333223 16201 0
71435623333331 13002 0
71436253333112 13144 0
71452363213232 16000 0
71452632222131 15487 0
71453262222221 15928 0
71453623311122 10861 0
71456321322323 11316 0
71456322111221 10854 0
71462531113322 9874 0
71462532111212 11695 0
71462532121112 12622 0
71462533111223 13998 0
71462533221113 15020 0
71463523331222 20913 0
71523463131311 14086 0
71523463231313 13862 0
71523463331312 12722 0
71532463221332 12984 0
71534262122222 12977 0
71542633132322 11093 0
71543622111131 12471 0
71543623111121 12314 0
71546233331213 18234 0
71546322231212 15416 0
71562433123232 9839 0
71563243221221 23041 0
71625433213133 15377 0
71643252231212 14445 0
71643523331213 18670 0
72134562312212 15335 0
72136541322233 15723 0
72143563222331 12282 0
72143651121113 9180 0
72143651131112 8904 0
72143651213111 9293 0
72143651312111 9961 0
72143652111311 10062 0
72143653111211 10121 0
72145631233223 17558 0
72145633232231 17059 0
72145633312223 17120 0
72146352232223 11209 0
72163452122222 10563 0
72163453121213 9093 0
72163453131212 10476 0
72163453133333 12760 0
72163453331333 9421 0
72164353131113 18349 0
72165431113331 15157 0
72165432111113 8042 0
72165432111122 17142 0
72165432211112 15154 0
72165432323312 18299 0
72165433111112 10653 0
72165433121333 14308 0
72165433221233 13944 0
72165433233323 11147 0
72165433321223 14206 0
72165433331213 14314 0
72345611111111 32364 0
72345611133113 14952 0
72345611221223 14334 0
72345611222222 16173 0
72345611331332 14806 0
72345612122111 15984 0
72345612331331 14524 0
72345613221221 13393 0
72345613333331 13697 0
72356141112323 16387 0
72356141232113 21227 0
72356143211123 16871 0
72361453232333 10156 0
72361542333233 12238 0
72365412222212 11931 0
72365413121312 9539 0
72365413131212 10588 0
72365413331333 9821 0
72435163333313 15734 0
72513641232323 10222 0
72513641233322 10282 0
72516342313223 9309 0
72531463321232 12047 0
72534163211123 8035 0
72541631111213 10213 0
72541631111312 10164 0
72541631112131 9388 0
72541631113121 10058 0
72541632131111 9066 0
72541633121111 8785 0
72543162311111 12776 0
72543163211111 12446 0
72543611221223 8453 0
72543611223221 9180 0
72543611331332 8773 0
72543611332331 8249 0
72543612331331 8050 0
72543613132232 9594 0
72543613133222 14098 0
72543613221221 8194 0
72543613223312 11613 0
72543613322312 8926 0
72546311323112 11798 0
72546313323212 13576 0
72561342313223 8430 0
72561432213122 14933 0
72561433221233 9731 0
72561433311233 10362 0
72561433321133 11076 0
72561433321223 9709 0
72563411111213 10123 0
72563411111312 11283 0
72563411112131 11610 0
72563411113121 9279 0
72563412131111 9993 0
72563413121111 8894 0
72643513212311 10846 0
72643513212332 15861 0
73125463133132 23126 0
73146522113231 10379 0
73246153312211 16853 0
73456123231322 12388 0
73516243323113 16211 0
73516243332131 12826 0
73541262321212 19550 0
73542163321133 31417 0
73542613132121 12521 0
73542613132322 10313 0
73564213321322 16015 0
73614251112323 13416 0
73615241112323 9177 0
73615241113322 8964 0
73615242223133 8437 0
73615243123313 13273 0
73615243213313 13779 0
73615243331312 15362 0
73615243332311 15858 0
73615421113322 14601 0
73615423213211 14020 0
73615423333331 15205 0
73624513121132 18963 0
73624513332131 17143 0
73625141112323 8922 0
73625143121213 14359 0
73625143333313 14888 0
73625412222323 11890 0
73642511111111 10540 0
73642511113232 11937 0
73642511113322 8372 0
73642513223222 14416 0
73645121113211 14874 0
73645122222311 12494 0
73645211223113 11498 0
73645211231111 14715 0
73645211321111 10112 0
73645211332112 12363 0
73645213112231 20584 0
73645213333112 13645 0
73651241113322 22990 0
73652413211312 17099 0
73652413331321 17041 0
73654122111122 10449 0
73654122221111 11570 0
73654211111132 14152 0
74123563323221 11327 0
74123652322121 14836 0
74123653132232 9612 0
74123653133132 10979 0
74123653133222 9631 0
74123653133231 10260 0
74125631313311 15254 0
74125632121121 15273 0
74125632122111 17259 0
74125632131111 10767 0
74125632321332 18282 0
74125633121111 8163 0
74125633131233 14222 0
74125633132232 14105 0
74125633133222 13844 0
74125633133312 14211 0
74125633332323 11122 0
74126352333122 9954 0
74132561321231 11701 0
74132562121121 12266 0
74132562122111 12269 0
74132563131221 14221 0
74132563132112 15168 0
74136522322121 10900 0
74152363132232 14797 0
74152363133132 14317 0
74152363133222 15550 0
74152363133231 14370 0
74156322122123 11018 0
74156322122321 11339 0
74156322313223 9857 0
74156323132331 14994 0
74156323133123 13982 0
74163251121122 16811 0
74163252112211 16578 0
74163252131111 10844 0
74163253121111 11238 0
74163253131332 16218 0
74163253133132 15227 0
74163253133213 13620 0
74163253133231 15181 0
74163253332323 8216 0
74165231121212 13205 0
74165231131313 12210 0
74165231212121 12576 0
74165231313131 13839 0
74165232111212 12766 0
74165232121112 11957 0
74165232121211 12893 0
74165233111313 11746 0
74165233131113 12647 0
74165233131311 12115 0
74165233131323 12763 0
74165233132313 11999 0
74165233231313 12545 0
74213652323132 18968 0
74251633111313 23546 0
74256311321222 24226 0
74256313111232 21000 0
74265312333233 12507 0
74312652333332 10958 0
74321563311131 11451 0
74321653233323 9440 0
74325163131323 13645 0
74325612221222 9479 0
74325613121312 11691 0
74325613131212 12299 0
74325613133333 10930 0
74361253112132 14744 0
74361253211231 18966 0
74365211121221 15506 0
74365211213111 8184 0
74365211312111 10414 0
74365211313113 15461 0
74365211333111 15119 0
74365212111311 11021 0
74365212222323 15098 0
74365212333332 15009 0
74365213111211 10766 0
74365213121333 13981 0
74512361322233 16535 0
74512362313223 16639 0
74513263121222 15963 0
74521632222212 11322 0
74521633121213 9395 0
74521633121312 8428 0
74521633133333 8973 0
74521633333313 9058 0
74523611121113 11869 0
74523611131112 8851 0
74523611213111 9069 0
74523611312111 9102 0
74523612111311 9263 0
74523613111211 8840 0
74532163123223 16816 0
74561231111222 15956 0
74561232111113 11116 0
74561232221111 15970 0
74561233111112 10731 0
74561233131233 13507 0
74561233233323 8238 0
74561233311233 15283 0
74561233321133 15329 0
74561233321313 16107 0
74563211232332 15820 0
74653213133222 19175 0
75132463233233 24560 0
75143263231313 23523 0
75146321323331 15604 0
75213642223133 10091 0
75231463211123 9907 0
75234161322233 7641 0
75234162221111 12304 0
75236143213232 14106 0
75241632222323 12163 0
75243162211322 26595 0
75243611113232 11819 0
75243613213232 12631 0
75246131333312 15433 0
75246311111111 8203 0
75246313212311 11982 0
75246313312211 9746 0
75246313332332 13068 0
75261432123233 11351 0
75264132121232 12361 0
75264132223331 11589 0
75264132321212 12367 0
75264133121333 14104 0
75264133331213 15051 0
75264311223122 19268 0
75264313231112 17271 0
75312463333133 19237 0
75314621133221 21343 0
75314621313212 10702 0
75314623113122 22215 0
75316241231231 13025 0
75321461311112 8746 0
75321463132121 13307 0
75346122133133 12378 0
75346211133122 18813 0
75346211211311 9623 0
75346211311211 14770 0
75346212323333 11265 0
75346213112132 22276 0
75346213132121 13258 0
75346213132322 11454 0
75346213332122 12506 0
75412631223332 11195 0
75416323232213 11223 0
75431263133213 13083 0
75462132123212 10995 0
75613243131332 14275 0
75613243133213 12648 0
75634123323122 11384 0
75641323232111 11663 0
75642132213311 15818 0
76123453233323 8773 0
76125343333133 15275 0
76143252131312 8414 0
76143252221222 11295 0
76143253131212 9512 0
76143253331333 8961 0
76143253333313 8879 0
76145231121113 10747 0
76145231122112 15251 0
76145231131112 8144 0
76145231221112 17234 0
76145231311331 17384 0
76145232123332 18188 0
76145232233213 14218 0
76145232331313 14327 0
76145232332213 13968 0
76145233133213 14336 0
76145233232333 11030 0
76154323333112 16873 0
76213543213133 16190 0
76213543311332 18199 0
76215341231231 13081 0
76215433333133 23007 0
76231451123111 9322 0
76245311121131 13905 0
76245311131121 9072 0
76245311213312 25031 0
76245312132131 12382 0
76245313122122 13501 0
76245313123121 10919 0
76253141123132 11301 0
76253141211332 13620 0
76253413322312 19340 0
76254133311323 24580 0
76254313211111 20851 0
76312452212111 17284 0
76312453211111 10570 0
76312453311311 12144 0
76312542321212 11329 0
76312542322121 13587 0
76312543322222 13789 0
76315241112113 13675 0
76315241113112 14704 0
76315241223113 13947 0
76315241322122 14403 0
76315241323313 13667 0
76315241332112 13152 0
76315243211231 21062 0
76315243323323 13272 0
76321452122123 8254 0
76321452122321 8437 0
76321452122333 9268 0
76321452123323 8921 0
76321452212231 10157 0
76321452213122 9742 0
76321453233131 8728 0
76321453311233 9622 0
76321453313312 11662 0
76321453321133 13697 0
76321453323311 9312 0
76321542211112 11051 0
76321543211111 11142 0
76321543311131 13169 0
76324151112233 7536 0
76324151112323 10581 0
76324153323122 11109 0
76325411111213 14458 0
76325411111312 11375 0
76325411112131 9120 0
76325411113121 8249 0
76325411122121 20902 0
76325411331311 15321 0
76325412112121 17788 0
76325412231212 16654 0
76325412333233 15701 0
76325413222223 16422 0
76341251111213 11853 0
76341251111312 9078 0
76341251112131 9505 0
76341251113121 9576 0
76341251221121 16929 0
76341251311313 15305 0
76341252232313 14212 0
76341252323333 18822 0
76341253221212 13851 0
76341253233131 14385 0
76342511111231 15653 0
76342511111321 14631 0
76342511323112 13301 0
76342512232223 12730 0
76342513213112 19392 0
76342513322111 21251 0
76342513323122 12169 0
76342513323212 14624 0
76345122211112 12151 0
76345122211121 11953 0
76345122213311 20725 0
76345122311111 12002 0
76345123211111 12370 0
76345123311113 12706 0
76345123311131 13626 0
76345123312211 21250 0
76351421112323 10409 0
76351421113322 7873 0
76351423321232 14922 0
76354121121212 12271 0
76354121122121 13260 0
76354121311313 19082 0
76354121313131 12017 0
76354122111212 15387 0
76354122112121 13232 0
76354122212222 13766 0
76354123211123 9514 0
76354123211132 10161 0
76354123313333 13667 0
76354212213323 14201 0
76354212312233 13709 0
76354212313322 13400 0
76354212333332 11436 0
76354213222223 11027 0
76354213312223 13323 0
76421351131121 11673 0
76512343213313 16941 0
76512343332311 16318 0
76514321112323 16644 0
76514321232113 16336 0
76521433232333 8795 0
76523413223231 16981 0
76524313331222 18359 0
76541232131213 9192 0
76541232221222 10585 0
76541233121213 10578 0
76541233331333 12792 0
76541233333313 9516 0
76543211111111 25688 0
76543211212112 16261 0
76543211223221 13752 0
76543211332331 13844 0
76543211333333 14078 0
76543212132323 14994 0
76543212222221 15295 0
76543212323213 16596 0
76543213113131 15173 0
