12345672121232 10586 0
12345672123212 8901 0
12345672321212 9070 0
12345673131323 8970 0
12345673132313 10310 0
12345673231313 10246 0
12345761111111 5163 0
12346571111231 4648 0
12346751113133 9484 0
12347561112212 10908 0
12347651111111 4469 0
12347651122112 9460 0
12347651133311 8921 0
12347652111221 8086 0
12347652123233 9926 0
12347652123332 12304 0
12347652223232 6593 0
12347653111133 8378 0
12347653132223 8507 0
12347653132322 7963 0
12347653332323 6985 0
12354671111111 4630 0
12354761112323 4269 0
12354762121112 12906 0
12354762121211 12696 0
12354762311123 6883 0
12354763131131 8191 0
12354763133111 8290 0
12354763211123 6223 0
12356471113133 9701 0
12356741133131 9346 0
12356741313131 7324 0
12356743113131 9338 0
12357461111222 8172 0
12357461113331 11997 0
12357462211112 8394 0
12357641113331 9350 0
12364571112212 10049 0
12364751112212 7769 0
12364751113133 11899 0
12364753311131 7885 0
12365471111111 7532 0
12365471211122 8261 0
12365471313113 7481 0
12365472223232 7408 0
12365472321233 8606 0
12365473232312 8796 0
12365473332323 7303 0
12365741113331 9933 0
12367451123333 5865 0
12367451132222 6087 0
12367451213333 9411 0
12367451312222 5861 0
12367452113333 6568 0
12367453112222 6078 0
12367541112212 8480 0
12367541113331 8353 0
12367541331131 8089 0
12374561121212 7592 0
12374561211212 7694 0
12374562111212 7512 0
12374651111222 11090 0
12375461111222 8770 0
12375641113112 5225 0
12376451111222 7408 0
12376451113133 7670 0
12376451221211 8442 0
12376541112323 5661 0
12376541232233 6272 0
12376541322233 6196 0
12376542121232 8195 0
12376542123212 7875 0
12376543133132 10641 0
12376543133231 11062 0
12456731132321 14205 0
12456731233223 10679 0
12456733223321 17938 0
12463751231231 10508 0
12467351131121 5162 0
12467351231321 8318 0
12473561132123 10853 0
12536741112323 7238 0
12537461332112 10215 0
12543671111111 4347 0
12543671211212 8143 0
12543671331113 7482 0
12543672121121 7819 0
12543672321332 12397 0
12543672322232 6553 0
12543672331232 10026 0
12543673111331 7396 0
12543673221323 8063 0
12543673231223 8602 0
12543673233323 7861 0
12546371221331 10289 0
12563472131213 6391 0
12563473131212 6131 0
12564733323122 10107 0
12567433232333 6973 0
12576343212221 10782 0
12637451132111 13739 0
12637451332112 11134 0
12643571321321 8868 0
12645371131121 5111 0
12673542331133 13627 0
12734561112323 7210 0
12734561322233 11061 0
12734562313223 10867 0
12745631111111 4571 0
12745632111122 7944 0
12745632212213 11440 0
12745632222221 9416 0
12745632232211 11208 0
12745633131131 7939 0
12745633313312 10915 0
12745633313333 9914 0
12745633323311 11722 0
12753462231323 10376 0
12763452322232 7016 0
12765432121313 6671 0
12765432222212 5899 0
12765433121213 5974 0
12765433331333 6214 0
13245671321111 5189 0
13246571111111 4151 0
13246571112233 6322 0
13246571113232 6762 0
13246572321332 12789 0
13246572331232 13012 0
13246573221233 8296 0
13246573321223 8387 0
13246752133211 11023 0
13247563212131 15079 0
13254761322233 8165 0
13254761323322 7861 0
13254762321233 9061 0
13254763323122 8924 0
13257641112233 11137 0
13265741112323 8818 0
13265742131312 8743 0
13267451122211 7973 0
13267451311133 11686 0
13267541111132 11033 0
13267541232212 8498 0
13274651112323 6515 0
13275461112233 11806 0
13275463213211 7383 0
13275641112233 6205 0
13275641112323 6390 0
13275642131333 11936 0
13275643212221 12292 0
13276451113211 12934 0
13276451233133 8789 0
13276541133122 17324 0
13276541213312 15504 0
13276541321123 16047 0
13276541322311 15291 0
13276541323112 8528 0
13276541323322 8474 0
13276542323312 9180 0
13276543323122 9407 0
13462571111111 7504 0
13462572213311 15680 0
13527461211113 9811 0
13542671231231 8881 0
13546271213213 7900 0
13546271231231 11923 0
13546271321321 7794 0
13572641122133 5725 0
13576241312213 11344 0
13576241321321 8690 0
13627451332112 10370 0
13642571221223 9357 0
13642571223221 7206 0
13642573221221 9360 0
13645271221331 9355 0
13647521111111 14451 0
13675241112323 11488 0
13675242331313 7441 0
13725642332132 9541 0
13754262123323 16952 0
13762451321321 10649 0
13764251211311 5487 0
13764252323231 10027 0
13765422121211 10978 0
14263751131121 5794 0
14267351321321 10561 0
14275633323122 9246 0
14325671111111 7505 0
14325672112121 7919 0
14325672231323 8704 0
14325672323222 7530 0
14325673123232 8584 0
14325673232333 7201 0
14325673311131 8377 0
14327652131213 6252 0
14327653121213 6299 0
14352672212111 9287 0
14356721112323 7481 0
14356721322233 15587 0
14367252322232 8102 0
14367523311113 13189 0
14523672121313 6210 0
14523673121312 6826 0
14527631121311 6780 0
14527631131211 6335 0
14527631133311 7996 0
14527631211131 7895 0
14527631311121 7739 0
14527632122213 9175 0
14527632212111 9185 0
14527632333332 12196 0
14527633132322 8881 0
14527633312133 11624 0
14536273311311 10616 0
14537622231323 9953 0
14563272323222 8129 0
14567231312213 15825 0
14567231321123 17122 0
14573261333111 10292 0
14625731111111 14900 0
14625731131121 5719 0
14625731322233 15571 0
14625732112121 8949 0
14625732113321 9584 0
14625732213323 9624 0
14625732233111 9335 0
14625733133111 8364 0
14632571111111 10145 0
14632571321132 9781 0
14652733321331 8167 0
14673251111111 9595 0
14723651111213 6503 0
14723651111312 6562 0
14723651112131 7309 0
14723651113121 9276 0
14723651211212 11545 0
14723652322121 11205 0
14723652331232 7980 0
14723653232222 8933 0
14723653313111 9375 0
14723653321313 10759 0
14725361111111 10121 0
14725361111123 12733 0
14725361322332 19219 0
14725362211121 10410 0
14725363211213 9163 0
14725363213121 8838 0
14725363223213 9753 0
14725363311113 8630 0
14726531223122 9324 0
14726531232122 9181 0
14726531233313 9245 0
14726531333312 9617 0
14726532232313 9445 0
14726533323122 8892 0
14735621221112 7860 0
14735621223113 8934 0
14735621223332 15246 0
14735621233112 9885 0
14735621323112 10010 0
14735621332112 7711 0
14735621333111 8220 0
14735621333222 15728 0
14736251111132 9102 0
14736251112332 9801 0
14736253222223 7508 0
14736521132222 11418 0
14736521133131 12777 0
14736521211212 10817 0
14736521213333 8649 0
14736521221313 11725 0
14736521321231 6779 0
14736521322233 5497 0
14736521332121 11585 0
14736523112222 11542 0
14736523113131 12348 0
14752363222121 10894 0
14752363232222 12105 0
14752363233131 8838 0
14752631111111 10266 0
14752631112311 13299 0
14752631323223 15358 0
14752632332132 8856 0
14752633213223 8919 0
14752633222223 8350 0
14752633223123 9373 0
14752633223231 15427 0
14753261221112 7198 0
14753261323112 10518 0
14753261333111 7333 0
14762351221331 8772 0
14762351321231 8037 0
14762351331221 7154 0
14763251221223 6783 0
14763251222312 8130 0
14763251332331 8764 0
14763251333123 6228 0
14763252322121 5897 0
14763253132232 5979 0
14763253133132 5792 0
14763253133222 6889 0
14763253133231 6487 0
14763253221221 6068 0
14763253222112 5898 0
14763521113211 8939 0
14763521113223 9934 0
14763523222331 6801 0
14765231111213 7457 0
14765231111312 7873 0
14765231112131 7249 0
14765231113121 6494 0
14765231133131 8795 0
14765232211211 10529 0
14765232232322 8699 0
14765232331313 11081 0
14765233113131 8872 0
14765233323332 7971 0
15236471111111 15962 0
15236473231121 9410 0
15243671331221 9132 0
15246371331332 7403 0
15246371332331 7715 0
15246372331331 7478 0
15267431223113 10307 0
15273641112323 20251 0
15324673113311 11476 0
15342671211311 4529 0
15346271321321 9525 0
15367421211113 13933 0
15367421223113 11637 0
15367423211123 13930 0
15426371111111 7158 0
15426371112233 11430 0
15463271313113 10266 0
15624732123212 12883 0
15624732133313 10614 0
15624732333332 9282 0
15627431223113 7279 0
15627431322113 9974 0
15627431332112 7391 0
15634722123332 7989 0
15634722321233 8675 0
15637423211123 5499 0
15642371111111 5542 0
15642372213311 6224 0
15642372231332 8220 0
15642372331322 7899 0
15642373212311 6148 0
15642373221323 11161 0
15642373231223 10735 0
15643271221331 8234 0
15643271331221 8370 0
15643273223111 8181 0
15647233213232 10299 0
15672341113232 6749 0
15672341323112 8367 0
15672342323312 7555 0
15672343213232 7085 0
15672433312133 18826 0
15724362212132 8495 0
15724631111111 14204 0
15724631211311 5420 0
15724631322233 15571 0
15724632123233 9340 0
15724632313223 15335 0
15724632323231 9363 0
15724632323333 7966 0
15724633132322 8354 0
15734622331223 8513 0
15746321111111 11119 0
15746321323211 9291 0
15746322313112 9283 0
15762342122213 10488 0
15763241111111 9505 0
15763242323132 9902 0
16243571132132 8412 0
16243571231231 8200 0
16243571321321 12016 0
16245371231231 10072 0
16254733312223 9910 0
16257431132111 9720 0
16257433223123 9707 0
16273541122133 11846 0
16273541321321 8827 0
16275341312213 7196 0
16275343122221 9843 0
16327453232333 7706 0
16342571331221 9776 0
16345271111111 7410 0
16345271133131 8945 0
16345271222111 8680 0
16345272322232 7503 0
16345272333212 8492 0
16345273122323 8818 0
16345273233323 7322 0
16347252131312 6941 0
16347253121312 6183 0
16357421223113 10701 0
16374521112323 7068 0
16374523211123 11412 0
16423572112121 10834 0
16427531211311 9889 0
16427531231321 8274 0
16427532333233 7472 0
16453271111111 14024 0
16453271211113 13945 0
16453272111131 11515 0
16475233132313 11544 0
16523473332323 7808 0
16523741112212 10459 0
16524731112212 12388 0
16524731112233 7969 0
16524731113133 7683 0
16527341111111 6338 0
16527431123333 5986 0
16527431222132 6571 0
16527431312222 9812 0
16527431333213 5798 0
16527432113333 5593 0
16527432211322 6742 0
16527432231122 6629 0
16527432231332 6346 0
16527432331322 6030 0
16527432333113 5734 0
16527433312133 6514 0
16532471111222 10483 0
16534271111111 4689 0
16534271111132 7627 0
16534273211111 8190 0
16534723211123 6801 0
16537421111222 12198 0
16537421113322 7188 0
16537421113331 8088 0
16537421223113 7356 0
16537421233112 10068 0
16537421332112 7705 0
16542371221331 7291 0
16542371331221 7554 0
16542372112331 8543 0
16543271221223 6097 0
16543271223221 5745 0
16543271331332 6457 0
16543271332331 9430 0
16543272331331 5750 0
16543273221221 6101 0
16543721111111 4785 0
16543721113211 7651 0
16547233332323 6843 0
16547321113331 11412 0
16572431111111 6613 0
16572433213223 10098 0
16573241123123 8475 0
16573241312312 9701 0
16574231113133 10533 0
16723451122133 15668 0
16723451322311 15736 0
16725431121311 7014 0
16725431131211 7321 0
16725431211122 8754 0
16725431211131 6363 0
16725431311121 6365 0
16725432211121 8816 0
16725432232223 7736 0
16725433113311 8807 0
16725433122212 9173 0
16725433333232 8649 0
16735242122213 14168 0
16742352232313 10505 0
16743252323222 7095 0
16745232121313 6598 0
16745232122222 5870 0
16745233121213 5808 0
16745233333313 6275 0
16753241221112 10624 0
17246351111111 7264 0
17265433111313 18468 0
17324561211323 15864 0
17324561232332 9388 0
17326452212111 12835 0
17356241212313 10042 0
17356242211331 9896 0
17362451211311 4595 0
17362451231321 8303 0
17362452213311 7749 0
17364251231231 11605 0
17423653213232 9114 0
17425631122112 8334 0
17425631223113 7879 0
17425631313113 8522 0
17425631322113 9760 0
17425631322332 15223 0
17425631323112 10073 0
17425631323223 15068 0
17425631332112 8742 0
17426531112233 5947 0
17426531121212 9464 0
17426531132312 11443 0
17426531213123 11647 0
17426531223221 9905 0
17426531232233 6732 0
17426531313131 8104 0
17426531331332 10484 0
17426532121211 7846 0
17426532331331 12136 0
17435622211133 5457 0
17435623211123 5684 0
17436521323232 5163 0
17452363213232 7604 0
17452363322132 12053 0
17452633213232 9552 0
17453262211133 5558 0
17462352213311 4901 0
17463251122112 9690 0
17463251221331 7011 0
17463251313113 7474 0
17463251321231 7321 0
17463251323112 10246 0
17463251331221 7550 0
17526431131121 10276 0
17526431231321 8073 0
17526432123233 8333 0
17543261111111 12601 0
17543261132111 11231 0
17642531111111 7262 0
17642531112233 11286 0
17642533312211 11391 0
17643251122112 10554 0
21345671111111 5209 0
21345762223322 12054 0
21345762312323 6513 0
21345762313223 6184 0
21345763332233 12197 0
21346752313322 5702 0
21347562312323 20153 0
21354671122112 7774 0
21354671131313 10756 0
21354671221112 8102 0
21354672311123 6244 0
21354672311132 6097 0
21354672313211 5638 0
21354673131113 11179 0
21354761112233 15402 0
21354761112311 8886 0
21354761113211 9296 0
21354761113322 17224 0
21354761122211 9078 0
21354761133311 9514 0
21354762213311 15947 0
21354763312211 15194 0
21357462311111 11745 0
21357463213331 9674 0
21357642221132 14442 0
21364752311111 11246 0
21364753212212 8623 0
21365742221312 7420 0
21365742312323 11395 0
21367451311331 9604 0
21367452112112 8369 0
21374653333121 10682 0
21375462312233 7173 0
21375463333211 9964 0
21376541111123 6647 0
21376541112311 8905 0
21376541122211 7534 0
21376541131133 7204 0
21457631321123 10427 0
21473563331312 12436 0
21536742222131 10954 0
21654372231323 7187 0
21654372233321 6763 0
21654373332122 7434 0
21654373332221 8656 0
21734652123131 11462 0
23147562123131 5955 0
23147651112323 10285 0
23147652312323 7915 0
23156471222132 9379 0
23156471333132 10911 0
23156473323332 12977 0
23157461231333 13770 0
23157462131123 13997 0
23164573213133 8277 0
23164752131312 9429 0
23164753333313 9421 0
23165471111111 5741 0
23165471311133 8463 0
23165471312132 9361 0
23165472111122 9045 0
23165472111332 9602 0
23165472132332 9647 0
23165472311111 14923 0
23165473233221 15672 0
23165741112323 6183 0
23165741231312 17197 0
23165742123131 4586 0
23165742131321 17307 0
23165742131333 17009 0
23165742312323 7490 0
23165743331312 16893 0
23167541233322 7892 0
23167542131222 10123 0
23174652123131 4820 0
23175463211222 9817 0
23176452132221 10118 0
23176453332233 10169 0
23416752121211 14982 0
23417563232123 10765 0
23456173212332 8698 0
23456173233122 8006 0
23456713212332 8761 0
23475162121112 11988 0
23517462131333 10862 0
23576412233321 11330 0
23576412312323 11008 0
23657142121112 12046 0
23671452122333 19422 0
23674153232321 5326 0
23751461132123 9099 0
23751463112321 9183 0
23756143222331 10086 0
23756411222312 7700 0
23756413222112 10827 0
23756413223312 7543 0
23756413322312 7581 0
24153672321233 10477 0
24157361313212 9369 0
24157362323111 18360 0
24167353132232 12600 0
24173652323231 7669 0
24315673311311 11930 0
24315761122322 8652 0
24315762213323 8942 0
24351671212211 8464 0
24351673111133 8205 0
24351673311311 8327 0
24351761111123 11155 0
24351761212232 8993 0
24367511323112 11257 0
24367513111121 9481 0
24376512222122 10472 0
24516732233111 5768 0
24531673123121 12672 0
24536713231232 10077 0
24537613231322 8422 0
24561372111131 9483 0
24563711121212 11656 0
24563712121232 12302 0
24563713121222 12073 0
24571362221213 13831 0
24571631121212 14320 0
24615371112332 7324 0
24615372213311 11513 0
24615731122313 17009 0
24615731132333 17106 0
24615732111323 17128 0
24615732213311 7470 0
24615732233321 6307 0
24615733113323 17216 0
24615733311122 4705 0
24617532233321 16393 0
24637512311132 5942 0
24651731113223 10037 0
24651731333333 8014 0
24715363311332 9068 0
24715631111111 15087 0
24715631122121 10193 0
24715631122133 9746 0
24715632313223 14819 0
24715633112111 5637 0
24715633131131 9873 0
24716532323231 13086 0
24731561111111 9626 0
24731562311231 10153 0
24736512222332 14075 0
24751362221231 16852 0
24751362321113 19949 0
24761531221223 13879 0
24763151111111 9465 0
24765313222112 13558 0
25134672233321 11168 0
25134672312323 11273 0
25134672313211 7286 0
25137461111111 11862 0
25137461211323 8775 0
25163741112323 16493 0
25314673111313 9243 0
25314673111331 7304 0
25314673131311 9237 0
25341673113311 13943 0
25341762313223 11258 0
25364172311231 10167 0
25364173223231 9879 0
25367411211122 10777 0
25413672323111 14479 0
25413763121222 14218 0
25436711311313 9392 0
25436712123122 9184 0
25436712123332 8987 0
25436712132122 9603 0
25436712323231 12990 0
25436713232321 5856 0
25436713332122 8969 0
25463713212332 8476 0
25471362323132 9121 0
25471631312213 13573 0
25631741212121 16297 0
25634713321232 11053 0
25641371213132 12662 0
25714632123131 5831 0
25714632223331 6170 0
25714632313211 4378 0
25714633121333 12669 0
25716431212223 10253 0
25716433223213 10465 0
25731642232211 15970 0
25734162221111 10328 0
25734613113323 13025 0
25736141111123 8054 0
25736141233232 7299 0
25736411133113 10838 0
25736411231321 6065 0
25736411321312 10878 0
25736411331113 10883 0
25736413123112 11508 0
25741361232113 5612 0
25741632222323 7959 0
25741632312323 7165 0
25743611233232 10747 0
25763142223133 6045 0
25763411332322 8820 0
26135742132221 9163 0
26135742213323 5723 0
26135742332312 8770 0
26153471122121 7489 0
26153473131131 7380 0
26153473132121 9083 0
26154372332213 18707 0
26175432331133 11126 0
26317451212211 12830 0
26345711223113 7523 0
26371453112111 6242 0
26415731322323 7375 0
26415732121223 8065 0
26415732233321 11374 0
26435712222122 16240 0
26435712233321 8195 0
26435712311132 4183 0
26435712322322 12584 0
26435713311122 5585 0
26435713333133 14356 0
26437512122312 8083 0
26453172211133 5595 0
26453711333333 7632 0
26513471122121 10894 0
26517343333313 19518 0
26534713333313 8436 0
26543171111111 13833 0
26543171123111 11013 0
26547313131323 10568 0
26573413331312 10446 0
26714531212133 13010 0
26714532121133 14300 0
26715433231322 9484 0
26741351232113 10979 0
26743512121232 12282 0
27134561131133 10198 0
27154632311132 12067 0
27314652313211 7363 0
27365412321212 14496 0
27415363131113 13584 0
27415632323231 11528 0
27415633321322 10353 0
27416532133232 8710 0
27416533321232 10086 0
27435612122222 7761 0
27453161123111 9160 0
27453161132111 10254 0
27456133132223 10619 0
27516341111111 5352 0
27534161111111 4939 0
27534161111123 10222 0
27534162311111 7753 0
27534612311132 4858 0
27536412332312 10670 0
27543611111123 11606 0
27543611111132 9386 0
27546312231122 19682 0
27613543333133 12536 0
27614353311332 10737 0
27615431312333 8889 0
27615432113321 5700 0
27615433313213 9277 0
27634511131133 7274 0
27634512233321 7960 0
27643513311233 16091 0
31246753312211 6060 0
31247651113232 9220 0
31247651323232 10439 0
31256471231222 8279 0
31257462222221 7887 0
31257462312311 7330 0
31257643311122 5710 0
31264572122213 11338 0
31264573132313 12120 0
31264573222223 8719 0
31264752132122 11148 0
31264752313121 11284 0
31265471111111 12825 0
31265471122112 10433 0
31265471122133 8939 0
31265471312213 9263 0
31265471313113 8651 0
31265471321111 10143 0
31265472233321 19096 0
31265472312233 9852 0
31265741233331 9631 0
31267542222233 12924 0
31267542313133 13058 0
31275461112233 6398 0
31275461322233 5985 0
31275462133211 12926 0
31275462223211 11526 0
31275462311213 14131 0
31275462312212 11958 0
31275463311122 4600 0
31276452133322 9092 0
31276452313313 8141 0
31452671323211 11142 0
31452671332232 9165 0
31452672322331 9387 0
31456722111221 10208 0
31462751111111 7352 0
31462751113322 10973 0
31475261322233 11564 0
31475262331313 8679 0
31475262333221 7588 0
31524673332122 13344 0
31527643332122 11007 0
31564272212111 8867 0
31564272213311 8055 0
31564273113311 7257 0
31572461122133 5683 0
31624751112233 11232 0
31624753312211 10907 0
31627452221333 12429 0
31654272313322 10370 0
31754621331122 17494 0
31765242322121 13441 0
32145671111111 4593 0
32145671123333 10933 0
32145671132222 11534 0
32145671221112 8422 0
32145671333333 9939 0
32145672113333 11739 0
32145672212222 9436 0
32145673112222 11307 0
32145673311113 8911 0
32146751232323 8079 0
32146752232223 7617 0
32147562313223 6962 0
32147562333233 9267 0
32147651123333 6230 0
32147651132222 7030 0
32147651213333 6555 0
32147651312222 6816 0
32147652113333 7700 0
32147652231332 5544 0
32147652233213 8811 0
32147652331322 5666 0
32147652332213 8749 0
32147653112222 6228 0
32156471111111 5444 0
32156471113211 14228 0
32156471232332 15426 0
32156472312332 8564 0
32156472332132 7850 0
32156472332321 15667 0
32156472333332 9433 0
32156473223123 8238 0
32156741112323 4405 0
32156742311123 6192 0
32156742313223 5932 0
32156742333131 10913 0
32157641232323 7045 0
32157642231323 7983 0
32164571111111 13395 0
32164571111231 10296 0
32164571232323 7925 0
32164572232223 9259 0
32164572232313 8364 0
32164572233321 15243 0
32164572312323 15305 0
32164573323212 8742 0
32165741111111 5656 0
32165741111132 15113 0
32165741233223 14920 0
32165742211112 10291 0
32165742331112 9767 0
32165743311131 9974 0
32167451111111 7401 0
32167451213333 11269 0
32167451222222 11312 0
32167451312222 11374 0
32167451333111 7403 0
32167452211121 7689 0
32167453222313 8227 0
32167453313333 9486 0
32167453321232 8795 0
32174561112323 5702 0
32174561232113 6534 0
32174561232233 7716 0
32174562231212 10487 0
32174652312332 8449 0
32174652332132 7373 0
32175461111111 13525 0
32175461113112 5425 0
32175461221112 8897 0
32175461333111 9515 0
32175462233111 9024 0
32175462312323 17213 0
32416753121222 13745 0
32417562113321 10273 0
32417652132131 10086 0
32417653132121 8947 0
32451762331121 12325 0
32456173212332 8777 0
32456711233133 19322 0
32465172112121 9034 0
32465172132131 7884 0
32465172133121 8505 0
32465172332321 15275 0
32465173123121 8241 0
32465173132121 8739 0
32465173133111 7809 0
32465173233221 15744 0
32475161232323 14098 0
32475163331222 9397 0
32476513232231 17589 0
32517463131311 18641 0
32546713323212 10264 0
32547611121113 7823 0
32547611131112 6987 0
32547611213111 8305 0
32547611312111 8109 0
32547612111311 7870 0
32547613111211 7051 0
32561471113133 9257 0
32561471121311 6544 0
32561471122211 11564 0
32561471131211 6566 0
32561471211131 9152 0
32561471311121 7188 0
32561472133313 10849 0
32561472213122 11087 0
32561473222223 8957 0
32561473323212 7774 0
32567412122222 7179 0
32567412131312 6548 0
32567412222212 5911 0
32567413131212 6908 0
32567413133333 5994 0
32576142313223 11490 0
32615473332122 9416 0
32647152133121 11779 0
32647153132121 9808 0
32647512333233 13120 0
32657143121213 16067 0
32657412111212 9692 0
32671453123313 11995 0
32674152113333 19803 0
32714652332132 10262 0
32716452123212 14890 0
32741651121311 7770 0
32741651131211 6951 0
32741651211131 8009 0
32741651311121 8208 0
32741652111113 6887 0
32741653111112 7728 0
32745611223332 15794 0
32745612313322 15775 0
32745612322331 15678 0
32751643321232 10567 0
32754163211123 15903 0
32756141233121 13119 0
32761452121313 5610 0
32761452122222 6143 0
32761452222212 6341 0
32761453121312 7065 0
32761453133333 5662 0
32765411112221 8749 0
32765411121113 6229 0
32765411131112 6466 0
32765411133113 8293 0
32765411331113 8492 0
32765412221312 9318 0
32765412323222 7206 0
32765413122212 9280 0
32765413223312 11099 0
32765413231223 7952 0
32765413322312 11589 0
34125672131213 5835 0
34125672131312 6481 0
34125672221222 5748 0
34125673133333 6369 0
34127651121113 8099 0
34127651131112 8130 0
34127651213111 6865 0
34127651312111 6997 0
34127652111311 7804 0
34127653111211 8831 0
34162752132212 18011 0
34165271112212 10413 0
34165271121311 7756 0
34165271131211 7340 0
34165271211131 7841 0
34165271311121 6476 0
34165271311133 8893 0
34165272323333 7717 0
34165273133312 11181 0
34165273222322 8797 0
34165273311131 8811 0
34167252213323 15876 0
34172562132332 11038 0
34172562313331 10409 0
34175263321232 8928 0
34216572213122 16832 0
34261572132131 7078 0
34261572133121 8134 0
34261573123121 7214 0
34265712212132 10785 0
34275161312213 7136 0
34275162112322 7932 0
34275162213221 8686 0
34516271111111 5508 0
34516272312332 11710 0
34516722313223 4983 0
34517622231323 10678 0
34521672223232 6976 0
34526713232312 7943 0
34527612211322 9359 0
34527612231122 9579 0
34527612231332 6843 0
34527612331322 6061 0
34527613312133 5990 0
34561272122123 5918 0
34561272122321 8151 0
34561272212213 6082 0
34561272213122 5999 0
34561272232211 6809 0
34561273221233 6983 0
34561273233131 6236 0
34561273311233 6587 0
34561273313321 8791 0
34561273321133 5892 0
34561273321223 6079 0
34561721111111 5754 0
34562171321111 9599 0
34562171321231 9129 0
34562172232313 7531 0
34567212223232 8463 0
34617252111212 12421 0
34617252123212 11974 0
34617252132212 11646 0
34617522221333 9718 0
34621572132131 10186 0
34625172111212 14328 0
34627512232313 8792 0
34651271123111 9387 0
34651272332132 10113 0
34675212222122 13536 0
34715262221123 12978 0
34716522223211 11041 0
34721652121313 6670 0
34721652131213 6811 0
34721652221222 5889 0
34721652222212 7084 0
34721653333313 5897 0
34725611212211 8862 0
34725612111113 6292 0
34725612121322 9437 0
34725612231212 9404 0
34725612231332 11570 0
34725612322232 7177 0
34725612331322 11077 0
34725613111112 6839 0
34725613111133 8398 0
34725613132223 8182 0
34725613311113 8201 0
34761252323222 8585 0
35126741232212 12890 0
35126742231233 12979 0
35127462331331 13137 0
35162472122231 9207 0
35162472123233 8990 0
35162473122221 9066 0
35162473323131 9501 0
35162473332122 9473 0
35162473332131 9123 0
35162742213323 13186 0
35167242132212 13978 0
35172461232323 15362 0
35174262213131 13353 0
35174262231113 12743 0
35246171111111 7228 0
35246171113322 10962 0
35246172213311 11159 0
35267141223233 10035 0
35267141321132 9646 0
35271461322233 18072 0
35416721113112 9614 0
35416723232213 7217 0
35417622223133 5293 0
35426712131132 15016 0
35426712311312 10716 0
35426713111313 8364 0
35426713131113 8328 0
35426713312211 8348 0
35461271111231 10350 0
35461271321231 8966 0
35461272222323 6683 0
35462171131313 11562 0
35462171212121 8671 0
35462171221223 12370 0
35462171332331 10838 0
35462172213311 5512 0
35462172223331 6873 0
35462172312131 11609 0
35462173123211 10719 0
35462173131311 11433 0
35462173221221 12801 0
35462712322322 11134 0
35472163222313 8095 0
35472163231322 7591 0
35476122221111 10331 0
35614722321233 10118 0
35617423131332 7597 0
35624712121232 7669 0
35624712321212 7697 0
35624712321332 10810 0
35624712331232 7682 0
35714623111322 17901 0
35721642221213 16722 0
35762142222113 13077 0
36125471111333 8698 0
36125471212112 8914 0
36125471213111 6540 0
36125471222111 8846 0
36125471312111 7566 0
36125472111311 7111 0
36125472121223 9052 0
36125473111211 7418 0
36125473232222 7877 0
36125473323233 8663 0
36125743222331 13829 0
36127451333222 18828 0
36145272122222 5775 0
36145272131213 6071 0
36145272131312 6693 0
36145273333313 6306 0
36147251121311 8092 0
36147251131211 8005 0
36147251211131 7816 0
36147251311121 6772 0
36147252111113 8582 0
36147253111112 7438 0
36152741231312 10345 0
36152742131321 10562 0
36172452133133 10671 0
36217452131333 12249 0
36217541223311 9071 0
36217543213112 9200 0
36241573212332 10647 0
36241753212311 7738 0
36415272123212 10796 0
36417522123311 14004 0
36514272212111 12519 0
36521472113321 15831 0
36521472331121 15684 0
36527411131133 8060 0
36527412111113 7124 0
36527412131222 9072 0
36527412211322 11005 0
36527412221312 9629 0
36527412231122 11011 0
36527412322232 6442 0
36527413111112 7202 0
36527413311311 8163 0
36541272323222 7035 0
36542712121322 15985 0
36547212121313 7099 0
36547212122222 6365 0
36547212131312 5705 0
36547212221222 6242 0
36547213331333 5759 0
36712542121112 7582 0
36712542121121 7645 0
36712542121211 10702 0
36712542122111 7677 0
36714252232223 8067 0
36714521232113 8257 0
36714522121322 12286 0
36714522122213 11313 0
36714523132223 8270 0
36714523132322 8232 0
36721451131331 8144 0
36721452121322 9600 0
36721452122123 10992 0
36721452122213 9053 0
36721452122321 10984 0
36721452131111 7323 0
36721452223232 6365 0
36721453113113 8047 0
36721453121111 7246 0
36725411121212 8817 0
36725411131313 8649 0
36725411212121 9356 0
36725411313131 8892 0
36725412111212 9057 0
36725412121112 8674 0
36725412121211 9137 0
36725412121232 8785 0
36725412123212 9310 0
36725412321212 9333 0
36725413111313 9935 0
36725413131113 9000 0
36725413131311 10169 0
36741252122123 9560 0
36741252122321 9336 0
36741252122333 5962 0
36741252123323 6741 0
36741253233131 5966 0
36745211211221 8848 0
36745212121223 9380 0
36745212122312 9415 0
36745212122333 10985 0
36745212123323 11473 0
36745212131111 6196 0
36745212223232 7079 0
36745213121111 7555 0
36745213131131 8315 0
36745213133111 8509 0
36745213232213 7848 0
36751243222322 8707 0
36752142122132 15165 0
36752142123221 11162 0
36752143132232 10902 0
36752143133222 10862 0
36752143211132 6163 0
36754123232222 9009 0
37246511112233 15784 0
37256142321233 10814 0
37415622333221 7945 0
37426513132313 9029 0
37452162323312 10334 0
37516422333311 9764 0
37561241311112 9347 0
37612453122233 8340 0
37612542221111 9989 0
37614252221123 9803 0
37614521111111 12968 0
37614521323232 5978 0
37614522111221 8888 0
37614522113321 9162 0
37614522313322 9586 0
37614522323312 9085 0
37614523232213 9296 0
37615421113322 8170 0
37615422211133 4298 0
37615422223133 5557 0
37615422313121 16361 0
37615422313331 12489 0
37615423121132 14472 0
37624152311213 10788 0
37624511232233 6186 0
37624512121322 12314 0
37624512231212 10826 0
37624513131323 10745 0
37624513231313 10788 0
37641252222323 8324 0
37642152213311 4973 0
37642513122221 13140 0
37645122312221 7659 0
37651242211133 6062 0
37651422312311 7989 0
37652141113232 8077 0
37652143231322 7175 0
37654212311222 14457 0
41236753232321 6125 0
41237561313131 10606 0
41263751312222 16094 0
41325671212211 9283 0
41325762313223 11926 0
41325763131233 7505 0
41352671212112 7575 0
41352671212121 7599 0
41352671222111 7497 0
41357622313112 10974 0
41367253111133 11810 0
41532672313211 7148 0
41532761233133 10989 0
41563273113311 10483 0
41576322212222 14942 0
41625372313211 7080 0
41625373121213 9940 0
41625731222231 8793 0
41635721212121 12109 0
41657321222312 12341 0
41673252212222 13809 0
41673521111111 9232 0
41723562313211 18047 0
41725361232113 4502 0
41725361321213 11942 0
41725362221213 14238 0
41725362313211 5885 0
41725362313223 6380 0
41725363121222 13047 0
41725363121231 11502 0
41725631111111 5406 0
41725631211122 8882 0
41725632322331 17340 0
41725633111133 9490 0
41725633121123 8925 0
41725633211111 13434 0
41726352313322 5656 0
41726532312233 15345 0
41735261323313 8048 0
41735262312233 7109 0
41735263123223 8802 0
41735621233232 8318 0
41735622313322 14076 0
41736521233232 7710 0
41736522332231 8218 0
41752631222123 10718 0
41752632311123 7685 0
41752632312323 6658 0
41752632313211 5675 0
41756231321213 11013 0
41756233121231 10387 0
41762532221333 12903 0
41762533123331 12414 0
41765231233232 10387 0
41765322221312 8658 0
41765322313211 11544 0
41765323122212 7707 0
42136752131312 15875 0
42137561123333 19104 0
42137653122131 10407 0
42137653132121 9734 0
42157633231322 11626 0
42163751121212 12229 0
42165373223123 7460 0
42167532131333 11138 0
42315673112111 5069 0
42351671212211 10083 0
42351763231133 17622 0
42367153111121 12500 0
42367153211123 11211 0
42516372233111 6611 0
42561733323122 10140 0
42573612323231 9248 0
42573613322231 9800 0
42613572313211 11233 0
42615371313332 12032 0
42615372213311 6493 0
42615372221213 12314 0
42615372313211 6094 0
42651372213311 20273 0
42651733311122 6079 0
42673512232133 5733 0
42751632321233 9171 0
42751632323231 7084 0
43126572133313 10007 0
43167251232212 10721 0
43176252123131 11394 0
43176252311132 10771 0
43216573132121 8086 0
43216573132223 9019 0
43216573212311 8257 0
43216573212332 9082 0
43512671313332 11118 0
43527612312323 7754 0
43561271111111 5815 0
43571262122222 16186 0
43572161111111 6219 0
43572612312323 6083 0
43576211123222 11251 0
43576212112232 11380 0
43615271333312 8763 0
43615272113321 8914 0
43617521223221 14128 0
43621752213323 10763 0
43651722323132 10883 0
43675122222122 13571 0
43675211221331 8788 0
43721653231313 14555 0
43751623123313 10388 0
43765212222122 11384 0
45167323322231 8722 0
45176231131313 7299 0
45176231133113 7349 0
45176231331113 8003 0
45176233131113 7261 0
45176321131133 14208 0
45213672221123 12444 0
45273162222122 11077 0
45276131131133 12085 0
45312671222312 13034 0
45312672223331 6858 0
45312672233321 6350 0
45312672313211 4254 0
45312673132313 8411 0
45312673222112 12815 0
45312673231313 8319 0
45312761113211 9006 0
45312761133311 9047 0
45312762221111 8959 0
45312762311111 8281 0
45321671212211 8083 0
45321671221121 8293 0
45321673113311 11898 0
45327612222323 10176 0
45362712122222 16924 0
45367122223133 5541 0
45367211111132 8799 0
45367211211122 7180 0
45367213111133 7309 0
45376121131133 7721 0
45376121331311 11954 0
45376211333123 12008 0
45376213131323 8812 0
45376213333322 11123 0
45612371133221 17348 0
45612372331121 15523 0
45612373112231 16071 0
45612373132121 8817 0
45612373132223 9498 0
45612373322111 15313 0
45612373332122 9201 0
45612373332221 9009 0
45613271331221 8444 0
45613272233111 11139 0
45621373123331 8920 0
45621373211111 11865 0
45621732212123 12876 0
45621732233333 12992 0
45623712332123 9222 0
45623713322321 9171 0
45637123132121 9773 0
45637123332122 8956 0
45671231132231 9484 0
45671233112132 18340 0
45673212212132 14278 0
45673213211222 12566 0
45713623223132 12232 0
45721363321313 7450 0
45721363322231 7792 0
45732612233321 15875 0
45736121122211 13102 0
46123571111111 9819 0
46123573232123 11140 0
46125731333123 12557 0
46127351131313 11918 0
46127352131333 12636 0
46127353131323 12532 0
46135272133313 14146 0
46153273131131 13439 0
46157233333232 8303 0
46157321331233 9045 0
46215372121223 7482 0
46215372313211 11909 0
46257132211133 7192 0
46257313312211 17951 0
46273512122312 7424 0
46273513221212 7911 0
46275311123222 13028 0
46275312112232 14217 0
46275312132212 11843 0
46275312232133 4623 0
46275312313211 6285 0
46275313121222 11410 0
46275313312211 6000 0
46321752111131 9935 0
46352171211233 9292 0
46352172113231 15987 0
46372511221331 9504 0
46375211211332 19190 0
46375212113111 12856 0
46375212132131 8535 0
46375212132221 9289 0
46375212332222 9871 0
46375213112111 10025 0
46375213123121 10315 0
46375213333121 8956 0
46512371331221 9413 0
46512372113321 13038 0
46513272332111 11706 0
46513273113221 7994 0
46523711331332 12267 0
46527133111121 11446 0
46572311223122 8981 0
46572312132122 8020 0
46721533123313 13114 0
47123562232133 7223 0
47123651233232 9496 0
47126351233232 10160 0
47126532133133 17061 0
47132562311111 8105 0
47132563222331 12583 0
47132652233321 5336 0
47135622132332 8356 0
47136252133112 10512 0
47152361233232 9100 0
47152631322131 12927 0
47156231332313 12917 0
47156233211132 6140 0
47156233223312 11588 0
47156233233113 12924 0
47156233322312 11472 0
47156321111111 5825 0
47156321133311 9405 0
47156322132311 8965 0
47156322313232 13951 0
47156322332132 8387 0
47156322332312 9036 0
47156323223123 7767 0
47162351322122 8063 0
47163522131222 8077 0
47165321232113 4576 0
47165321322131 12214 0
47165322132212 11830 0
47165322133112 12053 0
47165322232133 5301 0
47165322313211 6042 0
47216352131333 11417 0
47251363131113 12178 0
47251632131312 19085 0
47256133212311 8079 0
47256133321232 12702 0
47265312122222 8787 0
47265312131312 8026 0
47265312313211 7010 0
47321651311133 10382 0
47352612123131 10985 0
47352612311132 11184 0
47352612313211 7115 0
47512632312323 11019 0
47621532232331 8900 0
47621533231121 11762 0
47632152233321 10352 0
47632153212311 7867 0
47632153232321 4843 0
47632513212332 13153 0
47652132231323 10314 0
47653213211231 10128 0
47653213232111 9526 0
51264731113322 11293 0
51264732213311 10670 0
51267342312233 13717 0
51324671211122 8568 0
51324672212111 7393 0
51324673113311 7649 0
51324761111123 13059 0
51324763113332 8296 0
51342672212111 10070 0
51342763312223 6639 0
51367241211113 9581 0
51423671221331 10831 0
51426731111111 7205 0
51426733312211 10921 0
51472361131313 14986 0
51472633331312 9736 0
51623471321111 6362 0
51623743313321 19539 0
51624731312123 10240 0
51624733323113 10292 0
51632741323232 5231 0
51642371122313 10800 0
51642731113322 4940 0
51647231113232 7791 0
51723643131311 9975 0
51724362122222 9079 0
51724363121213 8117 0
51726433123313 10964 0
51732643121213 19779 0
51742632323231 9263 0
51742632323333 7492 0
52134761232113 11044 0
52147631121311 7995 0
52147631131211 7065 0
52147631211131 7589 0
52147631311121 8041 0
52147632111113 6836 0
52147633111112 7775 0
52163471112122 9067 0
52163471213111 7839 0
52163471312111 7992 0
52163471333123 11508 0
52163472111311 6304 0
52163472131222 9054 0
52163473111211 7002 0
52163473111331 8100 0
52163473221323 7399 0
52163473323332 12294 0
52167342121232 14625 0
52167432121313 6256 0
52167432122222 6828 0
52167432131213 7104 0
52167433133333 6981 0
52167433331333 6007 0
52174633223123 11959 0
52314673311311 14343 0
52314761322122 11140 0
52341671111111 4442 0
52341671122211 9607 0
52341671311313 7228 0
52341672211112 9601 0
52341672232313 8084 0
52341672323222 7645 0
52341672323312 12426 0
52341673133111 7328 0
52341673232213 8626 0
52341673232333 6453 0
52341673323212 10047 0
52361472121313 6913 0
52361472131312 6088 0
52367142211121 11094 0
52367412322232 7073 0
52374161112323 7241 0
52376413222223 10321 0
52463173212332 11581 0
52463713212332 10565 0
52471631223113 9524 0
52471631323112 9536 0
52614372313211 5609 0
52641733212311 8035 0
52641733232321 9398 0
52673413232123 10882 0
52713461232323 7635 0
52714361232113 5962 0
52714633213223 8457 0
52714633223123 7520 0
52731641233112 9739 0
52731641323112 9801 0
52736141322233 4958 0
52741362313211 10171 0
52741362313223 9129 0
52741632122333 5781 0
52741632123323 5660 0
52741632212213 7008 0
52741632212231 6791 0
52741632232211 6209 0
52741633221233 8866 0
52741633313312 6209 0
52741633313321 6533 0
52741633321223 8930 0
52741633323311 7683 0
52743611111213 7075 0
52743611111312 7894 0
52743611112131 8327 0
52743611113121 8133 0
52743612131111 7850 0
52743613121111 7011 0
52761431111213 8124 0
52761431111312 8209 0
52761431112131 6889 0
52761431113121 7941 0
52761432131111 7559 0
52761433121111 8714 0
52763143222331 8445 0
52763411222312 9233 0
52763411333123 5871 0
52763413222112 9463 0
52763413223312 6075 0
52763413322312 6859 0
53126471231231 7706 0
53126471231321 8063 0
53126471321321 12413 0
53146272123233 12632 0
53147262123131 10241 0
53162743312223 5799 0
53274163211222 12207 0
53421671321111 4809 0
53421671321231 7753 0
53426171112233 6894 0
53462711113322 4998 0
53467211321111 5632 0
53476121323112 11088 0
53476121323322 10997 0
53614721212121 14926 0
53621471331221 10387 0
53642171111111 7331 0
53672142221213 17949 0
53714622233111 13648 0
53721463223312 12149 0
53724612121112 15673 0
53726143333121 8457 0
53741621323112 9485 0
53741621332112 9849 0
53742612323333 11299 0
53761242121211 12093 0
53761242221213 12401 0
53761242321212 11543 0
53762143222331 8781 0
53762413322123 8047 0
54123673233323 6865 0
54126371331221 10756 0
54127632131213 7104 0
54127632222212 6994 0
54127633131212 6208 0
54127633133333 7011 0
54127633333313 6259 0
54163271133221 15849 0
54163272233111 17219 0
54167231121113 7881 0
54167231131112 7336 0
54167231221211 8296 0
54167231333213 10614 0
54167232112112 9930 0
54167232133313 8949 0
54167232333113 10723 0
54167233232333 8107 0
54167233331213 11297 0
54172633132313 14604 0
54217362233213 16214 0
54217632132212 16599 0
54231671123111 12619 0
54231673123121 11112 0
54261373123121 10012 0
54261732231233 10872 0
54276132233312 8175 0
54312671131331 7784 0
54312672212111 7675 0
54312673311311 11802 0
54317261113112 5698 0
54317621111222 10375 0
54321672212213 5988 0
54321672212231 5842 0
54321672232211 5981 0
54321673313312 5854 0
54321673313321 9314 0
54321673323311 6551 0
54321761211221 7877 0
54321763113113 11587 0
54326171111231 4715 0
54326171112233 8281 0
54326171321231 7731 0
54326711112212 10897 0
54327612223232 6914 0
54361272223232 8007 0
54362171113133 10203 0
54362711111231 5391 0
54362711323112 11511 0
54367121112212 7665 0
54367121113211 7217 0
54367121113331 7127 0
54367122211121 9664 0
54367122311111 8884 0
54367123311113 7445 0
54367211132222 5969 0
54367211213333 8674 0
54367211222132 6018 0
54367211333213 6611 0
54367212211322 8030 0
54367212231122 5809 0
54367212233213 6103 0
54367212332213 7003 0
54367212333113 5916 0
54367213112222 6685 0
54367213312133 6119 0
54371261113331 10326 0
54371621113112 5276 0
54371621113322 8299 0
54376121322233 4889 0
54376211111132 7938 0
54376211111222 8890 0
54376211113133 7277 0
54612371112311 11361 0
54612372222131 8873 0
54612732112223 9338 0
54612733322213 9325 0
54621371133311 9722 0
54621372211121 8497 0
54637211132111 9441 0
54671232221213 12578 0
54712361323313 11398 0
54712362223322 11268 0
54716232222113 10652 0
54716321112323 7337 0
54716322313223 10878 0
54721631111111 7382 0
54721631122121 9593 0
54721631311133 7859 0
54721632133232 8773 0
54721632212222 11288 0
54721632212231 11352 0
54721633231322 8135 0
54721633313321 11169 0
54721633333331 9463 0
54723612131312 6969 0
54723612221222 6241 0
54723612222212 6259 0
54723613121312 5732 0
54723613333313 5781 0
54761233322321 15784 0
54763212322232 8558 0
56123471222312 6625 0
56123471223221 9912 0
56123471331332 5690 0
56123471333123 6388 0
56123472322121 6671 0
56123472331331 6083 0
56123473133132 5836 0
56123473133231 5900 0
56123473222112 6510 0
56123473223312 5906 0
56123473322312 6229 0
56124371111231 6637 0
56124371232323 10366 0
56127433332323 8774 0
56132472333332 8356 0
56132473211111 8100 0
56132473213211 9513 0
56143273332323 7075 0
56147231222132 6713 0
56147231333213 10881 0
56147232233213 10886 0
56147232332213 6562 0
56147232333113 6497 0
56147322333233 9215 0
56173421113112 5599 0
56174232323333 8047 0
56174321232113 5439 0
56213471111111 9905 0
56213743313333 10884 0
56243173133111 11975 0
56243713121333 14489 0
56247132333233 9614 0
56271433111313 12532 0
56271433123313 12522 0
56271433132313 12045 0
56274132331133 8552 0
56274312313211 5557 0
56321473233323 7827 0
56321742211112 12823 0
56324171221331 10879 0
56327411211332 15855 0
56327413213112 15566 0
56341273121213 6233 0
56341273131212 6416 0
56347122333233 10244 0
56347211213111 7290 0
56347211222132 11189 0
56347211312111 9252 0
56347211331131 9359 0
56347212111221 11448 0
56347212111311 8090 0
56347212123233 9487 0
56347212232223 8838 0
56347213111211 7549 0
56347213131332 10879 0
56423171231231 12217 0
56423171231321 7287 0
56423171321321 8112 0
56423172112121 7456 0
56423173132121 8505 0
56423173133111 7810 0
56432713122122 9646 0
56712341232113 11030 0
56712343211123 11350 0
56721343123331 10392 0
56721432312233 18807 0
56723411113313 8047 0
56723411121113 7304 0
56723411131112 7219 0
56723411222312 10884 0
56723412122312 9502 0
56723412323222 6932 0
56723413221212 8951 0
56723413222112 10895 0
56723413331111 7940 0
56732143122113 10763 0
56741231121311 7707 0
56741231131211 8736 0
56741231211131 6899 0
56741231311121 6763 0
56741232111113 8032 0
56741233111112 8004 0
56743212122222 5792 0
56743212221222 7206 0
56743213121213 6930 0
56743213121312 6643 0
56743213331333 6016 0
57123461111111 11547 0
57164322131312 8498 0
57214361323232 6247 0
57214632212213 15771 0
57236141113232 10323 0
57236141322233 7850 0
57236141323232 4959 0
57241631322113 9611 0
57241631323112 9578 0
57246131112233 5310 0
57264132111323 10404 0
57321641311112 13859 0
57321642311132 11122 0
57364212213311 9008 0
57364212313211 9836 0
57364213332122 7416 0
57642311113322 11366 0
61234572231323 7701 0
61234573232213 12078 0
61235741313131 13474 0
61257343232123 9215 0
61274351313131 14829 0
61274532231323 9129 0
61352472233321 11315 0
61352472313211 7188 0
61452731311313 12178 0
61453721111111 12882 0
61453721311112 14244 0
61453723111121 12821 0
61472532123332 9002 0
61472533112111 9513 0
61527431111111 5580 0
61534272311132 4784 0
61534721112311 10283 0
61534721113211 9681 0
61543271111111 5260 0
61543271112311 8203 0
61572432312323 5566 0
61734523222331 12311 0
62134572321323 8912 0
62135471122121 8844 0
62135472132131 8538 0
62135473122131 8342 0
62135473123121 8354 0
62135473131131 7971 0
62135473132121 9658 0
62135473232231 15086 0
62135473322321 15246 0
62135743222331 8714 0
62135743312223 11623 0
62147353123121 9851 0
62147353132121 8991 0
62154733321121 9386 0
62157342132212 13670 0
62173543232132 10449 0
62174351122133 9619 0
62174533311212 14245 0
62317453112111 4694 0
62317453312211 7776 0
62351743112123 14358 0
62371453311311 10209 0
62374511322311 9258 0
62374513112321 11024 0
62374513312112 9409 0
62435172211133 5777 0
62435172311132 5336 0
62435711222222 8043 0
62453713311122 5310 0
62471532232133 6810 0
62475131322323 7425 0
62531472321233 11090 0
62543711211113 10152 0
62543711311112 9235 0
62571432321233 9122 0
62735143223213 7783 0
63125741112323 11472 0
63125743131233 8088 0
63125743133312 7466 0
63142571111111 14303 0
63142571132321 10698 0
63142573112123 17818 0
63172452312323 10801 0
63172452313211 7240 0
63174522332132 10268 0
63247511123132 12350 0
63251743133231 14248 0
63452711311313 7240 0
63452712333221 9530 0
63471522123131 12916 0
63471522323132 12905 0
63471522332132 14131 0
63472512123332 10216 0
63512743313333 15694 0
63541271212211 12742 0
63542713121333 13773 0
63574212123131 10996 0
63574212313211 7237 0
63712542221111 10158 0
63714252123131 4883 0
63714521112323 10477 0
63714522332132 7120 0
63721541233322 7507 0
63724153121213 9745 0
63725141112323 8069 0
63725141233121 14458 0
63725142123131 5466 0
63725142223133 4283 0
63725143122113 16336 0
63725143123313 12604 0
63741252222323 10669 0
63741522123131 5190 0
63742511232221 12599 0
63745123122212 8069 0
63751242221321 9108 0
63751423122311 12472 0
63752141111111 5955 0
63752141122211 9064 0
63752141123213 9486 0
63752142332132 9415 0
63752143123223 9062 0
63752143212323 12869 0
63752143223123 9006 0
63752411223212 10939 0
63752411333213 8349 0
63752412312323 8380 0
63752412322112 10897 0
63752412333113 8390 0
63754213122122 11154 0
64125371131313 12869 0
64157321133212 19681 0
64231572311132 5438 0
64257131113223 7981 0
64271533221212 8838 0
64275131212223 11956 0
64275131312123 11957 0
64275132211133 5283 0
64275132232133 4699 0
64275133231112 12115 0
64275133312211 6155 0
64275311112332 8562 0
64275311222222 7683 0
64275313312211 11446 0
64321572111131 14048 0
64321572132131 13829 0
64321572311132 11617 0
64325713121222 16724 0
64351272132131 10530 0
64357212313211 10296 0
64357213231322 6783 0
64357213312211 8845 0
64531271212211 7647 0
64531272132131 7352 0
64531273122131 8069 0
64531273123121 9569 0
64531273311311 7106 0
64531273312211 7336 0
64572131122223 8409 0
64713253112111 5731 0
65123471112311 8294 0
65123471233232 7353 0
65123472312311 9381 0
65132471212112 12238 0
65132471222111 10578 0
65132471231321 6606 0
65132471323121 12430 0
65132472131231 10712 0
65132472212231 8126 0
65132472233321 5974 0
65132473111331 10005 0
65132473313312 7872 0
65132473323311 9488 0
65132741223323 8810 0
65132743222331 9970 0
65134721233232 11682 0
65147321232113 6684 0
65172431132333 10541 0
65174232123131 5626 0
65174232133313 10577 0
65174232323312 8501 0
65174233323212 8534 0
65174233331213 10851 0
65174322313211 9734 0
65174323223123 8880 0
65213741111111 10856 0
65241371111111 10946 0
65243712121322 10364 0
65271341332331 12458 0
65271432231233 8590 0
65274131111111 13929 0
65274131311313 8506 0
65274131312213 9017 0
65274132123332 7887 0
65274133132223 9306 0
65274133232321 5805 0
65274133312223 8944 0
65314272311132 15708 0
65314272313211 7388 0
65321472111122 10811 0
65417321232113 14225 0
65417323223123 12938 0
65417323232123 12791 0
65423713321322 12047 0
65432173232321 5047 0
65471231132213 12703 0
65714323223123 10842 0
65723143321313 8109 0
65732411333123 8914 0
65742311212313 17604 0
67132541133311 13467 0
67145323133312 7519 0
67154233323332 10623 0
67215343333133 12093 0
67231541323112 11114 0
67231543323122 11268 0
67234513332122 10570 0
67245131313323 8471 0
67245311112311 13977 0
67245311133233 8660 0
67254311131133 7687 0
67254313311113 8189 0
67312452233321 6920 0
67312541121221 7885 0
67312542221111 8570 0
67321451111123 7774 0
67321451112311 7307 0
67321451212211 12094 0
67321451311133 7828 0
67321452111122 7479 0
67321453113311 7991 0
67321542232133 5623 0
67341252222323 9006 0
67342512222113 8628 0
67345122223133 5432 0
67345122232133 5803 0
67345211111123 8058 0
67345211111132 8640 0
67345211112233 15627 0
67345211113322 15154 0
67345211211122 7758 0
67345211311133 7832 0
67345212111122 9054 0
67345213111133 8118 0
67354121111111 5143 0
67354211212121 10722 0
67354211313113 11316 0
67354211333111 11442 0
67354212111221 8550 0
67354212212222 11166 0
67354212311132 5394 0
67354213111313 12678 0
67354213131311 12252 0
67354213211132 6903 0
67354213313333 10942 0
67412353132121 11796 0
67412353332221 10118 0
67412531131133 10411 0
67435121332112 7395 0
67435123123121 7720 0
67452313321232 10296 0
71234563231322 10223 0
71263541333222 9467 0
71263542323123 18245 0
71264533131323 7249 0
71264533221323 7253 0
71264533231223 7281 0
71264533231313 7912 0
71326451211311 6517 0
71326453132121 10396 0
71326543333313 18808 0
71345262132131 9484 0
71362453113311 10128 0
71365423331312 12139 0
71423563213232 8728 0
71423653213232 9237 0
71426353312211 5533 0
71426533333223 10522 0
71432561232323 13830 0
71432561323232 5711 0
71432562111221 7872 0
71432563232213 8489 0
71432563323113 8848 0
71432563323122 9430 0
71432563332113 8919 0
71435261322233 6137 0
71435262222122 12238 0
71435263211123 5183 0
71435263311122 4679 0
71435263333133 12081 0
71435263333223 11930 0
71435623333331 7544 0
71436253333112 8523 0
71452363213232 9640 0
71452632222131 13398 0
71453262222221 8819 0
71453623311122 6785 0
71456321322323 9807 0
71456322111221 8973 0
71462531113322 5737 0
71462532111212 8617 0
71462532121112 8650 0
71462533111223 12583 0
71462533221113 11673 0
71463523331222 12506 0
71523463131311 12416 0
71523463231313 12651 0
71523463331312 12023 0
71532463221332 8193 0
71534262122222 8154 0
71542633132322 10388 0
71543622111131 9365 0
71543623111121 9968 0
71546233331213 14450 0
71546322231212 9715 0
71562433123232 7952 0
71563243221221 12479 0
71625433213133 17571 0
71643252231212 14341 0
71643523331213 13698 0
72134562312212 12945 0
72136541322233 12092 0
72143563222331 10636 0
72143651121113 7865 0
72143651131112 6938 0
72143651213111 8133 0
72143651312111 7688 0
72143652111311 8087 0
72143653111211 7159 0
72145631233223 15696 0
72145633232231 15577 0
72145633312223 15672 0
72146352232223 10280 0
72163452122222 7089 0
72163453121213 6091 0
72163453131212 7204 0
72163453133333 6351 0
72163453331333 6879 0
72164353131113 14675 0
72165431113331 8700 0
72165432111113 6707 0
72165432111122 11529 0
72165432211112 11523 0
72165432323312 7892 0
72165433111112 6474 0
72165433121333 10931 0
72165433221233 10827 0
72165433233323 7498 0
72165433321223 10637 0
72165433331213 9375 0
72345611111111 4474 0
72345611133113 7412 0
72345611221223 11321 0
72345611222222 9322 0
72345611331332 11628 0
72345612122111 7905 0
72345612331331 10810 0
72345613221221 11551 0
72345613333331 9822 0
72356141112323 7162 0
72356141232113 11368 0
72356143211123 11263 0
72361453232333 6746 0
72361542333233 11888 0
72365412222212 5843 0
72365413121312 6573 0
72365413131212 5713 0
72365413331333 6389 0
72435163333313 8447 0
72513641232323 8014 0
72513641233322 10106 0
72516342313223 4923 0
72531463321232 9597 0
72534163211123 5217 0
72541631111213 7179 0
72541631111312 8112 0
72541631112131 8158 0
72541631113121 7705 0
72541632131111 7895 0
72541633121111 6957 0
72543162311111 9569 0
72543163211111 10362 0
72543611221223 6107 0
72543611223221 6699 0
72543611331332 7584 0
72543611332331 6436 0
72543612331331 6104 0
72543613132232 8906 0
72543613133222 8839 0
72543613221221 6911 0
72543613223312 5770 0
72543613322312 5641 0
72546311323112 8439 0
72546313323212 7469 0
72561342313223 7768 0
72561432213122 6616 0
72561433221233 6551 0
72561433311233 10783 0
72561433321133 6400 0
72561433321223 10870 0
72563411111213 8858 0
72563411111312 7826 0
72563411112131 6884 0
72563411113121 7026 0
72563412131111 8126 0
72563413121111 8159 0
72643513212311 7139 0
72643513212332 7861 0
73125463133132 12445 0
73146522113231 9275 0
73246153312211 10923 0
73456123231322 10510 0
73516243323113 9449 0
73516243332131 9442 0
73541262321212 9444 0
73542163321133 15891 0
73542613132121 8554 0
73542613132322 7637 0
73564213321322 10655 0
73614251112323 5677 0
73615241112323 7367 0
73615241113322 6279 0
73615242223133 4677 0
73615243123313 17329 0
73615243213313 17105 0
73615243331312 17219 0
73615243332311 16991 0
73615421113322 11494 0
73615423213211 7966 0
73615423333331 7489 0
73624513121132 10577 0
73624513332131 10372 0
73625141112323 5602 0
73625143121213 9252 0
73625143333313 8871 0
73625412222323 9863 0
73642511111111 4276 0
73642511113232 6069 0
73642511113322 5955 0
73642513223222 13156 0
73645121113211 11640 0
73645122222311 8899 0
73645211223113 9988 0
73645211231111 14993 0
73645211321111 5536 0
73645211332112 10306 0
73645213112231 14938 0
73645213333112 9654 0
73651241113322 16510 0
73652413211312 12621 0
73652413331321 14004 0
73654122111122 8833 0
73654122221111 10065 0
73654211111132 13200 0
74123563323221 8400 0
74123652322121 6732 0
74123653132232 10768 0
74123653133132 6516 0
74123653133222 6447 0
74123653133231 10907 0
74125631313311 8818 0
74125632121121 11504 0
74125632122111 11510 0
74125632131111 6419 0
74125632321332 7628 0
74125633121111 6726 0
74125633131233 9275 0
74125633132232 10540 0
74125633133222 10740 0
74125633133312 10828 0
74125633332323 7473 0
74126352333122 8065 0
74132561321231 6014 0
74132562121121 11679 0
74132562122111 11569 0
74132563131221 13107 0
74132563132112 11873 0
74136522322121 10642 0
74152363132232 8032 0
74152363133132 7182 0
74152363133222 7365 0
74152363133231 7150 0
74156322122123 8597 0
74156322122321 8630 0
74156322313223 5721 0
74156323132331 11737 0
74156323133123 10661 0
74163251121122 9946 0
74163252112211 8320 0
74163252131111 7906 0
74163253121111 7360 0
74163253131332 8830 0
74163253133132 10742 0
74163253133213 11173 0
74163253133231 10632 0
74163253332323 6574 0
74165231121212 10580 0
74165231131313 9330 0
74165231212121 8833 0
74165231313131 8789 0
74165232111212 9085 0
74165232121112 9160 0
74165232121211 9019 0
74165233111313 9127 0
74165233131113 9288 0
74165233131311 9040 0
74165233131323 9690 0
74165233132313 9486 0
74165233231313 9450 0
74213652323132 10259 0
74251633111313 9802 0
74256311321222 17256 0
74256313111232 19682 0
74265312333233 9655 0
74312652333332 10689 0
74321563311131 11092 0
74321653233323 7094 0
74325163131323 14207 0
74325612221222 5875 0
74325613121312 6574 0
74325613131212 6093 0
74325613133333 6331 0
74361253112132 17238 0
74361253211231 15730 0
74365211121221 10510 0
74365211213111 6386 0
74365211312111 6433 0
74365211313113 8693 0
74365211333111 8772 0
74365212111311 7848 0
74365212222323 8823 0
74365212333332 7788 0
74365213111211 7432 0
74365213121333 11205 0
74512361322233 10796 0
74512362313223 11419 0
74513263121222 18127 0
74521632222212 6953 0
74521633121213 7004 0
74521633121312 6380 0
74521633133333 5978 0
74521633333313 7103 0
74523611121113 7540 0
74523611131112 8683 0
74523611213111 6864 0
74523611312111 7909 0
74523612111311 8184 0
74523613111211 8102 0
74532163123223 10526 0
74561231111222 8201 0
74561232111113 7236 0
74561232221111 9828 0
74561233111112 7789 0
74561233131233 11273 0
74561233233323 6527 0
74561233311233 10509 0
74561233321133 10626 0
74561233321313 8927 0
74563211232332 15898 0
74653213133222 14000 0
75132463233233 12576 0
75143263231313 11487 0
75146321323331 13188 0
75213642223133 6049 0
75231463211123 7101 0
75234161322233 7990 0
75234162221111 12676 0
75236143213232 10480 0
75241632222323 10711 0
75243162211322 18986 0
75243611113232 7061 0
75243613213232 9291 0
75246131333312 12828 0
75246311111111 5573 0
75246313212311 7594 0
75246313312211 6635 0
75246313332332 15031 0
75261432123233 8422 0
75264132121232 11702 0
75264132223331 6113 0
75264132321212 11596 0
75264133121333 12139 0
75264133331213 10816 0
75264311223122 10293 0
75264313231112 10917 0
75312463333133 10034 0
75314621133221 17921 0
75314621313212 14328 0
75314623113122 10578 0
75316241231231 9623 0
75321461311112 9846 0
75321463132121 9836 0
75346122133133 8487 0
75346211133122 15406 0
75346211211311 10177 0
75346211311211 13416 0
75346212323333 8842 0
75346213112132 15336 0
75346213132121 8765 0
75346213132322 9349 0
75346213332122 8248 0
75412631223332 9363 0
75416323232213 10468 0
75431263133213 8098 0
75462132123212 10524 0
75613243131332 7984 0
75613243133213 10150 0
75634123323122 10344 0
75641323232111 10326 0
75642132213311 11966 0
76123453233323 8796 0
76125343333133 11097 0
76143252131312 6356 0
76143252221222 6921 0
76143253131212 7128 0
76143253331333 7076 0
76143253333313 5880 0
76145231121113 6489 0
76145231122112 11407 0
76145231131112 7739 0
76145231221112 11413 0
76145231311331 8802 0
76145232123332 7960 0
76145232233213 10656 0
76145232331313 10957 0
76145232332213 10852 0
76145233133213 9399 0
76145233232333 7381 0
76154323333112 10421 0
76213543213133 13713 0
76213543311332 12497 0
76215341231231 8468 0
76215433333133 12540 0
76231451123111 11569 0
76245311121131 13549 0
76245311131121 5305 0
76245311213312 17317 0
76245312132131 8780 0
76245313122122 9043 0
76245313123121 9389 0
76253141123132 11882 0
76253141211332 8881 0
76253413322312 13016 0
76254133311323 18061 0
76254313211111 15244 0
76312452212111 12294 0
76312453211111 8086 0
76312453311311 7578 0
76312542321212 9399 0
76312542322121 12999 0
76312543322222 12720 0
76315241112113 14801 0
76315241113112 5623 0
76315241223113 9065 0
76315241322122 9242 0
76315241323313 9487 0
76315241332112 8482 0
76315243211231 15690 0
76315243323323 9529 0
76321452122123 6607 0
76321452122321 6717 0
76321452122333 6006 0
76321452123323 6321 0
76321452212231 9933 0
76321452213122 6692 0
76321453233131 6493 0
76321453311233 5916 0
76321453313312 6102 0
76321453321133 5852 0
76321453323311 5709 0
76321542211112 7517 0
76321543211111 8234 0
76321543311131 7408 0
76324151112233 7979 0
76324151112323 9848 0
76324153323122 8237 0
76325411111213 7440 0
76325411111312 7133 0
76325411112131 6365 0
76325411113121 6448 0
76325411122121 8940 0
76325411331311 8787 0
76325412112121 8868 0
76325412231212 9154 0
76325412333233 8550 0
76325413222223 8153 0
76341251111213 6202 0
76341251111312 7616 0
76341251112131 7863 0
76341251113121 8014 0
76341251221121 9169 0
76341251311313 8111 0
76341252232313 7850 0
76341252323333 12320 0
76341253221212 9156 0
76341253233131 11605 0
76342511111231 5321 0
76342511111321 14113 0
76342511323112 8546 0
76342512232223 8340 0
76342513213112 15688 0
76342513322111 15450 0
76342513323122 9455 0
76342513323212 7946 0
76345122211112 8859 0
76345122211121 8238 0
76345122213311 15121 0
76345122311111 9312 0
76345123211111 8050 0
76345123311113 8418 0
76345123311131 7990 0
76345123312211 14964 0
76351421112323 10367 0
76351421113322 8181 0
76351423321232 7447 0
76354121121212 12252 0
76354121122121 7748 0
76354121311313 8003 0
76354121313131 10020 0
76354122111212 10593 0
76354122112121 9369 0
76354122212222 10556 0
76354123211123 5854 0
76354123211132 6707 0
76354123313333 14881 0
76354212213323 9159 0
76354212312233 9603 0
76354212313322 9305 0
76354212333332 9005 0
76354213222223 9349 0
76354213312223 9221 0
76421351131121 5482 0
76512343213313 10217 0
76512343332311 10265 0
76514321112323 7117 0
76514321232113 10901 0
76521433232333 8677 0
76523413223231 18707 0
76524313331222 12763 0
76541232131213 6183 0
76541232221222 7116 0
76541233121213 7228 0
76541233331333 6376 0
76541233333313 6980 0
76543211111111 7280 0
76543211212112 9491 0
76543211223221 11260 0
76543211332331 11290 0
76543211333333 9374 0
76543212132323 8249 0
76543212222221 11188 0
76543212323213 8681 0
76543213113131 8288 0
