12345672121232 14735 0
12345672123212 13586 0
12345672321212 13780 0
12345673131323 12901 0
12345673132313 15958 0
12345673231313 15271 0
12345761111111 10592 0
12346571111231 9753 0
12346751113133 12935 0
12347561112212 13637 0
12347651111111 23728 0
12347651122112 18914 0
12347651133311 17373 0
12347652111221 15500 0
12347652123233 18980 0
12347652123332 22630 0
12347652223232 9541 0
12347653111133 16796 0
12347653132223 17401 0
12347653132322 17437 0
12347653332323 8867 0
12354671111111 9735 0
12354761112323 11705 0
12354762121112 13253 0
12354762121211 13335 0
12354762311123 13233 0
12354763131131 13221 0
12354763133111 12558 0
12354763211123 9619 0
12356471113133 13132 0
12356741133131 13050 0
12356741313131 11367 0
12356743113131 11599 0
12357461111222 14097 0
12357461113331 12270 0
12357462211112 10586 0
12357641113331 13069 0
12364571112212 13492 0
12364751112212 12747 0
12364751113133 15898 0
12364753311131 9468 0
12365471111111 16356 0
12365471211122 16876 0
12365471313113 15403 0
12365472223232 9989 0
12365472321233 18246 0
12365473232312 16618 0
12365473332323 9856 0
12365741113331 13262 0
12367451123333 10259 0
12367451132222 10894 0
12367451213333 11696 0
12367451312222 10359 0
12367452113333 11917 0
12367453112222 15887 0
12367541112212 14826 0
12367541113331 17343 0
12367541331131 9631 0
12374561121212 11273 0
12374561211212 11654 0
12374562111212 12423 0
12374651111222 14563 0
12375461111222 14403 0
12375641113112 12730 0
12376451111222 13717 0
12376451113133 17432 0
12376451221211 10263 0
12376541112323 9456 0
12376541232233 14059 0
12376541322233 10955 0
12376542121232 13491 0
12376542123212 12336 0
12376543133132 14273 0
12376543133231 13375 0
12456731132321 20064 0
12456731233223 12055 0
12456733223321 12564 0
12463751231231 19086 0
12467351131121 11146 0
12467351231321 10536 0
12473561132123 12706 0
12536741112323 17933 0
12537461332112 11763 0
12543671111111 23820 0
12543671211212 15602 0
12543671331113 16888 0
12543672121121 19008 0
12543672321332 22723 0
12543672322232 9640 0
12543672331232 19080 0
12543673111331 17475 0
12543673221323 17466 0
12543673231223 17418 0
12543673233323 8889 0
12546371221331 14442 0
12563472131213 10229 0
12563473131212 12800 0
12564733323122 12194 0
12567433232333 13065 0
12576343212221 18120 0
12637451132111 18451 0
12637451332112 15086 0
12643571321321 12950 0
12645371131121 12616 0
12673542331133 18855 0
12734561112323 17314 0
12734561322233 17467 0
12734562313223 17073 0
12745631111111 23802 0
12745632111122 17358 0
12745632212213 15200 0
12745632222221 15382 0
12745632232211 15380 0
12745633131131 17675 0
12745633313312 15066 0
12745633313333 18374 0
12745633323311 17640 0
12753462231323 12917 0
12763452322232 9842 0
12765432121313 10470 0
12765432222212 10011 0
12765433121213 10016 0
12765433331333 10398 0
13245671321111 10618 0
13246571111111 8554 0
13246571112233 9718 0
13246571113232 13115 0
13246572321332 13352 0
13246572331232 13277 0
13246573221233 13045 0
13246573321223 13271 0
13246752133211 18717 0
13247563212131 18004 0
13254761322233 13271 0
13254761323322 12741 0
13254762321233 17091 0
13254763323122 11209 0
13257641112233 15952 0
13265741112323 12806 0
13265742131312 16703 0
13267451122211 9441 0
13267451311133 14702 0
13267541111132 16181 0
13267541232212 13324 0
13274651112323 11012 0
13275461112233 21587 0
13275463213211 14065 0
13275641112233 10177 0
13275641112323 9542 0
13275642131333 13774 0
13275643212221 15524 0
13276451113211 15503 0
13276451233133 14888 0
13276541133122 21618 0
13276541213312 27222 0
13276541321123 22500 0
13276541322311 20935 0
13276541323112 13873 0
13276541323322 13161 0
13276542323312 13010 0
13276543323122 13614 0
13462571111111 18005 0
13462572213311 17530 0
13527461211113 11718 0
13542671231231 12811 0
13546271213213 9485 0
13546271231231 15780 0
13546271321321 12632 0
13572641122133 9906 0
13576241312213 16180 0
13576241321321 13740 0
13627451332112 15752 0
13642571221223 11480 0
13642571223221 11246 0
13642573221221 12923 0
13645271221331 13143 0
13647521111111 11516 0
13675241112323 16178 0
13675242331313 13477 0
13725642332132 15497 0
13754262123323 20247 0
13762451321321 18987 0
13764251211311 11225 0
13764252323231 14733 0
13765422121211 26975 0
14263751131121 10556 0
14267351321321 13147 0
14275633323122 14437 0
14325671111111 16472 0
14325672112121 16998 0
14325672231323 17730 0
14325672323222 10111 0
14325673123232 18153 0
14325673232333 9754 0
14325673311131 15516 0
14327652131213 12918 0
14327653121213 10137 0
14352672212111 13469 0
14356721112323 18127 0
14356721322233 17650 0
14367252322232 10253 0
14367523311113 12190 0
14523672121313 10330 0
14523673121312 11994 0
14527631121311 11025 0
14527631131211 8747 0
14527631133311 16292 0
14527631211131 11854 0
14527631311121 11826 0
14527632122213 18504 0
14527632212111 17318 0
14527632333332 18439 0
14527633132322 17034 0
14527633312133 16132 0
14536273311311 13480 0
14537622231323 17529 0
14563272323222 10355 0
14567231312213 18539 0
14567231321123 18401 0
14573261333111 12324 0
14625731111111 16257 0
14625731131121 10356 0
14625731322233 24628 0
14625732112121 13403 0
14625732113321 15458 0
14625732213323 16211 0
14625732233111 14591 0
14625733133111 13529 0
14632571111111 19162 0
14632571321132 12613 0
14652733321331 13200 0
14673251111111 9886 0
14723651111213 9651 0
14723651111312 8862 0
14723651112131 12107 0
14723651113121 15524 0
14723651211212 19098 0
14723652322121 14836 0
14723652331232 17751 0
14723653232222 17616 0
14723653313111 16306 0
14723653321313 16839 0
14725361111111 16243 0
14725361111123 14779 0
14725361322332 23156 0
14725362211121 14581 0
14725363211213 16219 0
14725363213121 14494 0
14725363223213 15950 0
14725363311113 13951 0
14726531223122 16077 0
14726531232122 15391 0
14726531233313 15026 0
14726531333312 14736 0
14726532232313 12428 0
14726533323122 13415 0
14735621221112 14158 0
14735621223113 12866 0
14735621223332 23019 0
14735621233112 14824 0
14735621323112 14244 0
14735621332112 13551 0
14735621333111 12742 0
14735621333222 23380 0
14736251111132 11046 0
14736251112332 10889 0
14736253222223 11544 0
14736521132222 13158 0
14736521133131 13871 0
14736521211212 15610 0
14736521213333 13619 0
14736521221313 15224 0
14736521321231 13358 0
14736521322233 8635 0
14736521332121 14837 0
14736523112222 13187 0
14736523113131 13111 0
14752363222121 14973 0
14752363232222 13919 0
14752363233131 13188 0
14752631111111 17000 0
14752631112311 15959 0
14752631323223 22158 0
14752632332132 13762 0
14752633213223 13001 0
14752633222223 13358 0
14752633223123 13135 0
14752633223231 23021 0
14753261221112 10539 0
14753261323112 12744 0
14753261333111 11590 0
14762351221331 13015 0
14762351321231 12984 0
14762351331221 14849 0
14763251221223 10792 0
14763251222312 10451 0
14763251332331 12955 0
14763251333123 9817 0
14763252322121 8682 0
14763253132232 8868 0
14763253133132 8653 0
14763253133222 9829 0
14763253133231 9135 0
14763253221221 10022 0
14763253222112 10576 0
14763521113211 10718 0
14763521113223 11970 0
14763523222331 17800 0
14765231111213 10066 0
14765231111312 10354 0
14765231112131 9122 0
14765231113121 12840 0
14765231133131 16675 0
14765232211211 16876 0
14765232232322 16816 0
14765232331313 17782 0
14765233113131 16807 0
14765233323332 16149 0
15236471111111 12996 0
15236473231121 12988 0
15243671331221 13519 0
15246371331332 12311 0
15246371332331 11532 0
15246372331331 11156 0
15267431223113 13117 0
15273641112323 17956 0
15324673113311 13105 0
15342671211311 9634 0
15346271321321 13369 0
15367421211113 19276 0
15367421223113 14686 0
15367423211123 14369 0
15426371111111 18010 0
15426371112233 17783 0
15463271313113 12071 0
15624732123212 16592 0
15624732133313 14758 0
15624732333332 14213 0
15627431223113 10816 0
15627431322113 15591 0
15627431332112 12226 0
15634722123332 9494 0
15634722321233 11093 0
15637423211123 10889 0
15642371111111 11257 0
15642372213311 11050 0
15642372231332 14064 0
15642372331322 12299 0
15642373212311 14084 0
15642373221323 13260 0
15642373231223 14161 0
15643271221331 17367 0
15643271331221 14849 0
15643273223111 9723 0
15647233213232 13301 0
15672341113232 11749 0
15672341323112 12738 0
15672342323312 11392 0
15672343213232 12656 0
15672433312133 20319 0
15724362212132 14036 0
15724631111111 15678 0
15724631211311 9889 0
15724631322233 22834 0
15724632123233 12954 0
15724632313223 25519 0
15724632323231 13536 0
15724632323333 12887 0
15724633132322 12305 0
15734622331223 13710 0
15746321111111 17483 0
15746321323211 11460 0
15746322313112 10951 0
15762342122213 16739 0
15763241111111 9573 0
15763242323132 13517 0
16243571132132 10606 0
16243571231231 13983 0
16243571321321 12151 0
16245371231231 14277 0
16254733312223 16416 0
16257431132111 11603 0
16257433223123 14962 0
16273541122133 17647 0
16273541321321 13534 0
16275341312213 14768 0
16275343122221 16671 0
16327453232333 9610 0
16342571331221 13015 0
16345271111111 16453 0
16345271133131 15502 0
16345271222111 16969 0
16345272322232 10084 0
16345272333212 16687 0
16345273122323 18583 0
16345273233323 9875 0
16347252131312 11972 0
16347253121312 10303 0
16357421223113 12438 0
16374521112323 18135 0
16374523211123 17902 0
16423572112121 12460 0
16427531211311 11157 0
16427531231321 8426 0
16427532333233 18684 0
16453271111111 19367 0
16453271211113 14251 0
16453272111131 14563 0
16475233132313 19155 0
16523473332323 9637 0
16523741112212 12780 0
16524731112212 16574 0
16524731112233 13086 0
16524731113133 13821 0
16527341111111 10818 0
16527431123333 12035 0
16527431222132 10542 0
16527431312222 10264 0
16527431333213 9970 0
16527432113333 12609 0
16527432211322 11203 0
16527432231122 9217 0
16527432231332 9103 0
16527432331322 9418 0
16527432333113 10043 0
16527433312133 9312 0
16532471111222 13159 0
16534271111111 10816 0
16534271111132 8771 0
16534273211111 10908 0
16534723211123 8537 0
16537421111222 13084 0
16537421113322 12268 0
16537421113331 13261 0
16537421223113 11815 0
16537421233112 15854 0
16537421332112 11344 0
16542371221331 13737 0
16542371331221 17451 0
16542372112331 10364 0
16543271221223 15761 0
16543271223221 10240 0
16543271331332 11803 0
16543271332331 11580 0
16543272331331 10141 0
16543273221221 10773 0
16543721111111 9358 0
16543721113211 8785 0
16547233332323 11549 0
16547321113331 15001 0
16572431111111 12843 0
16572433213223 15048 0
16573241123123 10111 0
16573241312312 11486 0
16574231113133 13197 0
16723451122133 16171 0
16723451322311 16697 0
16725431121311 9629 0
16725431131211 9773 0
16725431211122 17045 0
16725431211131 12100 0
16725431311121 8664 0
16725432211121 18523 0
16725432232223 15913 0
16725433113311 16167 0
16725433122212 14582 0
16725433333232 16450 0
16735242122213 14401 0
16742352232313 11680 0
16743252323222 9510 0
16745232121313 10335 0
16745232122222 9261 0
16745233121213 9863 0
16745233333313 11965 0
16753241221112 12312 0
17246351111111 17063 0
17265433111313 14659 0
17324561211323 17617 0
17324561232332 10688 0
17326452212111 13281 0
17356241212313 11774 0
17356242211331 24057 0
17362451211311 10936 0
17362451231321 11019 0
17362452213311 8894 0
17364251231231 13596 0
17423653213232 13482 0
17425631122112 14115 0
17425631223113 13239 0
17425631313113 12772 0
17425631322113 14673 0
17425631322332 23257 0
17425631323112 14345 0
17425631323223 21246 0
17425631332112 13364 0
17426531112233 10935 0
17426531121212 13766 0
17426531132312 14379 0
17426531213123 20189 0
17426531223221 14609 0
17426531232233 10372 0
17426531313131 13319 0
17426531331332 15358 0
17426532121211 12092 0
17426532331331 15803 0
17435622211133 9262 0
17435623211123 9384 0
17436521323232 12599 0
17452363213232 12769 0
17452363322132 15056 0
17452633213232 13570 0
17453262211133 10927 0
17462352213311 9917 0
17463251122112 14375 0
17463251221331 17496 0
17463251313113 11547 0
17463251321231 13240 0
17463251323112 13637 0
17463251331221 16660 0
17526431131121 11121 0
17526431231321 9008 0
17526432123233 12022 0
17543261111111 15189 0
17543261132111 14213 0
17642531111111 17628 0
17642531112233 23084 0
17642533312211 18318 0
17643251122112 12352 0
21345671111111 12714 0
21345762223322 13893 0
21345762312323 9663 0
21345762313223 10155 0
21345763332233 15506 0
21346752313322 9883 0
21347562312323 18079 0
21354671122112 12169 0
21354671131313 14252 0
21354671221112 12158 0
21354672311123 13968 0
21354672311132 11070 0
21354672313211 28874 0
21354673131113 13349 0
21354761112233 27341 0
21354761112311 13773 0
21354761113211 13277 0
21354761113322 21734 0
21354761122211 13130 0
21354761133311 13585 0
21354762213311 22478 0
21354763312211 20916 0
21357462311111 17775 0
21357463213331 13508 0
21357642221132 18983 0
21364752311111 16301 0
21364753212212 13718 0
21365742221312 13379 0
21365742312323 16299 0
21367451311331 11389 0
21367452112112 10005 0
21374653333121 18093 0
21375462312233 14745 0
21375463333211 17102 0
21376541111123 11647 0
21376541112311 12638 0
21376541122211 11374 0
21376541131133 12552 0
21457631321123 24041 0
21473563331312 20012 0
21536742222131 26188 0
21654372231323 12674 0
21654372233321 11763 0
21654373332122 11274 0
21654373332221 12757 0
21734652123131 17774 0
23147562123131 12805 0
23147651112323 11214 0
23147652312323 8676 0
23156471222132 14512 0
23156471333132 14864 0
23156473323332 16616 0
23157461231333 17694 0
23157462131123 20079 0
23164573213133 13075 0
23164752131312 15021 0
23164753333313 14134 0
23165471111111 10375 0
23165471311133 13406 0
23165471312132 14621 0
23165472111122 13287 0
23165472111332 15480 0
23165472132332 16091 0
23165472311111 16137 0
23165473233221 24505 0
23165741112323 9513 0
23165741231312 14111 0
23165742123131 7753 0
23165742131321 13976 0
23165742131333 23687 0
23165742312323 11563 0
23165743331312 23699 0
23167541233322 13807 0
23167542131222 14922 0
23174652123131 8822 0
23175463211222 14975 0
23176452132221 17162 0
23176453332233 16759 0
23416752121211 16097 0
23417563232123 11502 0
23456173212332 10982 0
23456173233122 9513 0
23456713212332 12465 0
23475162121112 13935 0
23517462131333 16368 0
23576412233321 16996 0
23576412312323 16792 0
23657142121112 21151 0
23671452122333 22277 0
23674153232321 9932 0
23751461132123 11266 0
23751463112321 11150 0
23756143222331 14139 0
23756411222312 11305 0
23756413222112 11625 0
23756413223312 11318 0
23756413322312 11859 0
24153672321233 13184 0
24157361313212 12453 0
24157362323111 12430 0
24167353132232 20495 0
24173652323231 8579 0
24315673311311 13238 0
24315761122322 18652 0
24315762213323 12930 0
24351671212211 14735 0
24351673111133 9746 0
24351673311311 17246 0
24351761111123 16156 0
24351761212232 13448 0
24367511323112 13628 0
24367513111121 9549 0
24376512222122 16723 0
24516732233111 9253 0
24531673123121 12450 0
24536713231232 14798 0
24537613231322 18810 0
24561372111131 9774 0
24563711121212 13440 0
24563712121232 14008 0
24563713121222 19544 0
24571362221213 20947 0
24571631121212 14932 0
24615371112332 13496 0
24615372213311 16276 0
24615731122313 23816 0
24615731132333 14089 0
24615732111323 23807 0
24615732213311 11542 0
24615732233321 9635 0
24615733113323 13954 0
24615733311122 7502 0
24617532233321 15667 0
24637512311132 12605 0
24651731113223 15042 0
24651731333333 13713 0
24715363311332 14368 0
24715631111111 14952 0
24715631122121 13656 0
24715631122133 15683 0
24715632313223 21576 0
24715633112111 10048 0
24715633131131 12089 0
24716532323231 15495 0
24731561111111 19134 0
24731562311231 12399 0
24736512222332 18103 0
24751362221231 18088 0
24751362321113 19532 0
24761531221223 20752 0
24763151111111 9492 0
24765313222112 23694 0
25134672233321 23182 0
25134672312323 18414 0
25134672313211 17734 0
25137461111111 12472 0
25137461211323 10988 0
25163741112323 15544 0
25314673111313 13017 0
25314673111331 11344 0
25314673131311 11573 0
25341673113311 13045 0
25341762313223 15935 0
25364172311231 19683 0
25364173223231 10615 0
25367411211122 12429 0
25413672323111 19779 0
25413763121222 19841 0
25436711311313 13371 0
25436712123122 15163 0
25436712123332 12804 0
25436712132122 16499 0
25436712323231 15595 0
25436713232321 12399 0
25436713332122 13165 0
25463713212332 14862 0
25471362323132 9399 0
25471631312213 20314 0
25631741212121 21140 0
25634713321232 14251 0
25641371213132 18955 0
25714632123131 10522 0
25714632223331 13431 0
25714632313211 26669 0
25714633121333 17192 0
25716431212223 16739 0
25716433223213 22089 0
25731642232211 19981 0
25734162221111 12465 0
25734613113323 21103 0
25736141111123 8588 0
25736141233232 15155 0
25736411133113 13937 0
25736411231321 11066 0
25736411321312 14127 0
25736411331113 13114 0
25736413123112 16300 0
25741361232113 12684 0
25741632222323 13032 0
25741632312323 12709 0
25743611233232 20945 0
25763142223133 12090 0
25763411332322 9719 0
26135742132221 18334 0
26135742213323 9254 0
26135742332312 17584 0
26153471122121 12110 0
26153473131131 10698 0
26153473132121 15690 0
26154372332213 20335 0
26175432331133 17522 0
26317451212211 12910 0
26345711223113 11528 0
26371453112111 10941 0
26415731322323 15408 0
26415732121223 13609 0
26415732233321 22758 0
26435712222122 22488 0
26435712233321 11039 0
26435712311132 6844 0
26435712322322 23767 0
26435713311122 8362 0
26435713333133 17690 0
26437512122312 15178 0
26453172211133 11997 0
26453711333333 15039 0
26513471122121 15776 0
26517343333313 22160 0
26534713333313 19753 0
26543171111111 18545 0
26543171123111 14964 0
26547313131323 19159 0
26573413331312 16028 0
26714531212133 18024 0
26714532121133 18178 0
26715433231322 20775 0
26741351232113 15240 0
26743512121232 27034 0
27134561131133 12793 0
27154632311132 17887 0
27314652313211 17910 0
27365412321212 14526 0
27415363131113 13475 0
27415632323231 22734 0
27415633321322 16468 0
27416532133232 10414 0
27416533321232 11048 0
27435612122222 14306 0
27453161123111 13578 0
27453161132111 16470 0
27456133132223 15511 0
27516341111111 9811 0
27534161111111 8504 0
27534161111123 13644 0
27534162311111 9179 0
27534612311132 8811 0
27536412332312 18585 0
27543611111123 18173 0
27543611111132 13205 0
27546312231122 20293 0
27613543333133 21036 0
27614353311332 26164 0
27615431312333 18520 0
27615432113321 9231 0
27615433313213 14609 0
27634511131133 15049 0
27634512233321 8494 0
27643513311233 19959 0
31246753312211 10350 0
31247651113232 8147 0
31247651323232 11829 0
31256471231222 14129 0
31257462222221 19553 0
31257462312311 17023 0
31257643311122 11633 0
31264572122213 14852 0
31264573132313 14017 0
31264573222223 13360 0
31264752132122 17272 0
31264752313121 18583 0
31265471111111 14871 0
31265471122112 14672 0
31265471122133 14515 0
31265471312213 16241 0
31265471313113 14055 0
31265471321111 16268 0
31265472233321 23253 0
31265472312233 16049 0
31265741233331 14466 0
31267542222233 18114 0
31267542313133 19557 0
31275461112233 9625 0
31275461322233 9370 0
31275462133211 13944 0
31275462223211 13966 0
31275462311213 15800 0
31275462312212 15671 0
31275463311122 9281 0
31276452133322 15685 0
31276452313313 17129 0
31452671323211 11298 0
31452671332232 11455 0
31452672322331 11461 0
31456722111221 11536 0
31462751111111 18237 0
31462751113322 17573 0
31475261322233 25352 0
31475262331313 19660 0
31475262333221 14606 0
31524673332122 11779 0
31527643332122 15269 0
31564272212111 13032 0
31564272213311 13002 0
31564273113311 14869 0
31572461122133 9772 0
31624751112233 17110 0
31624753312211 16908 0
31627452221333 16148 0
31654272313322 16621 0
31754621331122 24455 0
31765242322121 23719 0
32145671111111 23688 0
32145671123333 15087 0
32145671132222 15220 0
32145671221112 17245 0
32145671333333 18396 0
32145672113333 17660 0
32145672212222 15481 0
32145673112222 15404 0
32145673311113 17554 0
32146751232323 13042 0
32146752232223 11358 0
32147562313223 11423 0
32147562333233 18843 0
32147651123333 9821 0
32147651132222 9170 0
32147651213333 10988 0
32147651312222 9919 0
32147652113333 9439 0
32147652231332 9628 0
32147652233213 11079 0
32147652331322 10153 0
32147652332213 9770 0
32147653112222 8890 0
32156471111111 9910 0
32156471113211 15564 0
32156471232332 25540 0
32156472312332 13419 0
32156472332132 12907 0
32156472332321 22711 0
32156472333332 12838 0
32156473223123 12334 0
32156741112323 11498 0
32156742311123 13527 0
32156742313223 10401 0
32156742333131 17295 0
32157641232323 12589 0
32157642231323 12919 0
32164571111111 16055 0
32164571111231 17033 0
32164571232323 12882 0
32164572232223 13152 0
32164572232313 13453 0
32164572233321 22259 0
32164572312323 23042 0
32164573323212 13781 0
32165741111111 10064 0
32165741111132 14834 0
32165741233223 21602 0
32165742211112 13532 0
32165742331112 15708 0
32165743311131 11972 0
32167451111111 16196 0
32167451213333 16309 0
32167451222222 16931 0
32167451312222 15777 0
32167451333111 15197 0
32167452211121 16784 0
32167453222313 16462 0
32167453313333 14441 0
32167453321232 16095 0
32174561112323 9541 0
32174561232113 10784 0
32174561232233 12357 0
32174562231212 13707 0
32174652312332 12071 0
32174652332132 12070 0
32175461111111 16388 0
32175461113112 9944 0
32175461221112 13086 0
32175461333111 11970 0
32175462233111 15050 0
32175462312323 21050 0
32416753121222 19962 0
32417562113321 16913 0
32417652132131 14748 0
32417653132121 15344 0
32451762331121 10915 0
32456173212332 13730 0
32456711233133 26902 0
32465172112121 12739 0
32465172132131 14256 0
32465172133121 14267 0
32465172332321 22896 0
32465173123121 12842 0
32465173132121 14923 0
32465173133111 13424 0
32465173233221 23252 0
32475161232323 15538 0
32475163331222 14348 0
32476513232231 12345 0
32517463131311 15120 0
32546713323212 13502 0
32547611121113 12396 0
32547611131112 10332 0
32547611213111 11040 0
32547611312111 12925 0
32547612111311 12955 0
32547613111211 10030 0
32561471113133 18480 0
32561471121311 8743 0
32561471122211 18974 0
32561471131211 9532 0
32561471211131 15400 0
32561471311121 11986 0
32561472133313 16929 0
32561472213122 14936 0
32561473222223 17643 0
32561473323212 17765 0
32567412122222 12963 0
32567412131312 10577 0
32567412222212 10075 0
32567413131212 10053 0
32567413133333 9901 0
32576142313223 17655 0
32615473332122 14903 0
32647152133121 13192 0
32647153132121 18301 0
32647512333233 20843 0
32657143121213 19859 0
32657412111212 27003 0
32671453123313 19066 0
32674152113333 20264 0
32714652332132 13482 0
32716452123212 16179 0
32741651121311 12923 0
32741651131211 10010 0
32741651211131 12903 0
32741651311121 11015 0
32741652111113 10455 0
32741653111112 12508 0
32745611223332 16301 0
32745612313322 16344 0
32745612322331 16457 0
32751643321232 20963 0
32754163211123 16674 0
32756141233121 21197 0
32761452121313 9193 0
32761452122222 10179 0
32761452222212 9372 0
32761453121312 12334 0
32761453133333 13054 0
32765411112221 18049 0
32765411121113 11195 0
32765411131112 8692 0
32765411133113 16693 0
32765411331113 16725 0
32765412221312 18722 0
32765412323222 9780 0
32765413122212 14924 0
32765413223312 16064 0
32765413231223 15956 0
32765413322312 16095 0
34125672131213 9887 0
34125672131312 10218 0
34125672221222 9282 0
34125673133333 12059 0
34127651121113 9614 0
34127651131112 9605 0
34127651213111 10306 0
34127651312111 10309 0
34127652111311 9963 0
34127653111211 9542 0
34162752132212 26459 0
34165271112212 18277 0
34165271121311 10237 0
34165271131211 9949 0
34165271211131 12715 0
34165271311121 8998 0
34165271311133 16683 0
34165272323333 16166 0
34165273133312 17661 0
34165273222322 16341 0
34165273311131 16556 0
34167252213323 16678 0
34172562132332 18212 0
34172562313331 18128 0
34175263321232 14642 0
34216572213122 20273 0
34261572132131 10422 0
34261572133121 12767 0
34261573123121 11474 0
34265712212132 17562 0
34275161312213 14563 0
34275162112322 15499 0
34275162213221 16885 0
34516271111111 11107 0
34516272312332 14826 0
34516722313223 9856 0
34517622231323 12912 0
34521672223232 9607 0
34526713232312 9091 0
34527612211322 15718 0
34527612231122 16175 0
34527612231332 15663 0
34527612331322 15946 0
34527613312133 10893 0
34561272122123 10459 0
34561272122321 10330 0
34561272212213 10039 0
34561272213122 9449 0
34561272232211 10821 0
34561273221233 9214 0
34561273233131 9701 0
34561273311233 9993 0
34561273313321 12985 0
34561273321133 10202 0
34561273321223 8811 0
34561721111111 12353 0
34562171321111 10766 0
34562171321231 11072 0
34562172232313 11634 0
34567212223232 9405 0
34617252111212 13178 0
34617252123212 13903 0
34617252132212 14112 0
34617522221333 14757 0
34621572132131 12410 0
34625172111212 14500 0
34627512232313 9689 0
34651271123111 9455 0
34651272332132 13615 0
34675212222122 23607 0
34715262221123 17535 0
34716522223211 18589 0
34721652121313 10699 0
34721652131213 10174 0
34721652221222 10053 0
34721652222212 12868 0
34721653333313 9804 0
34725611212211 17207 0
34725612111113 8597 0
34725612121322 18700 0
34725612231212 14908 0
34725612231332 16213 0
34725612322232 9751 0
34725612331322 16191 0
34725613111112 11100 0
34725613111133 16631 0
34725613132223 15856 0
34725613311113 16601 0
34761252323222 9306 0
35126741232212 17904 0
35126742231233 18057 0
35127462331331 19913 0
35162472122231 16173 0
35162472123233 13294 0
35162473122221 15272 0
35162473323131 14830 0
35162473332122 12519 0
35162473332131 14900 0
35162742213323 15374 0
35167242132212 20632 0
35172461232323 16007 0
35174262213131 17568 0
35174262231113 18850 0
35246171111111 17196 0
35246171113322 16956 0
35246172213311 17342 0
35267141223233 11923 0
35267141321132 19967 0
35271461322233 15906 0
35416721113112 10908 0
35416723232213 10895 0
35417622223133 13564 0
35426712131132 16142 0
35426712311312 15099 0
35426713111313 13061 0
35426713131113 11851 0
35426713312211 10007 0
35461271111231 11852 0
35461271321231 10744 0
35461272222323 17819 0
35462171131313 12673 0
35462171212121 12839 0
35462171221223 13000 0
35462171332331 15499 0
35462172213311 8649 0
35462172223331 13452 0
35462172312131 15255 0
35462173123211 14857 0
35462173131311 13227 0
35462173221221 13758 0
35462712322322 18682 0
35472163222313 9426 0
35472163231322 16158 0
35476122221111 12703 0
35614722321233 12583 0
35617423131332 14942 0
35624712121232 11447 0
35624712321212 11978 0
35624712321332 11750 0
35624712331232 11427 0
35714623111322 27020 0
35721642221213 26906 0
35762142222113 17984 0
36125471111333 18049 0
36125471212112 18621 0
36125471213111 8766 0
36125471222111 17137 0
36125471312111 12198 0
36125472111311 9726 0
36125472121223 14464 0
36125473111211 9870 0
36125473232222 16013 0
36125473323233 18198 0
36125743222331 20658 0
36127451333222 16058 0
36145272122222 9887 0
36145272131213 10113 0
36145272131312 10562 0
36145273333313 10490 0
36147251121311 10032 0
36147251131211 10762 0
36147251211131 10796 0
36147251311121 10688 0
36147252111113 10946 0
36147253111112 10588 0
36152741231312 16831 0
36152742131321 22114 0
36172452133133 16599 0
36217452131333 22534 0
36217541223311 11067 0
36217543213112 14577 0
36241573212332 13016 0
36241753212311 8858 0
36415272123212 27001 0
36417522123311 16868 0
36514272212111 18860 0
36521472113321 16376 0
36521472331121 17052 0
36527411131133 16640 0
36527412111113 9798 0
36527412131222 14437 0
36527412211322 15304 0
36527412221312 14304 0
36527412231122 15388 0
36527412322232 8695 0
36527413111112 10417 0
36527413311311 16074 0
36541272323222 9937 0
36542712121322 16054 0
36547212121313 12368 0
36547212122222 9462 0
36547212131312 9288 0
36547212221222 10278 0
36547213331333 12933 0
36712542121112 11405 0
36712542121121 11420 0
36712542121211 11723 0
36712542122111 11955 0
36714252232223 9214 0
36714521232113 10130 0
36714522121322 16049 0
36714522122213 15004 0
36714523132223 13037 0
36714523132322 13151 0
36721451131331 17351 0
36721452121322 14278 0
36721452122123 15366 0
36721452122213 14421 0
36721452122321 15280 0
36721452131111 10538 0
36721452223232 8597 0
36721453113113 18907 0
36721453121111 9920 0
36725411121212 12703 0
36725411131313 12807 0
36725411212121 13868 0
36725411313131 12692 0
36725412111212 13544 0
36725412121112 12516 0
36725412121211 13679 0
36725412121232 12805 0
36725412123212 13957 0
36725412321212 14029 0
36725413111313 15071 0
36725413131113 13631 0
36725413131311 15993 0
36741252122123 16153 0
36741252122321 15692 0
36741252122333 15922 0
36741252123323 15644 0
36741253233131 10866 0
36745211211221 16362 0
36745212121223 14806 0
36745212122312 18608 0
36745212122333 16162 0
36745212123323 16199 0
36745212131111 11222 0
36745212223232 9653 0
36745213121111 8719 0
36745213131131 16718 0
36745213133111 16745 0
36745213232213 15977 0
36751243222322 9604 0
36752142122132 14149 0
36752142123221 16322 0
36752143132232 13005 0
36752143133222 13823 0
36752143211132 11164 0
36754123232222 15828 0
37246511112233 16705 0
37256142321233 12569 0
37415622333221 13698 0
37426513132313 15851 0
37452162323312 11902 0
37516422333311 15009 0
37561241311112 9374 0
37612453122233 15669 0
37612542221111 14226 0
37614252221123 14691 0
37614521111111 15713 0
37614521323232 12524 0
37614522111221 12919 0
37614522113321 15137 0
37614522313322 16621 0
37614522323312 13148 0
37614523232213 13484 0
37615421113322 11013 0
37615422211133 8061 0
37615422223133 8218 0
37615422313121 22610 0
37615422313331 23741 0
37615423121132 17807 0
37624152311213 18487 0
37624511232233 11184 0
37624512121322 16206 0
37624512231212 14033 0
37624513131323 13917 0
37624513231313 13096 0
37641252222323 18792 0
37642152213311 8791 0
37642513122221 21221 0
37645122312221 14673 0
37651242211133 13744 0
37651422312311 15301 0
37652141113232 8610 0
37652143231322 15168 0
37654212311222 18077 0
41236753232321 11901 0
41237561313131 19055 0
41263751312222 19889 0
41325671212211 14375 0
41325762313223 21565 0
41325763131233 13966 0
41352671212112 11253 0
41352671212121 11632 0
41352671222111 12405 0
41357622313112 11650 0
41367253111133 12438 0
41532672313211 17169 0
41532761233133 17608 0
41563273113311 13026 0
41576322212222 15066 0
41625372313211 14652 0
41625373121213 14096 0
41625731222231 15091 0
41635721212121 19896 0
41657321222312 20131 0
41673252212222 20925 0
41673521111111 9510 0
41723562313211 15808 0
41725361232113 7279 0
41725361321213 15654 0
41725362221213 15708 0
41725362313211 9270 0
41725362313223 9609 0
41725363121222 13847 0
41725363121231 13941 0
41725631111111 9922 0
41725631211122 12987 0
41725632322331 21027 0
41725633111133 11871 0
41725633121123 15025 0
41725633211111 16297 0
41726352313322 9745 0
41726532312233 15907 0
41735261323313 19960 0
41735262312233 14536 0
41735263123223 16716 0
41735621233232 14468 0
41735622313322 15445 0
41736521233232 16066 0
41736522332231 9551 0
41752631222123 13830 0
41752632311123 12329 0
41752632312323 10907 0
41752632313211 28771 0
41756231321213 18184 0
41756233121231 18246 0
41762532221333 18759 0
41762533123331 17469 0
41765231233232 14549 0
41765322221312 19788 0
41765322313211 25254 0
41765323122212 14581 0
42136752131312 20249 0
42137561123333 19914 0
42137653122131 13260 0
42137653132121 15605 0
42157633231322 13359 0
42163751121212 26663 0
42165373223123 11333 0
42167532131333 19198 0
42315673112111 10498 0
42351671212211 13616 0
42351763231133 17983 0
42367153111121 15088 0
42367153211123 14331 0
42516372233111 11108 0
42561733323122 15223 0
42573612323231 8241 0
42573613322231 11922 0
42613572313211 15832 0
42615371313332 13870 0
42615372213311 9645 0
42615372221213 15405 0
42615372313211 10065 0
42651372213311 18059 0
42651733311122 12894 0
42673512232133 12680 0
42751632321233 18963 0
42751632323231 11545 0
43126572133313 16513 0
43167251232212 26198 0
43176252123131 18315 0
43176252311132 22726 0
43216573132121 12840 0
43216573132223 11093 0
43216573212311 13363 0
43216573212332 17183 0
43512671313332 18812 0
43527612312323 8875 0
43561271111111 10436 0
43571262122222 19769 0
43572161111111 11779 0
43572612312323 10370 0
43576211123222 17290 0
43576212112232 18679 0
43615271333312 14026 0
43615272113321 12902 0
43617521223221 19960 0
43621752213323 16269 0
43651722323132 11620 0
43675122222122 15179 0
43675211221331 14487 0
43721653231313 15094 0
43751623123313 17028 0
43765212222122 17445 0
45167323322231 15000 0
45176231131313 11314 0
45176231133113 13026 0
45176231331113 11608 0
45176233131113 11411 0
45176321131133 13023 0
45213672221123 17882 0
45273162222122 18934 0
45276131131133 13148 0
45312671222312 13155 0
45312672223331 13211 0
45312672233321 9745 0
45312672313211 26638 0
45312673132313 21665 0
45312673222112 13238 0
45312673231313 21650 0
45312761113211 12856 0
45312761133311 11191 0
45312762221111 17203 0
45312762311111 13387 0
45321671212211 14087 0
45321671221121 10485 0
45321673113311 12244 0
45327612222323 13038 0
45362712122222 20148 0
45367122223133 11878 0
45367211111132 12647 0
45367211211122 10524 0
45367213111133 11569 0
45376121131133 12738 0
45376121331311 14957 0
45376211333123 14037 0
45376213131323 21901 0
45376213333322 14951 0
45612371133221 21717 0
45612372331121 27319 0
45612373112231 22381 0
45612373132121 13253 0
45612373132223 13486 0
45612373322111 20814 0
45612373332122 13110 0
45612373332221 13892 0
45613271331221 13419 0
45613272233111 16058 0
45621373123331 13412 0
45621373211111 17748 0
45621732212123 20055 0
45621732233333 17674 0
45623712332123 12394 0
45623713322321 10815 0
45637123132121 13697 0
45637123332122 16454 0
45671231132231 12038 0
45671233112132 12316 0
45673212212132 19438 0
45673213211222 17995 0
45713623223132 15539 0
45721363321313 16917 0
45721363322231 19675 0
45732612233321 16578 0
45736121122211 12021 0
46123571111111 11702 0
46123573232123 14980 0
46125731333123 20925 0
46127351131313 13651 0
46127352131333 13900 0
46127353131323 14121 0
46135272133313 14545 0
46153273131131 13142 0
46157233333232 9465 0
46157321331233 13526 0
46215372121223 14086 0
46215372313211 21464 0
46257132211133 11779 0
46257313312211 15926 0
46273512122312 17036 0
46273513221212 19645 0
46275311123222 13969 0
46275312112232 15828 0
46275312132212 15555 0
46275312232133 7815 0
46275312313211 9514 0
46275313121222 13849 0
46275313312211 9386 0
46321752111131 11842 0
46352171211233 11422 0
46352172113231 11313 0
46372511221331 14156 0
46375211211332 23281 0
46375212113111 14905 0
46375212132131 14072 0
46375212132221 16124 0
46375212332222 16072 0
46375213112111 16147 0
46375213123121 14696 0
46375213333121 14394 0
46512371331221 14991 0
46512372113321 15383 0
46513272332111 14724 0
46513273113221 9464 0
46523711331332 22636 0
46527133111121 12282 0
46572311223122 16586 0
46572312132122 14048 0
46721533123313 19809 0
47123562232133 12715 0
47123651233232 12703 0
47126351233232 13647 0
47126532133133 23140 0
47132562311111 8321 0
47132563222331 12627 0
47132652233321 8900 0
47135622132332 14487 0
47136252133112 17100 0
47152361233232 13035 0
47152631322131 18867 0
47156231332313 14383 0
47156233211132 9793 0
47156233223312 16507 0
47156233233113 15398 0
47156233322312 13586 0
47156321111111 10023 0
47156321133311 13742 0
47156322132311 14675 0
47156322313232 16630 0
47156322332132 12614 0
47156322332312 15706 0
47156323223123 13069 0
47162351322122 13988 0
47163522131222 19726 0
47165321232113 7817 0
47165321322131 13514 0
47165322132212 15340 0
47165322133112 14022 0
47165322232133 7350 0
47165322313211 10178 0
47216352131333 17513 0
47251363131113 19030 0
47251632131312 19809 0
47256133212311 8221 0
47256133321232 12525 0
47265312122222 14305 0
47265312131312 14777 0
47265312313211 14437 0
47321651311133 11666 0
47352612123131 17051 0
47352612311132 17438 0
47352612313211 17304 0
47512632312323 18131 0
47621532232331 11177 0
47621533231121 13495 0
47632152233321 13775 0
47632153212311 9291 0
47632153232321 8628 0
47632513212332 12588 0
47652132231323 12918 0
47653213211231 24172 0
47653213232111 11110 0
51264731113322 18294 0
51264732213311 22702 0
51267342312233 20833 0
51324671211122 10388 0
51324672212111 13621 0
51324673113311 17333 0
51324761111123 15483 0
51324763113332 15005 0
51342672212111 14537 0
51342763312223 11136 0
51367241211113 9872 0
51423671221331 15096 0
51426731111111 17750 0
51426733312211 17310 0
51472361131313 15154 0
51472633331312 15755 0
51623471321111 10915 0
51623743313321 22261 0
51624731312123 17059 0
51624733323113 16885 0
51632741323232 9921 0
51642371122313 17995 0
51642731113322 8810 0
51647231113232 8699 0
51723643131311 19178 0
51724362122222 14763 0
51724363121213 14407 0
51726433123313 16505 0
51732643121213 20163 0
51742632323231 12191 0
51742632323333 12057 0
52134761232113 18227 0
52147631121311 9728 0
52147631131211 9819 0
52147631211131 9653 0
52147631311121 10136 0
52147632111113 12369 0
52147633111112 9449 0
52163471112122 17301 0
52163471213111 11926 0
52163471312111 11951 0
52163471333123 16013 0
52163472111311 11125 0
52163472131222 18520 0
52163473111211 8844 0
52163473111331 16396 0
52163473221323 17129 0
52163473323332 18461 0
52167342121232 14951 0
52167432121313 12635 0
52167432122222 12337 0
52167432131213 11998 0
52167433133333 9510 0
52167433331333 11847 0
52174633223123 12276 0
52314673311311 12909 0
52314761322122 18837 0
52341671111111 23842 0
52341671122211 15618 0
52341671311313 17491 0
52341672211112 19025 0
52341672232313 17339 0
52341672323222 9657 0
52341672323312 22755 0
52341673133111 16910 0
52341673232213 17302 0
52341673232333 8770 0
52341673323212 19104 0
52361472121313 11880 0
52361472131312 10208 0
52367142211121 12469 0
52367412322232 9629 0
52374161112323 17184 0
52376413222223 11798 0
52463173212332 17417 0
52463713212332 12938 0
52471631223113 14874 0
52471631323112 14681 0
52614372313211 9790 0
52641733212311 8795 0
52641733232321 11115 0
52673413232123 15143 0
52713461232323 8755 0
52714361232113 10252 0
52714633213223 13159 0
52714633223123 11261 0
52731641233112 18271 0
52731641323112 13094 0
52736141322233 8696 0
52741362313211 11942 0
52741362313223 8262 0
52741632122333 10271 0
52741632123323 9747 0
52741632212213 9804 0
52741632212231 9541 0
52741632232211 9405 0
52741633221233 9670 0
52741633313312 9041 0
52741633313321 10081 0
52741633321223 10985 0
52741633323311 9206 0
52743611111213 9916 0
52743611111312 12830 0
52743611112131 10923 0
52743611113121 12806 0
52743612131111 12485 0
52743613121111 10439 0
52761431111213 10673 0
52761431111312 9945 0
52761431112131 10586 0
52761431113121 10694 0
52761432131111 10564 0
52761433121111 10923 0
52763143222331 18703 0
52763411222312 15589 0
52763411333123 10771 0
52763413222112 16056 0
52763413223312 15822 0
52763413322312 15542 0
53126471231231 13921 0
53126471231321 13180 0
53126471321321 16670 0
53146272123233 12210 0
53147262123131 15245 0
53162743312223 9284 0
53274163211222 17632 0
53421671321111 9455 0
53421671321231 8887 0
53426171112233 8422 0
53462711113322 9868 0
53467211321111 12453 0
53476121323112 15422 0
53476121323322 14715 0
53614721212121 16078 0
53621471331221 12884 0
53642171111111 17806 0
53672142221213 26066 0
53714622233111 19865 0
53721463223312 22660 0
53724612121112 16153 0
53726143333121 14109 0
53741621323112 14647 0
53741621332112 15321 0
53742612323333 13382 0
53761242121211 13156 0
53761242221213 14246 0
53761242321212 13164 0
53762143222331 14815 0
53762413322123 9195 0
54123673233323 11428 0
54126371331221 13292 0
54127632131213 11476 0
54127632222212 12565 0
54127633131212 10245 0
54127633133333 11350 0
54127633333313 10237 0
54163271133221 19257 0
54163272233111 18017 0
54167231121113 10269 0
54167231131112 10051 0
54167231221211 17547 0
54167231333213 15691 0
54167232112112 17204 0
54167232133313 17626 0
54167232333113 15228 0
54167233232333 10795 0
54167233331213 14760 0
54172633132313 15049 0
54217362233213 19865 0
54217632132212 26562 0
54231671123111 15207 0
54231673123121 14314 0
54261373123121 12421 0
54261732231233 26176 0
54276132233312 16513 0
54312671131331 9367 0
54312672212111 12729 0
54312673311311 15880 0
54317261113112 10535 0
54317621111222 19068 0
54321672212213 10875 0
54321672212231 10337 0
54321672232211 15866 0
54321673313312 10245 0
54321673313321 11679 0
54321673323311 11897 0
54321761211221 9345 0
54321763113113 14603 0
54326171111231 10915 0
54326171112233 10999 0
54326171321231 8875 0
54326711112212 18957 0
54327612223232 9964 0
54361272223232 10374 0
54362171113133 13576 0
54362711111231 11201 0
54362711323112 14842 0
54367121112212 16564 0
54367121113211 13136 0
54367121113331 17401 0
54367122211121 14352 0
54367122311111 13537 0
54367123311113 11521 0
54367211132222 9923 0
54367211213333 12865 0
54367211222132 9440 0
54367211333213 9765 0
54367212211322 10432 0
54367212231122 10551 0
54367212233213 9660 0
54367212332213 9812 0
54367212333113 9615 0
54367213112222 10694 0
54367213312133 9800 0
54371261113331 13125 0
54371621113112 11125 0
54371621113322 10519 0
54376121322233 9908 0
54376211111132 12885 0
54376211111222 12920 0
54376211113133 14757 0
54612371112311 16273 0
54612372222131 13623 0
54612732112223 16616 0
54612733322213 16385 0
54621371133311 11506 0
54621372211121 10132 0
54637211132111 9468 0
54671232221213 20392 0
54712361323313 18700 0
54712362223322 17175 0
54716232222113 26582 0
54716321112323 18359 0
54716322313223 17693 0
54721631111111 16317 0
54721631122121 16903 0
54721631311133 15310 0
54721632133232 17319 0
54721632212222 16910 0
54721632212231 15752 0
54721633231322 16382 0
54721633313321 16282 0
54721633333331 14341 0
54723612131312 12238 0
54723612221222 9489 0
54723612222212 10295 0
54723613121312 9312 0
54723613333313 13033 0
54761233322321 16977 0
54763212322232 9422 0
56123471222312 9942 0
56123471223221 10286 0
56123471331332 12634 0
56123471333123 9516 0
56123472322121 10642 0
56123472331331 12061 0
56123473133132 10145 0
56123473133231 10072 0
56123473222112 8946 0
56123473223312 8747 0
56123473322312 9162 0
56124371111231 12940 0
56124371232323 15061 0
56127433332323 10747 0
56132472333332 12042 0
56132473211111 9107 0
56132473213211 11213 0
56143273332323 12948 0
56147231222132 10815 0
56147231333213 10787 0
56147232233213 15938 0
56147232332213 10794 0
56147232333113 11221 0
56147322333233 12666 0
56173421113112 12084 0
56174232323333 9472 0
56174321232113 8710 0
56213471111111 11812 0
56213743313333 16390 0
56243173133111 11780 0
56243713121333 15000 0
56247132333233 12681 0
56271433111313 14597 0
56271433123313 14514 0
56271433132313 15346 0
56274132331133 13548 0
56274312313211 9646 0
56321473233323 9515 0
56321742211112 15656 0
56324171221331 13262 0
56327411211332 16673 0
56327413213112 16331 0
56341273121213 12902 0
56341273131212 10254 0
56347122333233 13606 0
56347211213111 12088 0
56347211222132 14960 0
56347211312111 15500 0
56347211331131 16330 0
56347212111221 19074 0
56347212111311 8840 0
56347212123233 17652 0
56347212232223 17521 0
56347213111211 9629 0
56347213131332 16956 0
56423171231231 13189 0
56423171231321 12367 0
56423171321321 13353 0
56423172112121 11699 0
56423173132121 15949 0
56423173133111 11224 0
56432713122122 15597 0
56712341232113 16889 0
56712343211123 17088 0
56721343123331 16134 0
56721432312233 18135 0
56723411113313 16460 0
56723411121113 10519 0
56723411131112 9893 0
56723411222312 15180 0
56723412122312 14180 0
56723412323222 8724 0
56723413221212 14319 0
56723413222112 15269 0
56723413331111 15979 0
56732143122113 18605 0
56741231121311 10085 0
56741231131211 9666 0
56741231211131 10433 0
56741231311121 10427 0
56741232111113 9583 0
56741233111112 9595 0
56743212122222 9956 0
56743212221222 12987 0
56743213121213 10153 0
56743213121312 10672 0
56743213331333 9923 0
57123461111111 12383 0
57164322131312 14478 0
57214361323232 11882 0
57214632212213 20374 0
57236141113232 13745 0
57236141322233 9276 0
57236141323232 8612 0
57241631322113 15590 0
57241631323112 13159 0
57246131112233 8877 0
57264132111323 16992 0
57321641311112 18571 0
57321642311132 15073 0
57364212213311 10952 0
57364212313211 10868 0
57364213332122 11658 0
57642311113322 17748 0
61234572231323 12649 0
61234573232213 15080 0
61235741313131 15767 0
61257343232123 9493 0
61274351313131 15180 0
61274532231323 13002 0
61352472233321 17879 0
61352472313211 18109 0
61452731311313 13102 0
61453721111111 15993 0
61453721311112 15726 0
61453723111121 17011 0
61472532123332 12524 0
61472533112111 10850 0
61527431111111 11982 0
61534272311132 9803 0
61534721112311 15533 0
61534721113211 14613 0
61543271111111 11026 0
61543271112311 10423 0
61572432312323 8691 0
61734523222331 12689 0
62134572321323 13590 0
62135471122121 13249 0
62135472132131 12870 0
62135473122131 14370 0
62135473123121 14218 0
62135473131131 13117 0
62135473132121 14770 0
62135473232231 21338 0
62135473322321 23356 0
62135743222331 16567 0
62135743312223 22611 0
62147353123121 14780 0
62147353132121 14889 0
62154733321121 11678 0
62157342132212 20411 0
62173543232132 12188 0
62174351122133 15638 0
62174533311212 18627 0
62317453112111 9481 0
62317453312211 8911 0
62351743112123 20345 0
62371453311311 15121 0
62374511322311 12699 0
62374513112321 12789 0
62374513312112 11235 0
62435172211133 8984 0
62435172311132 8762 0
62435711222222 13720 0
62453713311122 14634 0
62471532232133 10667 0
62475131322323 17092 0
62531472321233 13581 0
62543711211113 15224 0
62543711311112 14763 0
62571432321233 12646 0
62735143223213 18028 0
63125741112323 22637 0
63125743131233 13700 0
63125743133312 15427 0
63142571111111 11807 0
63142571132321 26074 0
63142573112123 25909 0
63172452312323 17410 0
63172452313211 17854 0
63174522332132 13206 0
63247511123132 12344 0
63251743133231 19941 0
63452711311313 10915 0
63452712333221 11008 0
63471522123131 17106 0
63471522323132 16016 0
63471522332132 15821 0
63472512123332 11423 0
63512743313333 15981 0
63541271212211 18970 0
63542713121333 19990 0
63574212123131 17666 0
63574212313211 18336 0
63712542221111 12567 0
63714252123131 9756 0
63714521112323 11028 0
63714522332132 10798 0
63721541233322 15059 0
63724153121213 17269 0
63725141112323 10912 0
63725141233121 17792 0
63725142123131 9368 0
63725142223133 8719 0
63725143122113 22584 0
63725143123313 23645 0
63741252222323 12819 0
63741522123131 10686 0
63742511232221 27004 0
63745123122212 13598 0
63751242221321 14875 0
63751423122311 16843 0
63752141111111 12498 0
63752141122211 13044 0
63752141123213 16593 0
63752142332132 13469 0
63752143123223 15037 0
63752143212323 15692 0
63752143223123 12903 0
63752411223212 16176 0
63752411333213 21015 0
63752412312323 10106 0
63752412322112 15128 0
63752412333113 21096 0
63754213122122 18705 0
64125371131313 19174 0
64157321133212 17974 0
64231572311132 10771 0
64257131113223 19703 0
64271533221212 14902 0
64275131212223 15467 0
64275131312123 14001 0
64275132211133 9526 0
64275132232133 8509 0
64275133231112 13485 0
64275133312211 10289 0
64275311112332 19760 0
64275311222222 14487 0
64275313312211 25372 0
64321572111131 19391 0
64321572132131 14352 0
64321572311132 14665 0
64325713121222 26876 0
64351272132131 12171 0
64357212313211 11951 0
64357213231322 17701 0
64357213312211 10624 0
64531271212211 16684 0
64531272132131 11428 0
64531273122131 13662 0
64531273123121 14257 0
64531273311311 17518 0
64531273312211 13255 0
64572131122223 15979 0
64713253112111 12481 0
65123471112311 8522 0
65123471233232 18781 0
65123472312311 11256 0
65132471212112 15682 0
65132471222111 15242 0
65132471231321 10391 0
65132471323121 14400 0
65132472131231 20209 0
65132472212231 21707 0
65132472233321 11028 0
65132473111331 14490 0
65132473313312 12046 0
65132473323311 12300 0
65132741223323 10514 0
65132743222331 11059 0
65134721233232 13023 0
65147321232113 13904 0
65172431132333 17144 0
65174232123131 8649 0
65174232133313 13909 0
65174232323312 13980 0
65174233323212 14250 0
65174233331213 14464 0
65174322313211 10955 0
65174323223123 12543 0
65213741111111 11593 0
65241371111111 13610 0
65243712121322 17004 0
65271341332331 20107 0
65271432231233 13431 0
65274131111111 16605 0
65274131311313 12590 0
65274131312213 15823 0
65274132123332 13049 0
65274133132223 13871 0
65274133232321 10006 0
65274133312223 14650 0
65314272311132 17623 0
65314272313211 18104 0
65321472111122 12345 0
65417321232113 15844 0
65417323223123 17129 0
65417323232123 15902 0
65423713321322 16745 0
65432173232321 12483 0
65471231132213 17951 0
65714323223123 11527 0
65723143321313 15272 0
65732411333123 15733 0
65742311212313 12814 0
67132541133311 15396 0
67145323133312 16971 0
67154233323332 11507 0
67215343333133 13756 0
67231541323112 16357 0
67231543323122 13676 0
67234513332122 12002 0
67245131313323 15492 0
67245311112311 15563 0
67245311133233 14452 0
67254311131133 16181 0
67254313311113 9520 0
67312452233321 8520 0
67312541121221 9390 0
67312542221111 11074 0
67321451111123 15979 0
67321451112311 12387 0
67321451212211 13200 0
67321451311133 11328 0
67321452111122 11795 0
67321453113311 13373 0
67321542232133 10925 0
67341252222323 17511 0
67342512222113 13608 0
67345122223133 9355 0
67345122232133 8762 0
67345211111123 14943 0
67345211111132 14147 0
67345211112233 23349 0
67345211113322 22990 0
67345211211122 14276 0
67345211311133 13526 0
67345212111122 12843 0
67345213111133 12862 0
67354121111111 12579 0
67354211212121 15598 0
67354211313113 20944 0
67354211333111 20839 0
67354212111221 14211 0
67354212212222 15133 0
67354212311132 8532 0
67354213111313 13853 0
67354213131311 13090 0
67354213211132 13479 0
67354213313333 14740 0
67412353132121 14726 0
67412353332221 15514 0
67412531131133 13002 0
67435121332112 12268 0
67435123123121 12225 0
67452313321232 12582 0
71234563231322 13124 0
71263541333222 24470 0
71263542323123 25938 0
71264533131323 13008 0
71264533221323 11400 0
71264533231223 11293 0
71264533231313 11587 0
71326451211311 12966 0
71326453132121 14947 0
71326543333313 20218 0
71345262132131 15420 0
71362453113311 13317 0
71365423331312 19062 0
71423563213232 13555 0
71423653213232 12550 0
71426353312211 8590 0
71426533333223 17267 0
71432561232323 16506 0
71432561323232 9912 0
71432562111221 12945 0
71432563232213 12494 0
71432563323113 14554 0
71432563323122 13844 0
71432563332113 15802 0
71435261322233 10273 0
71435262222122 13389 0
71435263211123 7978 0
71435263311122 8470 0
71435263333133 13904 0
71435263333223 15440 0
71435623333331 17078 0
71436253333112 20250 0
71452363213232 12908 0
71452632222131 18532 0
71453262222221 15027 0
71453623311122 14642 0
71456321322323 10972 0
71456322111221 12425 0
71462531113322 8759 0
71462532111212 12264 0
71462532121112 13565 0
71462533111223 14030 0
71462533221113 14588 0
71463523331222 17856 0
71523463131311 14481 0
71523463231313 15403 0
71523463331312 14428 0
71532463221332 13667 0
71534262122222 16601 0
71542633132322 12174 0
71543622111131 14800 0
71543623111121 14770 0
71546233331213 14950 0
71546322231212 15734 0
71562433123232 9377 0
71563243221221 20514 0
71625433213133 17506 0
71643252231212 14834 0
71643523331213 20439 0
72134562312212 18749 0
72136541322233 17768 0
72143563222331 13383 0
72143651121113 9473 0
72143651131112 12401 0
72143651213111 10022 0
72143651312111 9539 0
72143652111311 9609 0
72143653111211 9698 0
72145631233223 16330 0
72145633232231 16514 0
72145633312223 20344 0
72146352232223 12297 0
72163452122222 12660 0
72163453121213 10128 0
72163453131212 11349 0
72163453133333 10329 0
72163453331333 11221 0
72164353131113 15072 0
72165431113331 16414 0
72165432111113 9596 0
72165432111122 22456 0
72165432211112 18953 0
72165432323312 16391 0
72165433111112 8708 0
72165433121333 16999 0
72165433221233 15586 0
72165433233323 9923 0
72165433321223 14948 0
72165433331213 14400 0
72345611111111 23780 0
72345611133113 17654 0
72345611221223 15280 0
72345611222222 15495 0
72345611331332 17546 0
72345612122111 17344 0
72345612331331 14961 0
72345613221221 15106 0
72345613333331 18282 0
72356141112323 17752 0
72356141232113 18437 0
72356143211123 23200 0
72361453232333 11530 0
72361542333233 13284 0
72365412222212 9161 0
72365413121312 10310 0
72365413131212 9768 0
72365413331333 12079 0
72435163333313 20446 0
72513641232323 8775 0
72513641233322 11238 0
72516342313223 8708 0
72531463321232 12588 0
72534163211123 8784 0
72541631111213 9800 0
72541631111312 9706 0
72541631112131 10116 0
72541631113121 9633 0
72541632131111 9349 0
72541633121111 12276 0
72543162311111 13275 0
72543163211111 15486 0
72543611221223 8541 0
72543611223221 9370 0
72543611331332 10965 0
72543611332331 9311 0
72543612331331 8909 0
72543613132232 11099 0
72543613133222 9794 0
72543613221221 9551 0
72543613223312 10257 0
72543613322312 9725 0
72546311323112 12165 0
72546313323212 11949 0
72561342313223 8678 0
72561432213122 10793 0
72561433221233 10780 0
72561433311233 10765 0
72561433321133 11195 0
72561433321223 15919 0
72563411111213 9642 0
72563411111312 10058 0
72563411112131 10408 0
72563411113121 10409 0
72563412131111 9493 0
72563413121111 9486 0
72643513212311 12683 0
72643513212332 13015 0
73125463133132 20941 0
73146522113231 11638 0
73246153312211 18258 0
73456123231322 12904 0
73516243323113 14106 0
73516243332131 14487 0
73541262321212 26684 0
73542163321133 20347 0
73542613132121 13138 0
73542613132322 11375 0
73564213321322 26555 0
73614251112323 9162 0
73615241112323 11439 0
73615241113322 9609 0
73615242223133 9157 0
73615243123313 13856 0
73615243213313 23783 0
73615243331312 13991 0
73615243332311 23797 0
73615421113322 22735 0
73615423213211 13727 0
73615423333331 15311 0
73624513121132 21993 0
73624513332131 16861 0
73625141112323 9133 0
73625143121213 13818 0
73625143333313 14317 0
73625412222323 20755 0
73642511111111 8682 0
73642511113232 13554 0
73642511113322 10492 0
73642513223222 17312 0
73645121113211 22711 0
73645122222311 16595 0
73645211223113 12076 0
73645211231111 14923 0
73645211321111 9947 0
73645211332112 13628 0
73645213112231 21479 0
73645213333112 15591 0
73651241113322 15647 0
73652413211312 18150 0
73652413331321 18000 0
73654122111122 10536 0
73654122221111 10942 0
73654211111132 15469 0
74123563323221 9562 0
74123652322121 10696 0
74123653132232 15817 0
74123653133132 11092 0
74123653133222 10676 0
74123653133231 10668 0
74125631313311 16053 0
74125632121121 19080 0
74125632122111 22580 0
74125632131111 8830 0
74125632321332 16377 0
74125633121111 9712 0
74125633131233 14300 0
74125633132232 14851 0
74125633133222 15499 0
74125633133312 16896 0
74125633332323 9898 0
74126352333122 9492 0
74132561321231 9805 0
74132562121121 16392 0
74132562122111 13471 0
74132563131221 15419 0
74132563132112 14399 0
74136522322121 11383 0
74152363132232 11496 0
74152363133132 11194 0
74152363133222 12912 0
74152363133231 11297 0
74156322122123 13813 0
74156322122321 13173 0
74156322313223 8744 0
74156323132331 14565 0
74156323133123 14012 0
74163251121122 17719 0
74163252112211 17191 0
74163252131111 10294 0
74163253121111 10075 0
74163253131332 17647 0
74163253133132 15111 0
74163253133213 14782 0
74163253133231 15572 0
74163253332323 10892 0
74165231121212 14749 0
74165231131313 13293 0
74165231212121 12783 0
74165231313131 13261 0
74165232111212 13800 0
74165232121112 13600 0
74165232121211 13763 0
74165233111313 13192 0
74165233131113 13143 0
74165233131311 13089 0
74165233131323 13716 0
74165233132313 13621 0
74165233231313 13583 0
74213652323132 15127 0
74251633111313 19323 0
74256311321222 17589 0
74256313111232 18883 0
74265312333233 14663 0
74312652333332 12100 0
74321563311131 13027 0
74321653233323 13040 0
74325163131323 14643 0
74325612221222 9987 0
74325613121312 10584 0
74325613131212 10135 0
74325613133333 10512 0
74361253112132 20261 0
74361253211231 16560 0
74365211121221 18188 0
74365211213111 9098 0
74365211312111 12808 0
74365211313113 16653 0
74365211333111 16783 0
74365212111311 10329 0
74365212222323 16806 0
74365212333332 16055 0
74365213111211 10041 0
74365213121333 17761 0
74512361322233 22612 0
74512362313223 18199 0
74513263121222 26078 0
74521632222212 12462 0
74521633121213 11898 0
74521633121312 12756 0
74521633133333 11818 0
74521633333313 9489 0
74523611121113 10464 0
74523611131112 10834 0
74523611213111 10707 0
74523611312111 10815 0
74523612111311 10060 0
74523613111211 10785 0
74532163123223 17117 0
74561231111222 16195 0
74561232111113 9951 0
74561232221111 17762 0
74561233111112 10177 0
74561233131233 14668 0
74561233233323 10914 0
74561233311233 15669 0
74561233321133 15203 0
74561233321313 17526 0
74563211232332 16811 0
74653213133222 20730 0
75132463233233 23235 0
75143263231313 19295 0
75146321323331 18659 0
75213642223133 11802 0
75231463211123 14420 0
75234161322233 8345 0
75234162221111 12641 0
75236143213232 12897 0
75241632222323 13264 0
75243162211322 19933 0
75243611113232 11522 0
75243613213232 18943 0
75246131333312 18840 0
75246311111111 11162 0
75246313212311 12238 0
75246313312211 10885 0
75246313332332 13811 0
75261432123233 9583 0
75264132121232 16485 0
75264132223331 9691 0
75264132321212 13564 0
75264133121333 15300 0
75264133331213 14283 0
75264311223122 18230 0
75264313231112 18088 0
75312463333133 16540 0
75314621133221 10669 0
75314621313212 20056 0
75314623113122 13133 0
75316241231231 13179 0
75321461311112 11729 0
75321463132121 14863 0
75346122133133 13471 0
75346211133122 22922 0
75346211211311 16911 0
75346211311211 16079 0
75346212323333 13660 0
75346213112132 22277 0
75346213132121 12983 0
75346213132322 13031 0
75346213332122 13478 0
75412631223332 10576 0
75416323232213 13224 0
75431263133213 19601 0
75462132123212 11481 0
75613243131332 13824 0
75613243133213 15018 0
75634123323122 15492 0
75641323232111 12913 0
75642132213311 17861 0
76123453233323 10844 0
76125343333133 17407 0
76143252131312 12735 0
76143252221222 12430 0
76143253131212 12022 0
76143253331333 9389 0
76143253333313 11720 0
76145231121113 8803 0
76145231122112 19051 0
76145231131112 9695 0
76145231221112 22556 0
76145231311331 17189 0
76145232123332 16278 0
76145232233213 14970 0
76145232331313 17022 0
76145232332213 15614 0
76145233133213 14421 0
76145233232333 9806 0
76154323333112 17247 0
76213543213133 19960 0
76213543311332 17576 0
76215341231231 15069 0
76215433333133 20826 0
76231451123111 12405 0
76245311121131 16415 0
76245311131121 9821 0
76245311213312 20925 0
76245312132131 13109 0
76245313122122 14935 0
76245313123121 11990 0
76253141123132 11523 0
76253141211332 10956 0
76253413322312 19932 0
76254133311323 23253 0
76254313211111 16024 0
76312452212111 16694 0
76312453211111 13203 0
76312453311311 13940 0
76312542321212 12648 0
76312542322121 16502 0
76312543322222 14883 0
76315241112113 16231 0
76315241113112 10260 0
76315241223113 13382 0
76315241322122 14498 0
76315241323313 15361 0
76315241332112 13506 0
76315243211231 24599 0
76315243323323 16194 0
76321452122123 8817 0
76321452122321 9489 0
76321452122333 9523 0
76321452123323 11476 0
76321452212231 10167 0
76321452213122 10666 0
76321453233131 10198 0
76321453311233 10091 0
76321453313312 11932 0
76321453321133 10164 0
76321453323311 12517 0
76321542211112 12206 0
76321543211111 15710 0
76321543311131 10797 0
76324151112233 9130 0
76324151112323 11243 0
76324153323122 11926 0
76325411111213 9892 0
76325411111312 9748 0
76325411112131 8785 0
76325411113121 12227 0
76325411122121 18650 0
76325411331311 18882 0
76325412112121 17162 0
76325412231212 14566 0
76325412333233 17103 0
76325413222223 16034 0
76341251111213 8866 0
76341251111312 11149 0
76341251112131 11950 0
76341251113121 11973 0
76341251221121 18309 0
76341251311313 16410 0
76341252232313 17153 0
76341252323333 18342 0
76341253221212 18402 0
76341253233131 16110 0
76342511111231 9790 0
76342511111321 15662 0
76342511323112 13515 0
76342512232223 12209 0
76342513213112 22805 0
76342513322111 25420 0
76342513323122 12935 0
76342513323212 12784 0
76345122211112 13342 0
76345122211121 14235 0
76345122213311 23379 0
76345122311111 14245 0
76345123211111 14795 0
76345123311113 12895 0
76345123311131 13216 0
76345123312211 21369 0
76351421112323 11278 0
76351421113322 8543 0
76351423321232 18799 0
76354121121212 15780 0
76354121122121 12121 0
76354121311313 12107 0
76354121313131 14598 0
76354122111212 15337 0
76354122112121 14125 0
76354122212222 14284 0
76354123211123 11048 0
76354123211132 10271 0
76354123313333 20092 0
76354212213323 15365 0
76354212312233 14853 0
76354212313322 16194 0
76354212333332 13390 0
76354213222223 12543 0
76354213312223 14998 0
76421351131121 12107 0
76512343213313 17175 0
76512343332311 16855 0
76514321112323 17877 0
76514321232113 17423 0
76521433232333 10866 0
76523413223231 19201 0
76524313331222 16624 0
76541232131213 10220 0
76541232221222 12684 0
76541233121213 11445 0
76541233331333 10354 0
76541233333313 11322 0
76543211111111 16296 0
76543211212112 16879 0
76543211223221 15660 0
76543211332331 16187 0
76543211333333 14462 0
76543212132323 16682 0
76543212222221 16810 0
76543212323213 17269 0
76543213113131 15296 0
