12345672121232 11088 0
12345672123212 9305 0
12345672321212 9482 0
12345673131323 9382 0
12345673132313 10798 0
12345673231313 10731 0
12345761111111 5358 0
12346571111231 4805 0
12346751113133 9914 0
12347561112212 11427 0
12347651111111 4612 0
12347651122112 9890 0
12347651133311 9313 0
12347652111221 8442 0
12347652123233 10379 0
12347652123332 12887 0
12347652223232 6863 0
12347653111133 8745 0
12347653132223 8873 0
12347653132322 8304 0
12347653332323 7280 0
12354671111111 4787 0
12354761112323 4403 0
12354762121112 13517 0
12354762121211 13296 0
12354762311123 7156 0
12354763131131 8551 0
12354763133111 8660 0
12354763211123 6471 0
12356471113133 10152 0
12356741133131 9765 0
12356741313131 7618 0
12356743113131 9755 0
12357461111222 8524 0
12357461113331 12548 0
12357462211112 8750 0
12357641113331 9777 0
12364571112212 10502 0
12364751112212 8100 0
12364751113133 12445 0
12364753311131 8212 0
12365471111111 7843 0
12365471211122 8631 0
12365471313113 7802 0
12365472223232 7725 0
12365472321233 8982 0
12365473232312 9183 0
12365473332323 7606 0
12365741113331 10392 0
12367451123333 6089 0
12367451132222 6332 0
12367451213333 9821 0
12367451312222 6081 0
12367452113333 6827 0
12367453112222 6321 0
12367541112212 8851 0
12367541113331 8716 0
12367541331131 8436 0
12374561121212 7905 0
12374561211212 8015 0
12374562111212 7817 0
12374651111222 11620 0
12375461111222 9151 0
12375641113112 5412 0
12376451111222 7714 0
12376451113133 7998 0
12376451221211 8807 0
12376541112323 5874 0
12376541232233 6524 0
12376541322233 6439 0
12376542121232 8564 0
12376542123212 8220 0
12376543133132 11120 0
12376543133231 11569 0
12456731132321 14877 0
12456731233223 11173 0
12456733223321 18814 0
12463751231231 10990 0
12467351131121 5351 0
12467351231321 8680 0
12473561132123 11341 0
12536741112323 7536 0
12537461332112 10680 0
12543671111111 4490 0
12543671211212 8506 0
12543671331113 7803 0
12543672121121 8165 0
12543672321332 12980 0
12543672322232 6828 0
12543672331232 10479 0
12543673111331 7709 0
12543673221323 8404 0
12543673231223 8968 0
12543673233323 8208 0
12546371221331 10767 0
12563472131213 6650 0
12563473131212 6380 0
12564733323122 10562 0
12567433232333 7270 0
12576343212221 11271 0
12637451132111 14372 0
12637451332112 11631 0
12643571321321 9259 0
12645371131121 5298 0
12673542331133 14281 0
12734561112323 7508 0
12734561322233 11563 0
12734562313223 11361 0
12745631111111 4722 0
12745632111122 8293 0
12745632212213 11981 0
12745632222221 9839 0
12745632232211 11733 0
12745633131131 8285 0
12745633313312 11409 0
12745633313333 10362 0
12745633323311 12257 0
12753462231323 10845 0
12763452322232 7306 0
12765432121313 6939 0
12765432222212 6125 0
12765433121213 6216 0
12765433331333 6461 0
13245671321111 5384 0
13246571111111 4285 0
13246571112233 6570 0
13246571113232 7035 0
13246572321332 13389 0
13246572331232 13623 0
13246573221233 8656 0
13246573321223 8757 0
13246752133211 11539 0
13247563212131 15822 0
13254761322233 8522 0
13254761323322 8200 0
13254762321233 9470 0
13254763323122 9325 0
13257641112233 11648 0
13265741112323 9206 0
13265742131312 9129 0
13267451122211 8300 0
13267451311133 12220 0
13267541111132 11543 0
13267541232212 8876 0
13274651112323 6789 0
13275461112233 12351 0
13275463213211 7697 0
13275641112233 6450 0
13275641112323 6660 0
13275642131333 12489 0
13275643212221 12862 0
13276451113211 13533 0
13276451233133 9182 0
13276541133122 18165 0
13276541213312 16240 0
13276541321123 16809 0
13276541322311 16018 0
13276541323112 8911 0
13276541323322 8853 0
13276542323312 9586 0
13276543323122 9834 0
13462571111111 7813 0
13462572213311 16439 0
13527461211113 10245 0
13542671231231 9271 0
13546271213213 8227 0
13546271231231 12469 0
13546271321321 8125 0
13572641122133 5944 0
13576241312213 11868 0
13576241321321 9078 0
13627451332112 10833 0
13642571221223 9774 0
13642571223221 7500 0
13642573221221 9779 0
13645271221331 9774 0
13647521111111 15131 0
13675241112323 12014 0
13675242331313 7759 0
13725642332132 9978 0
13754262123323 17759 0
13762451321321 11143 0
13764251211311 5692 0
13764252323231 10487 0
13765422121211 11489 0
14263751131121 6010 0
14267351321321 11044 0
14275633323122 9665 0
14325671111111 7816 0
14325672112121 8263 0
14325672231323 9091 0
14325672323222 7847 0
14325673123232 8960 0
14325673232333 7504 0
14325673311131 8753 0
14327652131213 6501 0
14327653121213 6558 0
14352672212111 9711 0
14356721112323 7790 0
14356721322233 16346 0
14367252322232 8457 0
14367523311113 13806 0
14523672121313 6463 0
14523673121312 7110 0
14527631121311 7057 0
14527631131211 6592 0
14527631133311 8346 0
14527631211131 8229 0
14527631311121 8068 0
14527632122213 9587 0
14527632212111 9590 0
14527632333332 12761 0
14527633132322 9280 0
14527633312133 12162 0
14536273311311 11106 0
14537622231323 10421 0
14563272323222 8484 0
14567231312213 16597 0
14567231321123 17958 0
14573261333111 10758 0
14625731111111 15620 0
14625731131121 5938 0
14625731322233 16318 0
14625732112121 9354 0
14625732113321 10016 0
14625732213323 10059 0
14625732233111 9757 0
14625733133111 8732 0
14632571111111 10592 0
14632571321132 10228 0
14652733321331 8522 0
14673251111111 10015 0
14723651111213 6774 0
14723651111312 6836 0
14723651112131 7610 0
14723651113121 9686 0
14723651211212 12080 0
14723652322121 11725 0
14723652331232 8329 0
14723653232222 9329 0
14723653313111 9792 0
14723653321313 11263 0
14725361111111 10588 0
14725361111123 13338 0
14725361322332 20158 0
14725362211121 10890 0
14725363211213 9577 0
14725363213121 9233 0
14725363223213 10186 0
14725363311113 9011 0
14726531223122 9731 0
14726531232122 9587 0
14726531233313 9648 0
14726531333312 10045 0
14726532232313 9870 0
14726533323122 9288 0
14735621221112 8198 0
14735621223113 9336 0
14735621223332 15974 0
14735621233112 10339 0
14735621323112 10473 0
14735621332112 8048 0
14735621333111 8579 0
14735621333222 16474 0
14736251111132 9503 0
14736251112332 10265 0
14736253222223 7833 0
14736521132222 11943 0
14736521133131 13383 0
14736521211212 11316 0
14736521213333 9031 0
14736521221313 12273 0
14736521321231 7054 0
14736521322233 5702 0
14736521332121 12113 0
14736523112222 12076 0
14736523113131 12932 0
14752363222121 11399 0
14752363232222 12659 0
14752363233131 9235 0
14752631111111 10736 0
14752631112311 13931 0
14752631323223 16086 0
14752632332132 9245 0
14752633213223 9319 0
14752633222223 8715 0
14752633223123 9793 0
14752633223231 16163 0
14753261221112 7494 0
14753261323112 11010 0
14753261333111 7639 0
14762351221331 9167 0
14762351321231 8374 0
14762351331221 7460 0
14763251221223 7067 0
14763251222312 8480 0
14763251332331 9155 0
14763251333123 6470 0
14763252322121 6129 0
14763253132232 6213 0
14763253133132 6020 0
14763253133222 7176 0
14763253133231 6753 0
14763253221221 6310 0
14763253222112 6126 0
14763521113211 9328 0
14763521113223 10398 0
14763523222331 7082 0
14765231111213 7770 0
14765231111312 8202 0
14765231112131 7564 0
14765231113121 6767 0
14765231133131 9175 0
14765232211211 11018 0
14765232232322 9087 0
14765232331313 11597 0
14765233113131 9258 0
14765233323332 8314 0
15236471111111 16728 0
15236473231121 9831 0
15243671331221 9551 0
15246371331332 7708 0
15246371332331 8036 0
15246372331331 7791 0
15267431223113 10781 0
15273641112323 21243 0
15324673113311 12011 0
15342671211311 4686 0
15346271321321 9948 0
15367421211113 14581 0
15367421223113 12161 0
15367423211123 14584 0
15426371111111 7471 0
15426371112233 11945 0
15463271313113 10729 0
15624732123212 13494 0
15624732133313 11099 0
15624732333332 9704 0
15627431223113 7590 0
15627431322113 10424 0
15627431332112 7714 0
15634722123332 8322 0
15634722321233 9050 0
15637423211123 5714 0
15642371111111 5755 0
15642372213311 6467 0
15642372231332 8589 0
15642372331322 8244 0
15642373212311 6400 0
15642373221323 11668 0
15642373231223 11214 0
15643271221331 8597 0
15643271331221 8741 0
15643273223111 8528 0
15647233213232 10764 0
15672341113232 7013 0
15672341323112 8740 0
15672342323312 7877 0
15672343213232 7385 0
15672433312133 19734 0
15724362212132 8872 0
15724631111111 14893 0
15724631211311 5625 0
15724631322233 16319 0
15724632123233 9764 0
15724632313223 16071 0
15724632323231 9785 0
15724632323333 8311 0
15724633132322 8714 0
15734622331223 8884 0
15746321111111 11619 0
15746321323211 9710 0
15746322313112 9693 0
15762342122213 10970 0
15763241111111 9922 0
15763242323132 10360 0
16243571132132 8768 0
16243571231231 8552 0
16243571321321 12567 0
16245371231231 10523 0
16254733312223 10361 0
16257431132111 10150 0
16257433223123 10140 0
16273541122133 12388 0
16273541321321 9225 0
16275341312213 7501 0
16275343122221 10293 0
16327453232333 8038 0
16342571331221 10219 0
16345271111111 7721 0
16345271133131 9347 0
16345271222111 9077 0
16345272322232 7820 0
16345272333212 8868 0
16345273122323 9205 0
16345273233323 7625 0
16347252131312 7225 0
16347253121312 6436 0
16357421223113 11189 0
16374521112323 7381 0
16374523211123 11927 0
16423572112121 11331 0
16427531211311 10352 0
16427531231321 8635 0
16427532333233 7793 0
16453271111111 14672 0
16453271211113 14599 0
16453272111131 12039 0
16475233132313 12080 0
16523473332323 8140 0
16523741112212 10932 0
16524731112212 12973 0
16524731112233 8310 0
16524731113133 8006 0
16527341111111 6582 0
16527431123333 6228 0
16527431222132 6842 0
16527431312222 10259 0
16527431333213 6028 0
16527432113333 5812 0
16527432211322 7013 0
16527432231122 6897 0
16527432231332 6598 0
16527432331322 6263 0
16527432333113 5953 0
16527433312133 6768 0
16532471111222 10963 0
16534271111111 4851 0
16534271111132 7958 0
16534273211111 8548 0
16534723211123 7084 0
16537421111222 12771 0
16537421113322 7490 0
16537421113331 8442 0
16537421223113 7678 0
16537421233112 10525 0
16537421332112 8038 0
16542371221331 7597 0
16542371331221 7882 0
16542372112331 8908 0
16543271221223 6340 0
16543271223221 5965 0
16543271331332 6716 0
16543271332331 9840 0
16543272331331 5974 0
16543273221221 6346 0
16543721111111 4949 0
16543721113211 7977 0
16547233332323 7127 0
16547321113331 11939 0
16572431111111 6878 0
16572433213223 10562 0
16573241123123 8834 0
16573241312312 10135 0
16574231113133 11019 0
16723451122133 16427 0
16723451322311 16501 0
16725431121311 7300 0
16725431131211 7630 0
16725431211122 9146 0
16725431211131 6615 0
16725431311121 6622 0
16725432211121 9210 0
16725432232223 8074 0
16725433113311 9193 0
16725433122212 9570 0
16725433333232 9029 0
16735242122213 14842 0
16742352232313 10995 0
16743252323222 7392 0
16745232121313 6872 0
16745232122222 6101 0
16745233121213 6037 0
16745233333313 6530 0
16753241221112 11112 0
17246351111111 7568 0
17265433111313 19374 0
17324561211323 16630 0
17324561232332 9809 0
17326452212111 13441 0
17356241212313 10489 0
17356242211331 10343 0
17362451211311 4757 0
17362451231321 8661 0
17362452213311 8080 0
17364251231231 12145 0
17423653213232 9529 0
17425631122112 8707 0
17425631223113 8226 0
17425631313113 8909 0
17425631322113 10204 0
17425631322332 15950 0
17425631323112 10538 0
17425631323223 15787 0
17425631332112 9130 0
17426531112233 6180 0
17426531121212 9892 0
17426531132312 11967 0
17426531213123 12184 0
17426531223221 10344 0
17426531232233 6994 0
17426531313131 8455 0
17426531331332 10961 0
17426532121211 8184 0
17426532331331 12703 0
17435622211133 5666 0
17435623211123 5904 0
17436521323232 5343 0
17452363213232 7936 0
17452363322132 12620 0
17452633213232 9993 0
17453262211133 5770 0
17462352213311 5072 0
17463251122112 10126 0
17463251221331 7315 0
17463251313113 7791 0
17463251321231 7613 0
17463251323112 10717 0
17463251331221 7883 0
17526431131121 10756 0
17526431231321 8424 0
17526432123233 8702 0
17543261111111 13169 0
17543261132111 11735 0
17642531111111 7557 0
17642531112233 11805 0
17642533312211 11918 0
17643251122112 11038 0
21345671111111 5396 0
21345762223322 12607 0
21345762312323 6783 0
21345762313223 6429 0
21345763332233 12767 0
21346752313322 5921 0
21347562312323 21145 0
21354671122112 8119 0
21354671131313 11235 0
21354671221112 8471 0
21354672311123 6496 0
21354672311132 6340 0
21354672313211 5851 0
21354673131113 11686 0
21354761112233 16138 0
21354761112311 9292 0
21354761113211 9712 0
21354761113322 18065 0
21354761122211 9484 0
21354761133311 9941 0
21354762213311 16709 0
21354763312211 15921 0
21357462311111 12287 0
21357463213331 10111 0
21357642221132 15160 0
21364752311111 11770 0
21364753212212 9003 0
21365742221312 7738 0
21365742312323 11921 0
21367451311331 10038 0
21367452112112 8728 0
21374653333121 11171 0
21375462312233 7478 0
21375463333211 10414 0
21376541111123 6911 0
21376541112311 9314 0
21376541122211 7856 0
21376541131133 7504 0
21457631321123 10898 0
21473563331312 13009 0
21536742222131 11462 0
21654372231323 7487 0
21654372233321 7027 0
21654373332122 7756 0
21654373332221 9040 0
21734652123131 11973 0
23147562123131 6188 0
23147651112323 10770 0
23147652312323 8249 0
23156471222132 9801 0
23156471333132 11413 0
23156473323332 13588 0
23157461231333 14454 0
23157462131123 14689 0
23164573213133 8641 0
23164752131312 9844 0
23164753333313 9836 0
23165471111111 5960 0
23165471311133 8831 0
23165471312132 9783 0
23165472111122 9450 0
23165472111332 10034 0
23165472132332 10082 0
23165472311111 15643 0
23165473233221 16419 0
23165741112323 6444 0
23165741231312 18036 0
23165742123131 4754 0
23165742131321 18157 0
23165742131333 17831 0
23165742312323 7811 0
23165743331312 17706 0
23167541233322 8236 0
23167542131222 10593 0
23174652123131 4994 0
23175463211222 10280 0
23176452132221 10569 0
23176453332233 10632 0
23416752121211 15711 0
23417563232123 11259 0
23456173212332 9073 0
23456173233122 8339 0
23456713212332 9146 0
23475162121112 12547 0
23517462131333 11372 0
23576412233321 11846 0
23576412312323 11506 0
23657142121112 12614 0
23671452122333 20377 0
23674153232321 5518 0
23751461132123 9506 0
23751463112321 9594 0
23756143222331 10548 0
23756411222312 8024 0
23756413222112 11315 0
23756413223312 7861 0
23756413322312 7899 0
24153672321233 10954 0
24157361313212 9789 0
24157362323111 19267 0
24167353132232 13175 0
24173652323231 7994 0
24315673311311 12489 0
24315761122322 9038 0
24315762213323 9330 0
24351671212211 8835 0
24351673111133 8552 0
24351673311311 8690 0
24351761111123 11665 0
24351761212232 9389 0
24367511323112 11786 0
24367513111121 9898 0
24376512222122 10954 0
24516732233111 6000 0
24531673123121 13274 0
24536713231232 10542 0
24537613231322 8787 0
24561372111131 9903 0
24563711121212 12190 0
24563712121232 12880 0
24563713121222 12634 0
24571362221213 14486 0
24571631121212 15007 0
24615371112332 7642 0
24615372213311 12039 0
24615731122313 17822 0
24615731132333 17945 0
24615732111323 17950 0
24615732213311 7791 0
24615732233321 6568 0
24615733113323 18066 0
24615733311122 4873 0
24617532233321 17186 0
24637512311132 6179 0
24651731113223 10507 0
24651731333333 8358 0
24715363311332 9480 0
24715631111111 15818 0
24715631122121 10668 0
24715631122133 10190 0
24715632313223 15523 0
24715633112111 5853 0
24715633131131 10330 0
24716532323231 13697 0
24731561111111 10045 0
24731562311231 10621 0
24736512222332 14773 0
24751362221231 17674 0
24751362321113 20932 0
24761531221223 14527 0
24763151111111 9879 0
24765313222112 14195 0
25134672233321 11687 0
25134672312323 11800 0
25134672313211 7581 0
25137461111111 12401 0
25137461211323 9163 0
25163741112323 17286 0
25314673111313 9662 0
25314673111331 7598 0
25314673131311 9654 0
25341673113311 14615 0
25341762313223 11769 0
25364172311231 10614 0
25364173223231 10326 0
25367411211122 11266 0
25413672323111 15159 0
25413763121222 14884 0
25436711311313 9814 0
25436712123122 9594 0
25436712123332 9383 0
25436712132122 10035 0
25436712323231 13607 0
25436713232321 6081 0
25436713332122 9364 0
25463713212332 8849 0
25471362323132 9520 0
25471631312213 14220 0
25631741212121 17090 0
25634713321232 11581 0
25641371213132 13269 0
25714632123131 6053 0
25714632223331 6404 0
25714632313211 4520 0
25714633121333 13270 0
25716431212223 10722 0
25716433223213 10945 0
25731642232211 16740 0
25734162221111 10801 0
25734613113323 13648 0
25736141111123 8391 0
25736141233232 7608 0
25736411133113 11331 0
25736411231321 6299 0
25736411321312 11378 0
25736411331113 11379 0
25736413123112 12041 0
25741361232113 5828 0
25741632222323 8305 0
25741632312323 7457 0
25743611233232 11244 0
25763142223133 6282 0
25763411332322 9208 0
26135742132221 9576 0
26135742213323 5939 0
26135742332312 9162 0
26153471122121 7812 0
26153473131131 7691 0
26153473132121 9494 0
26154372332213 19615 0
26175432331133 11649 0
26317451212211 13433 0
26345711223113 7848 0
26371453112111 6486 0
26415731322323 7688 0
26415732121223 8415 0
26415732233321 11903 0
26435712222122 17021 0
26435712233321 8554 0
26435712311132 4322 0
26435712322322 13169 0
26435713311122 5803 0
26435713333133 15050 0
26437512122312 8432 0
26453172211133 5810 0
26453711333333 7960 0
26513471122121 11385 0
26517343333313 20473 0
26534713333313 8806 0
26543171111111 14466 0
26543171123111 11510 0
26547313131323 11059 0
26573413331312 10922 0
26714531212133 13643 0
26714532121133 15008 0
26715433231322 9913 0
26741351232113 11465 0
26743512121232 12853 0
27134561131133 10656 0
27154632311132 12615 0
27314652313211 7661 0
27365412321212 15193 0
27415363131113 14229 0
27415632323231 12069 0
27415633321322 10829 0
27416532133232 9094 0
27416533321232 10531 0
27435612122222 8086 0
27453161123111 9575 0
27453161132111 10729 0
27456133132223 11108 0
27516341111111 5544 0
27534161111111 5106 0
27534161111123 10688 0
27534162311111 8080 0
27534612311132 5034 0
27536412332312 11165 0
27543611111123 12146 0
27543611111132 9808 0
27546312231122 20651 0
27613543333133 13146 0
27614353311332 11228 0
27615431312333 9281 0
27615432113321 5916 0
27615433313213 9690 0
27634511131133 7583 0
27634512233321 8297 0
27643513311233 16861 0
31246753312211 6298 0
31247651113232 9634 0
31247651323232 10926 0
31256471231222 8641 0
31257462222221 8223 0
31257462312311 7637 0
31257643311122 5926 0
31264572122213 11867 0
31264573132313 12674 0
31264573222223 9116 0
31264752132122 11671 0
31264752313121 11809 0
31265471111111 13430 0
31265471122112 10913 0
31265471122133 9334 0
31265471312213 9677 0
31265471313113 9032 0
31265471321111 10610 0
31265472233321 20035 0
31265472312233 10285 0
31265741233331 10067 0
31267542222233 13553 0
31267542313133 13691 0
31275461112233 6667 0
31275461322233 6219 0
31275462133211 13543 0
31275462223211 12053 0
31275462311213 14809 0
31275462312212 12505 0
31275463311122 4761 0
31276452133322 9497 0
31276452313313 8490 0
31452671323211 11642 0
31452671332232 9575 0
31452672322331 9806 0
31456722111221 10667 0
31462751111111 7651 0
31462751113322 11478 0
31475261322233 12097 0
31475262331313 9065 0
31475262333221 7919 0
31524673332122 13973 0
31527643332122 11493 0
31564272212111 9262 0
31564272213311 8392 0
31564273113311 7563 0
31572461122133 5901 0
31624751112233 11748 0
31624753312211 11405 0
31627452221333 13012 0
31654272313322 10852 0
31754621331122 18352 0
31765242322121 14078 0
32145671111111 4744 0
32145671123333 11427 0
32145671132222 12075 0
32145671221112 8792 0
32145671333333 10387 0
32145672113333 12274 0
32145672212222 9859 0
32145673112222 11832 0
32145673311113 9300 0
32146751232323 8428 0
32146752232223 7943 0
32147562313223 7251 0
32147562333233 9685 0
32147651123333 6484 0
32147651132222 7322 0
32147651213333 6819 0
32147651312222 7096 0
32147652113333 8026 0
32147652231332 5761 0
32147652233213 9201 0
32147652331322 5885 0
32147652332213 9139 0
32147653112222 6474 0
32156471111111 5649 0
32156471113211 14917 0
32156471232332 16162 0
32156472312332 8943 0
32156472332132 8195 0
32156472332321 16415 0
32156472333332 9857 0
32156473223123 8598 0
32156741112323 4547 0
32156742311123 6426 0
32156742313223 6154 0
32156742333131 11421 0
32157641232323 7337 0
32157642231323 8329 0
32164571111111 14027 0
32164571111231 10766 0
32164571232323 8267 0
32164572232223 9679 0
32164572232313 8729 0
32164572233321 15971 0
32164572312323 16041 0
32164573323212 9131 0
32165741111111 5872 0
32165741111132 15844 0
32165741233223 15624 0
32165742211112 10766 0
32165742331112 10211 0
32165743311131 10431 0
32167451111111 7704 0
32167451213333 11797 0
32167451222222 11838 0
32167451312222 11898 0
32167451333111 7718 0
32167452211121 8023 0
32167453222313 8583 0
32167453313333 9909 0
32167453321232 9181 0
32174561112323 5921 0
32174561232113 6796 0
32174561232233 8044 0
32174562231212 10966 0
32174652312332 8830 0
32174652332132 7689 0
32175461111111 14165 0
32175461113112 5625 0
32175461221112 9290 0
32175461333111 9939 0
32175462233111 9423 0
32175462312323 18053 0
32416753121222 14401 0
32417562113321 10739 0
32417652132131 10541 0
32417653132121 9341 0
32451762331121 12898 0
32456173212332 9166 0
32456711233133 20274 0
32465172112121 9436 0
32465172132131 8222 0
32465172133121 8878 0
32465172332321 16003 0
32465173123121 8600 0
32465173132121 9129 0
32465173133111 8146 0
32465173233221 16490 0
32475161232323 14763 0
32475163331222 9835 0
32476513232231 18447 0
32517463131311 19556 0
32546713323212 10726 0
32547611121113 8166 0
32547611131112 7277 0
32547611213111 8665 0
32547611312111 8463 0
32547612111311 8212 0
32547613111211 7341 0
32561471113133 9674 0
32561471121311 6815 0
32561471122211 12099 0
32561471131211 6833 0
32561471211131 9562 0
32561471311121 7489 0
32561472133313 11353 0
32561472213122 11607 0
32561473222223 9353 0
32561473323212 8105 0
32567412122222 7479 0
32567412131312 6822 0
32567412222212 6139 0
32567413131212 7192 0
32567413133333 6232 0
32576142313223 12001 0
32615473332122 9841 0
32647152133121 12340 0
32647153132121 10260 0
32647512333233 13745 0
32657143121213 16837 0
32657412111212 10133 0
32671453123313 12561 0
32674152113333 20772 0
32714652332132 10726 0
32716452123212 15610 0
32741651121311 8112 0
32741651131211 7241 0
32741651211131 8363 0
32741651311121 8568 0
32741652111113 7177 0
32741653111112 8071 0
32745611223332 16561 0
32745612313322 16542 0
32745612322331 16445 0
32751643321232 11056 0
32754163211123 16675 0
32756141233121 13742 0
32761452121313 5830 0
32761452122222 6393 0
32761452222212 6598 0
32761453121312 7361 0
32761453133333 5885 0
32765411112221 9136 0
32765411121113 6476 0
32765411131112 6727 0
32765411133113 8653 0
32765411331113 8861 0
32765412221312 9735 0
32765412323222 7497 0
32765413122212 9696 0
32765413223312 11614 0
32765413231223 8298 0
32765413322312 12125 0
34125672131213 6064 0
34125672131312 6755 0
34125672221222 5979 0
34125673133333 6624 0
34127651121113 8455 0
34127651131112 8485 0
34127651213111 7153 0
34127651312111 7292 0
34127652111311 8147 0
34127653111211 9229 0
34162752132212 18897 0
34165271112212 10902 0
34165271121311 8085 0
34165271131211 7653 0
34165271211131 8186 0
34165271311121 6748 0
34165271311133 9279 0
34165272323333 8055 0
34165273133312 11697 0
34165273222322 9185 0
34165273311131 9191 0
34167252213323 16638 0
34172562132332 11552 0
34172562313331 10883 0
34175263321232 9318 0
34216572213122 17639 0
34261572132131 7374 0
34261572133121 8499 0
34261573123121 7520 0
34265712212132 11284 0
34275161312213 7440 0
34275162112322 8279 0
34275162213221 9066 0
34516271111111 5713 0
34516272312332 12265 0
34516722313223 5161 0
34517622231323 11160 0
34521672223232 7273 0
34526713232312 8285 0
34527612211322 9767 0
34527612231122 10002 0
34527612231332 7125 0
34527612331322 6296 0
34527613312133 6217 0
34561272122123 6146 0
34561272122321 8501 0
34561272212213 6324 0
34561272213122 6231 0
34561272232211 7093 0
34561273221233 7270 0
34561273233131 6478 0
34561273311233 6853 0
34561273313321 9182 0
34561273321133 6120 0
34561273321223 6313 0
34561721111111 5967 0
34562171321111 10043 0
34562171321231 9530 0
34562172232313 7856 0
34567212223232 8836 0
34617252111212 12999 0
34617252123212 12535 0
34617252132212 12180 0
34617522221333 10161 0
34621572132131 10650 0
34625172111212 15013 0
34627512232313 9180 0
34651271123111 9804 0
34651272332132 10574 0
34675212222122 14173 0
34715262221123 13588 0
34716522223211 11558 0
34721652121313 6944 0
34721652131213 7095 0
34721652221222 6117 0
34721652222212 7384 0
34721653333313 6135 0
34725611212211 9249 0
34725612111113 6546 0
34725612121322 9854 0
34725612231212 9820 0
34725612231332 12106 0
34725612322232 7468 0
34725612331322 11592 0
34725613111112 7119 0
34725613111133 8767 0
34725613132223 8540 0
34725613311113 8561 0
34761252323222 8958 0
35126741232212 13493 0
35126742231233 13588 0
35127462331331 13745 0
35162472122231 9614 0
35162472123233 9386 0
35162473122221 9472 0
35162473323131 9929 0
35162473332122 9898 0
35162473332131 9526 0
35162742213323 13797 0
35167242132212 14626 0
35172461232323 16097 0
35174262213131 13991 0
35174262231113 13348 0
35246171111111 7526 0
35246171113322 11456 0
35246172213311 11661 0
35267141223233 10503 0
35267141321132 10065 0
35271461322233 18947 0
35416721113112 10060 0
35416723232213 7521 0
35417622223133 5484 0
35426712131132 15733 0
35426712311312 11206 0
35426713111313 8725 0
35426713131113 8685 0
35426713312211 8698 0
35461271111231 10826 0
35461271321231 9355 0
35461272222323 6964 0
35462171131313 12096 0
35462171212121 9053 0
35462171221223 12954 0
35462171332331 11337 0
35462172213311 5717 0
35462172223331 7148 0
35462172312131 12144 0
35462173123211 11200 0
35462173131311 11958 0
35462173221221 13407 0
35462712322322 11651 0
35472163222313 8443 0
35472163231322 7912 0
35476122221111 10798 0
35614722321233 10577 0
35617423131332 7925 0
35624712121232 7987 0
35624712321212 8015 0
35624712321332 11298 0
35624712331232 8006 0
35714623111322 18796 0
35721642221213 17551 0
35762142222113 13693 0
36125471111333 9084 0
36125471212112 9308 0
36125471213111 6811 0
36125471222111 9238 0
36125471312111 7887 0
36125472111311 7397 0
36125472121223 9449 0
36125473111211 7727 0
36125473232222 8219 0
36125473323233 9043 0
36125743222331 14483 0
36127451333222 19752 0
36145272122222 6001 0
36145272131213 6313 0
36145272131312 6961 0
36145273333313 6553 0
36147251121311 8454 0
36147251131211 8359 0
36147251211131 8165 0
36147251311121 7063 0
36147252111113 8971 0
36147253111112 7760 0
36152741231312 10814 0
36152742131321 11042 0
36172452133133 11157 0
36217452131333 12811 0
36217541223311 9482 0
36217543213112 9607 0
36241573212332 11133 0
36241753212311 8061 0
36415272123212 11290 0
36417522123311 14691 0
36514272212111 13113 0
36521472113321 16596 0
36521472331121 16443 0
36527411131133 8403 0
36527412111113 7417 0
36527412131222 9472 0
36527412211322 11497 0
36527412221312 10068 0
36527412231122 11501 0
36527412322232 6706 0
36527413111112 7498 0
36527413311311 8510 0
36541272323222 7325 0
36542712121322 16766 0
36547212121313 7395 0
36547212122222 6622 0
36547212131312 5925 0
36547212221222 6492 0
36547213331333 5982 0
36712542121112 7906 0
36712542121121 7963 0
36712542121211 11190 0
36712542122111 7995 0
36714252232223 8409 0
36714521232113 8607 0
36714522121322 12865 0
36714522122213 11839 0
36714523132223 8631 0
36714523132322 8589 0
36721451131331 8491 0
36721452121322 10039 0
36721452122123 11482 0
36721452122213 9453 0
36721452122321 11476 0
36721452131111 7619 0
36721452223232 6627 0
36721453113113 8390 0
36721453121111 7539 0
36725411121212 9210 0
36725411131313 9032 0
36725411212121 9777 0
36725411313131 9287 0
36725412111212 9463 0
36725412121112 9060 0
36725412121211 9549 0
36725412121232 9179 0
36725412123212 9735 0
36725412321212 9761 0
36725413111313 10388 0
36725413131113 9401 0
36725413131311 10637 0
36741252122123 9983 0
36741252122321 9744 0
36741252122333 6197 0
36741252123323 7023 0
36741253233131 6193 0
36745211211221 9235 0
36745212121223 9796 0
36745212122312 9832 0
36745212122333 11500 0
36745212123323 12009 0
36745212131111 6445 0
36745212223232 7370 0
36745213121111 7881 0
36745213131131 8675 0
36745213133111 8878 0
36745213232213 8195 0
36751243222322 9095 0
36752142122132 15893 0
36752142123221 11676 0
36752143132232 11398 0
36752143133222 11355 0
36752143211132 6397 0
36754123232222 9397 0
37246511112233 16556 0
37256142321233 11303 0
37415622333221 8288 0
37426513132313 9417 0
37452162323312 10805 0
37516422333311 10199 0
37561241311112 9761 0
37612453122233 8710 0
37612542221111 10435 0
37614252221123 10254 0
37614521111111 13585 0
37614521323232 6203 0
37614522111221 9284 0
37614522113321 9572 0
37614522313322 10018 0
37614522323312 9480 0
37614523232213 9718 0
37615421113322 8529 0
37615422211133 4437 0
37615422223133 5775 0
37615422313121 17142 0
37615422313331 13074 0
37615423121132 15166 0
37624152311213 11283 0
37624511232233 6420 0
37624512121322 12897 0
37624512231212 11329 0
37624513131323 11238 0
37624513231313 11284 0
37641252222323 8689 0
37642152213311 5149 0
37642513122221 13763 0
37645122312221 7984 0
37651242211133 6299 0
37651422312311 8338 0
37652141113232 8414 0
37652143231322 7484 0
37654212311222 15160 0
41236753232321 6360 0
41237561313131 11091 0
41263751312222 16868 0
41325671212211 9705 0
41325762313223 12471 0
41325763131233 7819 0
41352671212112 7888 0
41352671212121 7920 0
41352671222111 7802 0
41357622313112 11462 0
41367253111133 12359 0
41532672313211 7452 0
41532761233133 11503 0
41563273113311 10967 0
41576322212222 15681 0
41625372313211 7385 0
41625373121213 10390 0
41625731222231 9182 0
41635721212121 12668 0
41657321222312 12914 0
41673252212222 14464 0
41673521111111 9631 0
41723562313211 18922 0
41725361232113 4663 0
41725361321213 12489 0
41725362221213 14916 0
41725362313211 6119 0
41725362313223 6649 0
41725363121222 13664 0
41725363121231 12029 0
41725631111111 5606 0
41725631211122 9275 0
41725632322331 18180 0
41725633111133 9914 0
41725633121123 9324 0
41725633211111 14074 0
41726352313322 5874 0
41726532312233 16080 0
41735261323313 8395 0
41735262312233 7413 0
41735263123223 9182 0
41735621233232 8689 0
41735622313322 14741 0
41736521233232 8031 0
41736522332231 8566 0
41752631222123 11210 0
41752632311123 8013 0
41752632312323 6920 0
41752632313211 5894 0
41756231321213 11527 0
41756233121231 10861 0
41762532221333 13514 0
41762533123331 12998 0
41765231233232 10863 0
41765322221312 9044 0
41765322313211 12077 0
41765323122212 8038 0
42136752131312 16629 0
42137561123333 20036 0
42137653122131 10887 0
42137653132121 10178 0
42157633231322 12169 0
42163751121212 12803 0
42165373223123 7778 0
42167532131333 11666 0
42315673112111 5264 0
42351671212211 10542 0
42351763231133 18490 0
42367153111121 13068 0
42367153211123 11715 0
42516372233111 6885 0
42561733323122 10586 0
42573612323231 9662 0
42573613322231 10250 0
42613572313211 11744 0
42615371313332 12585 0
42615372213311 6763 0
42615372221213 12884 0
42615372313211 6339 0
42651372213311 21265 0
42651733311122 6312 0
42673512232133 5949 0
42751632321233 9589 0
42751632323231 7373 0
43126572133313 10458 0
43167251232212 11213 0
43176252123131 11924 0
43176252311132 11264 0
43216573132121 8438 0
43216573132223 9420 0
43216573212311 8614 0
43216573212332 9491 0
43512671313332 11634 0
43527612312323 8077 0
43561271111111 6031 0
43571262122222 16960 0
43572161111111 6454 0
43572612312323 6321 0
43576211123222 11774 0
43576212112232 11905 0
43615271333312 9149 0
43615272113321 9302 0
43617521223221 14794 0
43621752213323 11273 0
43651722323132 11377 0
43675122222122 14216 0
43675211221331 9180 0
43721653231313 15263 0
43751623123313 10854 0
43765212222122 11919 0
45167323322231 9114 0
45176231131313 7596 0
45176231133113 7649 0
45176231331113 8355 0
45176233131113 7551 0
45176321131133 14904 0
45213672221123 13027 0
45273162222122 11602 0
45276131131133 12665 0
45312671222312 13645 0
45312672223331 7131 0
45312672233321 6598 0
45312672313211 4388 0
45312673132313 8781 0
45312673222112 13415 0
45312673231313 8679 0
45312761113211 9409 0
45312761133311 9448 0
45312762221111 9368 0
45312762311111 8638 0
45321671212211 8435 0
45321671221121 8649 0
45321673113311 12449 0
45327612222323 10637 0
45362712122222 17731 0
45367122223133 5753 0
45367211111132 9196 0
45367211211122 7476 0
45367213111133 7615 0
45376121131133 8053 0
45376121331311 12521 0
45376211333123 12562 0
45376213131323 9209 0
45376213333322 11646 0
45612371133221 18189 0
45612372331121 16259 0
45612373112231 16833 0
45612373132121 9219 0
45612373132223 9925 0
45612373322111 16040 0
45612373332122 9607 0
45612373332221 9418 0
45613271331221 8808 0
45613272233111 11649 0
45621373123331 9330 0
45621373211111 12407 0
45621732212123 13493 0
45621732233333 13616 0
45623712332123 9629 0
45623713322321 9582 0
45637123132121 10217 0
45637123332122 9350 0
45671231132231 9904 0
45671233112132 19247 0
45673212212132 14948 0
45673213211222 13161 0
45713623223132 12805 0
45721363321313 7757 0
45721363322231 8128 0
45732612233321 16647 0
45736121122211 13715 0
46123571111111 10249 0
46123573232123 11663 0
46125731333123 13139 0
46127351131313 12477 0
46127352131333 13225 0
46127353131323 13116 0
46135272133313 14832 0
46153273131131 14081 0
46157233333232 8666 0
46157321331233 9448 0
46215372121223 7796 0
46215372313211 12454 0
46257132211133 7495 0
46257313312211 18826 0
46273512122312 7731 0
46273513221212 8247 0
46275311123222 13645 0
46275312112232 14895 0
46275312132212 12390 0
46275312232133 4784 0
46275312313211 6554 0
46275313121222 11937 0
46275313312211 6234 0
46321752111131 10369 0
46352171211233 9713 0
46352172113231 16753 0
46372511221331 9935 0
46375211211332 20129 0
46375212113111 13461 0
46375212132131 8916 0
46375212132221 9703 0
46375212332222 10304 0
46375213112111 10492 0
46375213123121 10795 0
46375213333121 9351 0
46512371331221 9845 0
46512372113321 13637 0
46513272332111 12240 0
46513273113221 8321 0
46523711331332 12829 0
46527133111121 11970 0
46572311223122 9386 0
46572312132122 8369 0
46721533123313 13722 0
47123562232133 7526 0
47123651233232 9917 0
47126351233232 10626 0
47126532133133 17888 0
47132562311111 8456 0
47132563222331 13182 0
47132652233321 5530 0
47135622132332 8727 0
47136252133112 10995 0
47152361233232 9503 0
47152631322131 13535 0
47156231332313 13539 0
47156233211132 6370 0
47156233223312 12122 0
47156233233113 13550 0
47156233322312 11999 0
47156321111111 6059 0
47156321133311 9827 0
47156322132311 9355 0
47156322313232 14615 0
47156322332132 8753 0
47156322332312 9435 0
47156323223123 8105 0
47162351322122 8414 0
47163522131222 8421 0
47165321232113 4737 0
47165321322131 12780 0
47165322132212 12375 0
47165322133112 12617 0
47165322232133 5504 0
47165322313211 6289 0
47216352131333 11955 0
47251363131113 12751 0
47251632131312 20017 0
47256133212311 8430 0
47256133321232 13301 0
47265312122222 9167 0
47265312131312 8373 0
47265312313211 7314 0
47321651311133 10862 0
47352612123131 11479 0
47352612311132 11686 0
47352612313211 7413 0
47512632312323 11526 0
47621532232331 9288 0
47621533231121 12301 0
47632152233321 10818 0
47632153212311 8194 0
47632153232321 5010 0
47632513212332 13781 0
47652132231323 10784 0
47653213211231 10596 0
47653213232111 9945 0
51264731113322 11823 0
51264732213311 11163 0
51267342312233 14372 0
51324671211122 8933 0
51324672212111 7699 0
51324673113311 7977 0
51324761111123 13658 0
51324763113332 8656 0
51342672212111 10525 0
51342763312223 6913 0
51367241211113 10001 0
51423671221331 11331 0
51426731111111 7517 0
51426733312211 11410 0
51472361131313 15722 0
51472633331312 10170 0
51623471321111 6606 0
51623743313321 20494 0
51624731312123 10691 0
51624733323113 10755 0
51632741323232 5423 0
51642371122313 11289 0
51642731113322 5114 0
51647231113232 8116 0
51723643131311 10426 0
51724362122222 9484 0
51724363121213 8466 0
51726433123313 11470 0
51732643121213 20748 0
51742632323231 9691 0
51742632323333 7808 0
52134761232113 11551 0
52147631121311 8359 0
52147631131211 7367 0
52147631211131 7922 0
52147631311121 8403 0
52147632111113 7119 0
52147633111112 8112 0
52163471112122 9472 0
52163471213111 8168 0
52163471312111 8326 0
52163471333123 12046 0
52163472111311 6555 0
52163472131222 9466 0
52163473111211 7295 0
52163473111331 8450 0
52163473221323 7711 0
52163473323332 12859 0
52167342121232 15331 0
52167432121313 6515 0
52167432122222 7112 0
52167432131213 7406 0
52167433133333 7279 0
52167433331333 6237 0
52174633223123 12518 0
52314673311311 15037 0
52314761322122 11656 0
52341671111111 4585 0
52341671122211 10054 0
52341671311313 7531 0
52341672211112 10045 0
52341672232313 8425 0
52341672323222 7978 0
52341672323312 13009 0
52341673133111 7636 0
52341673232213 8992 0
52341673232333 6721 0
52341673323212 10500 0
52361472121313 7197 0
52361472131312 6341 0
52367142211121 11598 0
52367412322232 7370 0
52374161112323 7545 0
52376413222223 10790 0
52463173212332 12124 0
52463713212332 11047 0
52471631223113 9951 0
52471631323112 9963 0
52614372313211 5828 0
52641733212311 8369 0
52641733232321 9823 0
52673413232123 11368 0
52713461232323 7958 0
52714361232113 6200 0
52714633213223 8828 0
52714633223123 7846 0
52731641233112 10183 0
52731641323112 10248 0
52736141322233 5134 0
52741362313211 10647 0
52741362313223 9543 0
52741632122333 6000 0
52741632123323 5877 0
52741632212213 7300 0
52741632212231 7071 0
52741632232211 6455 0
52741633221233 9256 0
52741633313312 6463 0
52741633313321 6797 0
52741633321223 9320 0
52741633323311 8009 0
52743611111213 7365 0
52743611111312 8236 0
52743611112131 8687 0
52743611113121 8487 0
52743612131111 8193 0
52743613121111 7301 0
52761431111213 8478 0
52761431111312 8571 0
52761431112131 7180 0
52761431113121 8290 0
52761432131111 7881 0
52761433121111 9103 0
52763143222331 8810 0
52763411222312 9641 0
52763411333123 6098 0
52763413222112 9886 0
52763413223312 6310 0
52763413322312 7141 0
53126471231231 8029 0
53126471231321 8404 0
53126471321321 12998 0
53146272123233 13220 0
53147262123131 10687 0
53162743312223 6031 0
53274163211222 12784 0
53421671321111 4973 0
53421671321231 8079 0
53426171112233 7177 0
53462711113322 5176 0
53467211321111 5845 0
53476121323112 11598 0
53476121323322 11507 0
53614721212121 15646 0
53621471331221 10860 0
53642171111111 7629 0
53672142221213 18831 0
53714622233111 14304 0
53721463223312 12711 0
53724612121112 16440 0
53726143333121 8827 0
53741621323112 9909 0
53741621332112 10298 0
53742612323333 11817 0
53761242121211 12654 0
53761242221213 12979 0
53761242321212 12077 0
53762143222331 9185 0
53762413322123 8389 0
54123673233323 7149 0
54126371331221 11252 0
54127632131213 7407 0
54127632222212 7291 0
54127633131212 6459 0
54127633133333 7296 0
54127633333313 6518 0
54163271133221 16621 0
54163272233111 18055 0
54167231121113 8213 0
54167231131112 7643 0
54167231221211 8660 0
54167231333213 11092 0
54167232112112 10378 0
54167232133313 9353 0
54167232333113 11211 0
54167233232333 8466 0
54167233331213 11822 0
54172633132313 15312 0
54217362233213 16988 0
54217632132212 17419 0
54231671123111 13187 0
54231673123121 11616 0
54261373123121 10460 0
54261732231233 11368 0
54276132233312 8526 0
54312671131331 8111 0
54312672212111 8006 0
54312673311311 12348 0
54317261113112 5914 0
54317621111222 10846 0
54321672212213 6233 0
54321672212231 6062 0
54321672232211 6224 0
54321673313312 6078 0
54321673313321 9724 0
54321673323311 6810 0
54321761211221 8204 0
54321763113113 12121 0
54326171111231 4877 0
54326171112233 8639 0
54326171321231 8062 0
54326711112212 11393 0
54327612223232 7204 0
54361272223232 8362 0
54362171113133 10665 0
54362711111231 5596 0
54362711323112 12061 0
54367121112212 7998 0
54367121113211 7509 0
54367121113331 7431 0
54367122211121 10100 0
54367122311111 9278 0
54367123311113 7762 0
54367211132222 6211 0
54367211213333 9065 0
54367211222132 6250 0
54367211333213 6877 0
54367212211322 8380 0
54367212231122 6037 0
54367212233213 6337 0
54367212332213 7290 0
54367212333113 6144 0
54367213112222 6969 0
54367213312133 6361 0
54371261113331 10796 0
54371621113112 5465 0
54371621113322 8661 0
54376121322233 5060 0
54376211111132 8275 0
54376211111222 9285 0
54376211113133 7583 0
54612371112311 11885 0
54612372222131 9268 0
54612732112223 9753 0
54612733322213 9740 0
54621371133311 10156 0
54621372211121 8856 0
54637211132111 9855 0
54671232221213 13153 0
54712361323313 11923 0
54712362223322 11791 0
54716232222113 11136 0
54716321112323 7636 0
54716322313223 11383 0
54721631111111 7685 0
54721631122121 10034 0
54721631311133 8205 0
54721632133232 9159 0
54721632212222 11814 0
54721632212231 11876 0
54721633231322 8491 0
54721633313321 11697 0
54721633333331 9886 0
54723612131312 7265 0
54723612221222 6498 0
54723612222212 6509 0
54723613121312 5952 0
54723613333313 6004 0
54761233322321 16546 0
54763212322232 8931 0
56123471222312 6896 0
56123471223221 10359 0
56123471331332 5909 0
56123471333123 6642 0
56123472322121 6942 0
56123472331331 6325 0
56123473133132 6055 0
56123473133231 6130 0
56123473222112 6778 0
56123473223312 6139 0
56123473322312 6481 0
56124371111231 6902 0
56124371232323 10827 0
56127433332323 9160 0
56132472333332 8725 0
56132473211111 8451 0
56132473213211 9947 0
56143273332323 7372 0
56147231222132 6979 0
56147231333213 11372 0
56147232233213 11377 0
56147232332213 6822 0
56147232333113 6750 0
56147322333233 9626 0
56173421113112 5805 0
56174232323333 8381 0
56174321232113 5642 0
56213471111111 10339 0
56213743313333 11394 0
56243173133111 12536 0
56243713121333 15194 0
56247132333233 10035 0
56271433111313 13121 0
56271433123313 13106 0
56271433132313 12604 0
56274132331133 8929 0
56274312313211 5775 0
56321473233323 8159 0
56321742211112 13417 0
56324171221331 11389 0
56327411211332 16620 0
56327413213112 16325 0
56341273121213 6482 0
56341273131212 6675 0
56347122333233 10721 0
56347211213111 7591 0
56347211222132 11709 0
56347211312111 9662 0
56347211331131 9776 0
56347212111221 11983 0
56347212111311 8443 0
56347212123233 9921 0
56347212232223 9234 0
56347213111211 7872 0
56347213131332 11383 0
56423171231231 12790 0
56423171231321 7589 0
56423171321321 8466 0
56423172112121 7778 0
56423173132121 8881 0
56423173133111 8143 0
56432713122122 10081 0
56712341232113 11528 0
56712343211123 11866 0
56721343123331 10861 0
56721432312233 19731 0
56723411113313 8394 0
56723411121113 7600 0
56723411131112 7512 0
56723411222312 11376 0
56723412122312 9941 0
56723412323222 7224 0
56723413221212 9351 0
56723413222112 11385 0
56723413331111 8283 0
56732143122113 11258 0
56741231121311 8050 0
56741231131211 9134 0
56741231211131 7194 0
56741231311121 7051 0
56741232111113 8387 0
56741233111112 8360 0
56743212122222 6020 0
56743212221222 7506 0
56743213121213 7214 0
56743213121312 6917 0
56743213331333 6254 0
57123461111111 12071 0
57164322131312 8869 0
57214361323232 6482 0
57214632212213 16525 0
57236141113232 10789 0
57236141322233 8177 0
57236141323232 5126 0
57241631322113 10048 0
57241631323112 10010 0
57246131112233 5504 0
57264132111323 10887 0
57321641311112 14492 0
57321642311132 11619 0
57364212213311 9409 0
57364212313211 10300 0
57364213332122 7741 0
57642311113322 11877 0
61234572231323 8033 0
61234573232213 12645 0
61235741313131 14119 0
61257343232123 9614 0
61274351313131 15555 0
61274532231323 9542 0
61352472233321 11830 0
61352472313211 7501 0
61452731311313 12747 0
61453721111111 13472 0
61453721311112 14908 0
61453723111121 13425 0
61472532123332 9402 0
61472533112111 9951 0
61527431111111 5786 0
61534272311132 4955 0
61534721112311 10742 0
61534721113211 10114 0
61543271111111 5449 0
61543271112311 8565 0
61572432312323 5769 0
61734523222331 12894 0
62134572321323 9310 0
62135471122121 9232 0
62135472132131 8925 0
62135473122131 8711 0
62135473123121 8727 0
62135473131131 8318 0
62135473132121 10101 0
62135473232231 15805 0
62135473322321 15973 0
62135743222331 9096 0
62135743312223 12164 0
62147353123121 10292 0
62147353132121 9390 0
62154733321121 9799 0
62157342132212 14317 0
62173543232132 10920 0
62174351122133 10053 0
62174533311212 14932 0
62317453112111 4858 0
62317453312211 8102 0
62351743112123 15038 0
62371453311311 10671 0
62374511322311 9668 0
62374513112321 11524 0
62374513312112 9828 0
62435172211133 5997 0
62435172311132 5545 0
62435711222222 8386 0
62453713311122 5501 0
62471532232133 7079 0
62475131322323 7745 0
62531472321233 11620 0
62543711211113 10621 0
62543711311112 9656 0
62571432321233 9533 0
62735143223213 8108 0
63125741112323 12001 0
63125743131233 8438 0
63125743133312 7779 0
63142571111111 14975 0
63142571132321 11192 0
63142573112123 18694 0
63172452312323 11290 0
63172452313211 7552 0
63174522332132 10733 0
63247511123132 12923 0
63251743133231 14914 0
63452711311313 7544 0
63452712333221 9967 0
63471522123131 13520 0
63471522323132 13495 0
63471522332132 14795 0
63472512123332 10673 0
63512743313333 16453 0
63541271212211 13349 0
63542713121333 14429 0
63574212123131 11501 0
63574212313211 7536 0
63712542221111 10629 0
63714252123131 5061 0
63714521112323 10969 0
63714522332132 7424 0
63721541233322 7835 0
63724153121213 10180 0
63725141112323 8428 0
63725141233121 15152 0
63725142123131 5684 0
63725142223133 4422 0
63725143122113 17117 0
63725143123313 13189 0
63741252222323 11151 0
63741522123131 5381 0
63742511232221 13192 0
63745123122212 8412 0
63751242221321 9517 0
63751423122311 13062 0
63752141111111 6180 0
63752141122211 9459 0
63752141123213 9918 0
63752142332132 9837 0
63752143123223 9472 0
63752143212323 13486 0
63752143223123 9402 0
63752411223212 11441 0
63752411333213 8706 0
63752412312323 8730 0
63752412322112 11396 0
63752412333113 8751 0
63754213122122 11671 0
64125371131313 13472 0
64157321133212 20678 0
64231572311132 5650 0
64257131113223 8325 0
64271533221212 9230 0
64275131212223 12501 0
64275131312123 12521 0
64275132211133 5486 0
64275132232133 4860 0
64275133231112 12681 0
64275133312211 6402 0
64275311112332 8948 0
64275311222222 8014 0
64275313312211 11979 0
64321572111131 14696 0
64321572132131 14483 0
64321572311132 12141 0
64325713121222 17554 0
64351272132131 11009 0
64357212313211 10781 0
64357213231322 7064 0
64357213312211 9234 0
64531271212211 7980 0
64531272132131 7669 0
64531273122131 8424 0
64531273123121 10005 0
64531273311311 7410 0
64531273312211 7628 0
64572131122223 8780 0
64713253112111 5944 0
65123471112311 8655 0
65123471233232 7674 0
65123472312311 9809 0
65132471212112 12805 0
65132471222111 11055 0
65132471231321 6868 0
65132471323121 13012 0
65132472131231 11198 0
65132472212231 8477 0
65132472233321 6207 0
65132473111331 10444 0
65132473313312 8210 0
65132473323311 9916 0
65132741223323 9194 0
65132743222331 10415 0
65134721233232 12229 0
65147321232113 6953 0
65172431132333 11016 0
65174232123131 5845 0
65174232133313 11063 0
65174232323312 8879 0
65174233323212 8915 0
65174233331213 11354 0
65174322313211 10192 0
65174323223123 9280 0
65213741111111 11350 0
65241371111111 11434 0
65243712121322 10830 0
65271341332331 13031 0
65271432231233 8978 0
65274131111111 14593 0
65274131311313 8872 0
65274131312213 9416 0
65274132123332 8225 0
65274133132223 9728 0
65274133232321 6039 0
65274133312223 9334 0
65314272311132 16467 0
65314272313211 7697 0
65321472111122 11305 0
65417321232113 14889 0
65417323223123 13542 0
65417323232123 13381 0
65423713321322 12602 0
65432173232321 5227 0
65471231132213 13308 0
65714323223123 11331 0
65723143321313 8458 0
65732411333123 9302 0
65742311212313 18462 0
67132541133311 14118 0
67145323133312 7839 0
67154233323332 11093 0
67215343333133 12652 0
67231541323112 11627 0
67231543323122 11792 0
67234513332122 11056 0
67245131313323 8842 0
67245311112311 14642 0
67245311133233 9039 0
67254311131133 8008 0
67254313311113 8537 0
67312452233321 7203 0
67312541121221 8218 0
67312542221111 8945 0
67321451111123 8105 0
67321451112311 7609 0
67321451212211 12667 0
67321451311133 8161 0
67321452111122 7801 0
67321453113311 8345 0
67321542232133 5838 0
67341252222323 9414 0
67342512222113 9009 0
67345122223133 5641 0
67345122232133 6023 0
67345211111123 8402 0
67345211111132 9026 0
67345211112233 16373 0
67345211113322 15882 0
67345211211122 8096 0
67345211311133 8169 0
67345212111122 9456 0
67345213111133 8477 0
67354121111111 5323 0
67354211212121 11221 0
67354211313113 11841 0
67354211333111 11976 0
67354212111221 8932 0
67354212212222 11681 0
67354212311132 5599 0
67354213111313 13284 0
67354213131311 12836 0
67354213211132 7178 0
67354213313333 11439 0
67412353132121 12355 0
67412353332221 10582 0
67412531131133 10889 0
67435121332112 7700 0
67435123123121 8051 0
67452313321232 10761 0
71234563231322 10697 0
71263541333222 9887 0
71263542323123 19152 0
71264533131323 7549 0
71264533221323 7543 0
71264533231223 7578 0
71264533231313 8264 0
71326451211311 6782 0
71326453132121 10874 0
71326543333313 19716 0
71345262132131 9916 0
71362453113311 10588 0
71365423331312 12717 0
71423563213232 9113 0
71423653213232 9648 0
71426353312211 5736 0
71426533333223 10997 0
71432561232323 14494 0
71432561323232 5945 0
71432562111221 8210 0
71432563232213 8855 0
71432563323113 9238 0
71432563323122 9852 0
71432563332113 9318 0
71435261322233 6384 0
71435262222122 12804 0
71435263211123 5386 0
71435263311122 4840 0
71435263333133 12645 0
71435263333223 12475 0
71435623333331 7864 0
71436253333112 8894 0
71452363213232 10076 0
71452632222131 14030 0
71453262222221 9211 0
71453623311122 7054 0
71456321322323 10272 0
71456322111221 9373 0
71462531113322 5956 0
71462532111212 8995 0
71462532121112 9031 0
71462533111223 13174 0
71462533221113 12212 0
71463523331222 13098 0
71523463131311 13000 0
71523463231313 13240 0
71523463331312 12582 0
71532463221332 8554 0
71534262122222 8505 0
71542633132322 10862 0
71543622111131 9795 0
71543623111121 10429 0
71546233331213 15152 0
71546322231212 10149 0
71562433123232 8286 0
71563243221221 13054 0
71625433213133 18428 0
71643252231212 15022 0
71643523331213 14345 0
72134562312212 13553 0
72136541322233 12640 0
72143563222331 11128 0
72143651121113 8202 0
72143651131112 7221 0
72143651213111 8495 0
72143651312111 8021 0
72143652111311 8451 0
72143653111211 7461 0
72145631233223 16455 0
72145633232231 16336 0
72145633312223 16431 0
72146352232223 10754 0
72163452122222 7386 0
72163453121213 6342 0
72163453131212 7507 0
72163453133333 6610 0
72163453331333 7164 0
72164353131113 15380 0
72165431113331 9089 0
72165432111113 6986 0
72165432111122 12061 0
72165432211112 12055 0
72165432323312 8231 0
72165433111112 6743 0
72165433121333 11437 0
72165433221233 11325 0
72165433233323 7809 0
72165433321223 11124 0
72165433331213 9793 0
72345611111111 4625 0
72345611133113 7728 0
72345611221223 11846 0
72345611222222 9745 0
72345611331332 12163 0
72345612122111 8249 0
72345612331331 11304 0
72345613221221 12092 0
72345613333331 10270 0
72356141112323 7457 0
72356141232113 11895 0
72356143211123 11782 0
72361453232333 7030 0
72361542333233 12430 0
72365412222212 6074 0
72365413121312 6847 0
72365413131212 5942 0
72365413331333 6644 0
72435163333313 8818 0
72513641232323 8348 0
72513641233322 10580 0
72516342313223 5097 0
72531463321232 10018 0
72534163211123 5411 0
72541631111213 7481 0
72541631111312 8476 0
72541631112131 8520 0
72541631113121 8038 0
72541632131111 8232 0
72541633121111 7240 0
72543162311111 9997 0
72543163211111 10835 0
72543611221223 6353 0
72543611223221 6979 0
72543611331332 7910 0
72543611332331 6700 0
72543612331331 6358 0
72543613132232 9296 0
72543613133222 9229 0
72543613221221 7203 0
72543613223312 5989 0
72543613322312 5858 0
72546311323112 8823 0
72546313323212 7785 0
72561342313223 8093 0
72561432213122 6882 0
72561433221233 6811 0
72561433311233 11274 0
72561433321133 6653 0
72561433321223 11361 0
72563411111213 9256 0
72563411111312 8169 0
72563411112131 7172 0
72563411113121 7321 0
72563412131111 8482 0
72563413121111 8514 0
72643513212311 7431 0
72643513212332 8207 0
73125463133132 13027 0
73146522113231 9688 0
73246153312211 11430 0
73456123231322 10995 0
73516243323113 9864 0
73516243332131 9857 0
73541262321212 9864 0
73542163321133 16645 0
73542613132121 8934 0
73542613132322 7963 0
73564213321322 11135 0
73614251112323 5909 0
73615241112323 7688 0
73615241113322 6540 0
73615242223133 4845 0
73615243123313 18179 0
73615243213313 17927 0
73615243331312 18058 0
73615243332311 17804 0
73615421113322 12023 0
73615423213211 8316 0
73615423333331 7802 0
73624513121132 11057 0
73624513332131 10841 0
73625141112323 5818 0
73625143121213 9665 0
73625143333313 9263 0
73625412222323 10318 0
73642511111111 4418 0
73642511113232 6303 0
73642511113322 6177 0
73642513223222 13794 0
73645121113211 12181 0
73645122222311 9297 0
73645211223113 10445 0
73645211231111 15724 0
73645211321111 5752 0
73645211332112 10781 0
73645213112231 15642 0
73645213333112 10098 0
73651241113322 17303 0
73652413211312 13223 0
73652413331321 14682 0
73654122111122 9217 0
73654122221111 10510 0
73654211111132 13811 0
74123563323221 8763 0
74123652322121 6998 0
74123653132232 11259 0
74123653133132 6769 0
74123653133222 6707 0
74123653133231 11398 0
74125631313311 9207 0
74125632121121 12036 0
74125632122111 12042 0
74125632131111 6686 0
74125632321332 7965 0
74125633121111 7014 0
74125633131233 9693 0
74125633132232 11027 0
74125633133222 11238 0
74125633133312 11334 0
74125633332323 7784 0
74126352333122 8399 0
74132561321231 6244 0
74132562121121 12213 0
74132562122111 12096 0
74132563131221 13747 0
74132563132112 12437 0
74136522322121 11112 0
74152363132232 8384 0
74152363133132 7479 0
74152363133222 7665 0
74152363133231 7440 0
74156322122123 8975 0
74156322122321 9011 0
74156322313223 5940 0
74156323132331 12283 0
74156323133123 11145 0
74163251121122 10394 0
74163252112211 8684 0
74163252131111 8238 0
74163253121111 7667 0
74163253131332 9234 0
74163253133132 11230 0
74163253133213 11698 0
74163253133231 11110 0
74163253332323 6847 0
74165231121212 11083 0
74165231131313 9756 0
74165231212121 9230 0
74165231313131 9183 0
74165232111212 9499 0
74165232121112 9571 0
74165232121211 9429 0
74165233111313 9534 0
74165233131113 9717 0
74165233131311 9441 0
74165233131323 10146 0
74165233132313 9922 0
74165233231313 9883 0
74213652323132 10705 0
74251633111313 10240 0
74256311321222 18122 0
74256313111232 20676 0
74265312333233 10106 0
74312652333332 11181 0
74321563311131 11617 0
74321653233323 7391 0
74325163131323 14891 0
74325612221222 6101 0
74325613121312 6842 0
74325613131212 6335 0
74325613133333 6578 0
74361253112132 18074 0
74361253211231 16502 0
74365211121221 10999 0
74365211213111 6648 0
74365211312111 6696 0
74365211313113 9073 0
74365211333111 9158 0
74365212111311 8177 0
74365212222323 9211 0
74365212333332 8122 0
74365213111211 7745 0
74365213121333 11721 0
74512361322233 11289 0
74512362313223 11949 0
74513263121222 19023 0
74521632222212 7237 0
74521633121213 7306 0
74521633121312 6639 0
74521633133333 6208 0
74521633333313 7401 0
74523611121113 7862 0
74523611131112 9072 0
74523611213111 7155 0
74523611312111 8258 0
74523612111311 8546 0
74523613111211 8456 0
74532163123223 11009 0
74561231111222 8565 0
74561232111113 7543 0
74561232221111 10276 0
74561233111112 8121 0
74561233131233 11798 0
74561233233323 6803 0
74561233311233 10987 0
74561233321133 11114 0
74561233321313 9331 0
74563211232332 16660 0
74653213133222 14648 0
75132463233233 13169 0
75143263231313 12017 0
75146321323331 13835 0
75213642223133 6282 0
75231463211123 7404 0
75234161322233 8341 0
75234162221111 13275 0
75236143213232 10955 0
75241632222323 11205 0
75243162211322 19918 0
75243611113232 7350 0
75243613213232 9709 0
75246131333312 13436 0
75246311111111 5792 0
75246313212311 7922 0
75246313312211 6897 0
75246313332332 15747 0
75261432123233 8785 0
75264132121232 12236 0
75264132223331 6343 0
75264132321212 12123 0
75264133121333 12714 0
75264133331213 11315 0
75264311223122 10767 0
75264313231112 11431 0
75312463333133 10485 0
75314621133221 18797 0
75314621313212 15000 0
75314623113122 11072 0
75316241231231 10057 0
75321461311112 10276 0
75321463132121 10276 0
75346122133133 8865 0
75346211133122 16142 0
75346211211311 10647 0
75346211311211 14048 0
75346212323333 9231 0
75346213112132 16064 0
75346213132121 9156 0
75346213132322 9769 0
75346213332122 8613 0
75412631223332 9776 0
75416323232213 10954 0
75431263133213 8442 0
75462132123212 10994 0
75613243131332 8328 0
75613243133213 10620 0
75634123323122 10818 0
75641323232111 10797 0
75642132213311 12514 0
76123453233323 9182 0
76125343333133 11610 0
76143252131312 6615 0
76143252221222 7205 0
76143253131212 7430 0
76143253331333 7374 0
76143253333313 6110 0
76145231121113 6755 0
76145231122112 11939 0
76145231131112 8074 0
76145231221112 11945 0
76145231311331 9191 0
76145232123332 8308 0
76145232233213 11143 0
76145232331313 11463 0
76145232332213 11350 0
76145233133213 9817 0
76145233232333 7692 0
76154323333112 10896 0
76213543213133 14366 0
76213543311332 13085 0
76215341231231 8848 0
76215433333133 13122 0
76231451123111 12093 0
76245311121131 14189 0
76245311131121 5505 0
76245311213312 18157 0
76245312132131 9173 0
76245313122122 9442 0
76245313123121 9813 0
76253141123132 12421 0
76253141211332 9269 0
76253413322312 13624 0
76254133311323 18978 0
76254313211111 15979 0
76312452212111 12879 0
76312453211111 8427 0
76312453311311 7901 0
76312542321212 9821 0
76312542322121 13610 0
76312543322222 13322 0
76315241112113 15521 0
76315241113112 5842 0
76315241223113 9470 0
76315241322122 9664 0
76315241323313 9919 0
76315241332112 8850 0
76315243211231 16437 0
76315243323323 9964 0
76321452122123 6875 0
76321452122321 6988 0
76321452122333 6239 0
76321452123323 6573 0
76321452212231 10380 0
76321452213122 6963 0
76321453233131 6747 0
76321453311233 6146 0
76321453313312 6344 0
76321453321133 6071 0
76321453323311 5928 0
76321542211112 7840 0
76321543211111 8596 0
76321543311131 7719 0
76324151112233 8330 0
76324151112323 10304 0
76324153323122 8606 0
76325411111213 7749 0
76325411111312 7419 0
76325411112131 6631 0
76325411113121 6713 0
76325411122121 9334 0
76325411331311 9173 0
76325412112121 9260 0
76325412231212 9551 0
76325412333233 8930 0
76325413222223 8508 0
76341251111213 6454 0
76341251111312 7945 0
76341251112131 8192 0
76341251113121 8348 0
76341251221121 9574 0
76341251311313 8461 0
76341252232313 8197 0
76341252323333 12885 0
76341253221212 9568 0
76341253233131 12143 0
76342511111231 5526 0
76342511111321 14802 0
76342511323112 8937 0
76342512232223 8700 0
76342513213112 16436 0
76342513322111 16186 0
76342513323122 9879 0
76342513323212 8291 0
76345122211112 9247 0
76345122211121 8611 0
76345122213311 15848 0
76345122311111 9731 0
76345123211111 8397 0
76345123311113 8805 0
76345123311131 8337 0
76345123312211 15683 0
76351421112323 10853 0
76351421113322 8542 0
76351423321232 7768 0
76354121121212 12819 0
76354121122121 8086 0
76354121311313 8354 0
76354121313131 10459 0
76354122111212 11070 0
76354122112121 9797 0
76354122212222 11033 0
76354123211123 6087 0
76354123211132 6969 0
76354123313333 15586 0
76354212213323 9565 0
76354212312233 10031 0
76354212313322 9712 0
76354212333332 9401 0
76354213222223 9774 0
76354213312223 9624 0
76421351131121 5688 0
76512343213313 10668 0
76512343332311 10728 0
76514321112323 7429 0
76514321232113 11390 0
76521433232333 9063 0
76523413223231 19631 0
76524313331222 13365 0
76541232131213 6434 0
76541232221222 7413 0
76541233121213 7531 0
76541233331333 6635 0
76541233333313 7265 0
76543211111111 7583 0
76543211212112 9930 0
76543211223221 11784 0
76543211332331 11818 0
76543211333333 9797 0
76543212132323 8605 0
76543212222221 11714 0
76543212323213 9067 0
76543213113131 8653 0
