12345672121232 13985 0
12345672123212 12730 0
12345672321212 12903 0
12345673131323 12054 0
12345673132313 14863 0
12345673231313 14247 0
12345761111111 10014 0
12346571111231 9218 0
12346751113133 12125 0
12347561112212 12786 0
12347651111111 21904 0
12347651122112 17676 0
12347651133311 16184 0
12347652111221 14481 0
12347652123233 17546 0
12347652123332 20833 0
12347652223232 9126 0
12347653111133 15701 0
12347653132223 16132 0
12347653132322 16150 0
12347653332323 8574 0
12354671111111 9200 0
12354761112323 11209 0
12354762121112 12434 0
12354762121211 12505 0
12354762311123 12394 0
12354763131131 12368 0
12354763133111 11760 0
12354763211123 9207 0
12356471113133 12358 0
12356741133131 12234 0
12356741313131 10729 0
12356743113131 10948 0
12357461111222 13127 0
12357461113331 11512 0
12357462211112 10032 0
12357641113331 12266 0
12364571112212 12640 0
12364751112212 11919 0
12364751113133 14827 0
12364753311131 9036 0
12365471111111 15214 0
12365471211122 15806 0
12365471313113 14483 0
12365472223232 9477 0
12365472321233 17163 0
12365473232312 15553 0
12365473332323 9458 0
12365741113331 12465 0
12367451123333 9747 0
12367451132222 10284 0
12367451213333 11056 0
12367451312222 9821 0
12367452113333 11277 0
12367453112222 14802 0
12367541112212 13803 0
12367541113331 16101 0
12367541331131 9176 0
12374561121212 10660 0
12374561211212 10980 0
12374562111212 11700 0
12374651111222 13635 0
12375461111222 13411 0
12375641113112 11973 0
12376451111222 12837 0
12376451113133 16257 0
12376451221211 9781 0
12376541112323 9177 0
12376541232233 13261 0
12376541322233 10363 0
12376542121232 12618 0
12376542123212 11651 0
12376543133132 13373 0
12376543133231 12516 0
12456731132321 18742 0
12456731233223 11323 0
12456733223321 11780 0
12463751231231 17777 0
12467351131121 10782 0
12467351231321 10002 0
12473561132123 11901 0
12536741112323 16780 0
12537461332112 11085 0
12543671111111 21996 0
12543671211212 14583 0
12543671331113 15793 0
12543672121121 17770 0
12543672321332 20926 0
12543672322232 9225 0
12543672331232 17646 0
12543673111331 16286 0
12543673221323 16179 0
12543673231223 16149 0
12543673233323 8596 0
12546371221331 13514 0
12563472131213 9746 0
12563473131212 11990 0
12564733323122 11431 0
12567433232333 12433 0
12576343212221 16860 0
12637451132111 17034 0
12637451332112 14097 0
12643571321321 12147 0
12645371131121 11859 0
12673542331133 17529 0
12734561112323 16261 0
12734561322233 16277 0
12734562313223 15938 0
12745631111111 21967 0
12745632111122 16251 0
12745632212213 14137 0
12745632222221 14290 0
12745632232211 14346 0
12745633131131 16504 0
12745633313312 14129 0
12745633313333 17099 0
12745633323311 16463 0
12753462231323 12160 0
12763452322232 9390 0
12765432121313 9963 0
12765432222212 9541 0
12765433121213 9514 0
12765433331333 9872 0
13245671321111 10040 0
13246571111111 8321 0
13246571112233 9306 0
13246571113232 12276 0
13246572321332 12522 0
13246572331232 12458 0
13246573221233 12200 0
13246573321223 12383 0
13246752133211 17366 0
13247563212131 16726 0
13254761322233 12487 0
13254761323322 11946 0
13254762321233 15951 0
13254763323122 10573 0
13257641112233 14861 0
13265741112323 11980 0
13265742131312 15727 0
13267451122211 9011 0
13267451311133 13754 0
13267541111132 15093 0
13267541232212 12482 0
13274651112323 10394 0
13275461112233 19912 0
13275463213211 13269 0
13275641112233 9689 0
13275641112323 9003 0
13275642131333 12853 0
13275643212221 14524 0
13276451113211 14485 0
13276451233133 14033 0
13276541133122 19964 0
13276541213312 24977 0
13276541321123 20833 0
13276541322311 19352 0
13276541323112 13150 0
13276541323322 12338 0
13276542323312 12217 0
13276543323122 12910 0
13462571111111 16716 0
13462572213311 16323 0
13527461211113 11014 0
13542671231231 12001 0
13546271213213 9053 0
13546271231231 14709 0
13546271321321 11804 0
13572641122133 9436 0
13576241312213 15082 0
13576241321321 12872 0
13627451332112 14767 0
13642571221223 10829 0
13642571223221 10608 0
13642573221221 12107 0
13645271221331 12346 0
13647521111111 11024 0
13675241112323 15080 0
13675242331313 12739 0
13725642332132 14721 0
13754262123323 18730 0
13762451321321 17667 0
13764251211311 10778 0
13764252323231 13764 0
13765422121211 24798 0
14263751131121 10057 0
14267351321321 12413 0
14275633323122 13540 0
14325671111111 15330 0
14325672112121 15928 0
14325672231323 16605 0
14325672323222 9599 0
14325673123232 16874 0
14325673232333 9356 0
14325673311131 14596 0
14327652131213 12108 0
14327653121213 9654 0
14352672212111 12617 0
14356721112323 16838 0
14356721322233 16443 0
14367252322232 9759 0
14367523311113 11485 0
14523672121313 9828 0
14523673121312 11369 0
14527631121311 10439 0
14527631131211 8442 0
14527631133311 15168 0
14527631211131 11245 0
14527631311121 11202 0
14527632122213 17225 0
14527632212111 16254 0
14527632333332 17226 0
14527633132322 15892 0
14527633312133 15014 0
14536273311311 12683 0
14537622231323 16261 0
14563272323222 9861 0
14567231312213 17413 0
14567231321123 17034 0
14573261333111 11646 0
14625731111111 15159 0
14625731131121 9848 0
14625731322233 22705 0
14625732112121 12732 0
14625732113321 14437 0
14625732213323 15118 0
14625732233111 13673 0
14625733133111 12786 0
14632571111111 17736 0
14632571321132 11806 0
14652733321331 12391 0
14673251111111 9418 0
14723651111213 9208 0
14723651111312 8546 0
14723651112131 11479 0
14723651113121 14614 0
14723651211212 17673 0
14723652322121 13855 0
14723652331232 16563 0
14723653232222 16353 0
14723653313111 15387 0
14723653321313 15649 0
14725361111111 15197 0
14725361111123 13769 0
14725361322332 21313 0
14725362211121 13659 0
14725363211213 15073 0
14725363213121 13526 0
14725363223213 14847 0
14725363311113 13083 0
14726531223122 14936 0
14726531232122 14375 0
14726531233313 14054 0
14726531333312 13781 0
14726532232313 11703 0
14726533323122 12609 0
14735621221112 13271 0
14735621223113 12252 0
14735621223332 21264 0
14735621233112 13838 0
14735621323112 13332 0
14735621332112 12906 0
14735621333111 12014 0
14735621333222 21523 0
14736251111132 10461 0
14736251112332 10333 0
14736253222223 10914 0
14736521132222 12308 0
14736521133131 12989 0
14736521211212 14519 0
14736521213333 12734 0
14736521221313 14216 0
14736521321231 12548 0
14736521322233 8333 0
14736521332121 13862 0
14736523112222 12289 0
14736523113131 12295 0
14752363222121 14005 0
14752363232222 13034 0
14752363233131 12359 0
14752631111111 15859 0
14752631112311 14887 0
14752631323223 20475 0
14752632332132 12948 0
14752633213223 12214 0
14752633222223 12610 0
14752633223123 12283 0
14752633223231 21264 0
14753261221112 9948 0
14753261323112 11974 0
14753261333111 10939 0
14762351221331 12243 0
14762351321231 12212 0
14762351331221 13941 0
14763251221223 10199 0
14763251222312 9929 0
14763251332331 12232 0
14763251333123 9375 0
14763252322121 8340 0
14763253132232 8497 0
14763253133132 8271 0
14763253133222 9333 0
14763253133231 8740 0
14763253221221 9544 0
14763253222112 10043 0
14763521113211 10158 0
14763521113223 11339 0
14763523222331 16556 0
14765231111213 9585 0
14765231111312 9876 0
14765231112131 8770 0
14765231113121 12150 0
14765231133131 15524 0
14765232211211 15859 0
14765232232322 15856 0
14765232331313 16549 0
14765233113131 15631 0
14765233323332 15163 0
15236471111111 12205 0
15236473231121 12126 0
15243671331221 12668 0
15246371331332 11588 0
15246371332331 10858 0
15246372331331 10543 0
15267431223113 12299 0
15273641112323 16679 0
15324673113311 12331 0
15342671211311 9099 0
15346271321321 12517 0
15367421211113 17811 0
15367421223113 13733 0
15367423211123 13404 0
15426371111111 16766 0
15426371112233 16566 0
15463271313113 11366 0
15624732123212 15521 0
15624732133313 13793 0
15624732333332 13337 0
15627431223113 10190 0
15627431322113 14559 0
15627431332112 11458 0
15634722123332 9090 0
15634722321233 10474 0
15637423211123 10335 0
15642371111111 10741 0
15642372213311 10458 0
15642372231332 13136 0
15642372331322 11613 0
15642373212311 13286 0
15642373221323 12401 0
15642373231223 13261 0
15643271221331 16125 0
15643271331221 13826 0
15643273223111 9268 0
15647233213232 12559 0
15672341113232 11118 0
15672341323112 12167 0
15672342323312 10770 0
15672343213232 11877 0
15672433312133 18858 0
15724362212132 13153 0
15724631111111 14624 0
15724631211311 9447 0
15724631322233 21091 0
15724632123233 12148 0
15724632313223 23431 0
15724632323231 12727 0
15724632323333 12220 0
15724633132322 11532 0
15734622331223 12910 0
15746321111111 16204 0
15746321323211 10856 0
15746322313112 10396 0
15762342122213 15625 0
15763241111111 9155 0
15763242323132 12576 0
16243571132132 10052 0
16243571231231 13013 0
16243571321321 11393 0
16245371231231 13285 0
16254733312223 15316 0
16257431132111 10931 0
16257433223123 13951 0
16273541122133 16362 0
16273541321321 12627 0
16275341312213 13908 0
16275343122221 15644 0
16327453232333 9218 0
16342571331221 12241 0
16345271111111 15311 0
16345271133131 14582 0
16345271222111 15899 0
16345272322232 9572 0
16345272333212 15674 0
16345273122323 17649 0
16345273233323 9477 0
16347252131312 11347 0
16347253121312 9801 0
16357421223113 11702 0
16374521112323 16891 0
16374523211123 16685 0
16423572112121 11724 0
16427531211311 10691 0
16427531231321 8069 0
16427532333233 17360 0
16453271111111 17902 0
16453271211113 13286 0
16453272111131 13610 0
16475233132313 17756 0
16523473332323 9245 0
16523741112212 12040 0
16524731112212 15458 0
16524731112233 12282 0
16524731113133 12915 0
16527341111111 10192 0
16527431123333 11368 0
16527431222132 10014 0
16527431312222 9754 0
16527431333213 9484 0
16527432113333 11916 0
16527432211322 10597 0
16527432231122 8800 0
16527432231332 8716 0
16527432331322 8954 0
16527432333113 9581 0
16527433312133 8934 0
16532471111222 12453 0
16534271111111 10379 0
16534271111132 8451 0
16534273211111 10294 0
16534723211123 8205 0
16537421111222 12280 0
16537421113322 11572 0
16537421113331 12432 0
16537421223113 11144 0
16537421233112 14795 0
16537421332112 10664 0
16542371221331 12857 0
16542371331221 16276 0
16542372112331 9882 0
16543271221223 14676 0
16543271223221 9702 0
16543271331332 11163 0
16543271332331 10940 0
16543272331331 9629 0
16543273221221 10163 0
16543721111111 9046 0
16543721113211 8425 0
16547233332323 10909 0
16547321113331 14174 0
16572431111111 12121 0
16572433213223 14028 0
16573241123123 9619 0
16573241312312 10839 0
16574231113133 12454 0
16723451122133 15221 0
16723451322311 15512 0
16725431121311 9207 0
16725431131211 9343 0
16725431211122 15890 0
16725431211131 11448 0
16725431311121 8380 0
16725432211121 17356 0
16725432232223 14910 0
16725433113311 15250 0
16725433122212 13648 0
16725433333232 15395 0
16735242122213 13432 0
16742352232313 10972 0
16743252323222 9071 0
16745232121313 9893 0
16745232122222 8836 0
16745233121213 9370 0
16745233333313 11343 0
16753241221112 11591 0
17246351111111 15909 0
17265433111313 13767 0
17324561211323 16362 0
17324561232332 10072 0
17326452212111 12575 0
17356241212313 11072 0
17356242211331 22179 0
17362451211311 10499 0
17362451231321 10405 0
17362452213311 8574 0
17364251231231 12799 0
17423653213232 12592 0
17425631122112 13192 0
17425631223113 12583 0
17425631313113 12020 0
17425631322113 13674 0
17425631322332 21430 0
17425631323112 13409 0
17425631323223 19617 0
17425631332112 12691 0
17426531112233 10332 0
17426531121212 12910 0
17426531132312 13471 0
17426531213123 18715 0
17426531223221 13633 0
17426531232233 9859 0
17426531313131 12429 0
17426531331332 14418 0
17426532121211 11392 0
17426532331331 14787 0
17435622211133 8780 0
17435623211123 8945 0
17436521323232 11812 0
17452363213232 12033 0
17452363322132 14094 0
17452633213232 12755 0
17453262211133 10372 0
17462352213311 9475 0
17463251122112 13414 0
17463251221331 16268 0
17463251313113 10918 0
17463251321231 12470 0
17463251323112 12759 0
17463251331221 15498 0
17526431131121 10605 0
17526431231321 8581 0
17526432123233 11330 0
17543261111111 14137 0
17543261132111 13244 0
17642531111111 16441 0
17642531112233 21549 0
17642533312211 17020 0
17643251122112 11637 0
21345671111111 11957 0
21345762223322 12972 0
21345762312323 9124 0
21345762313223 9667 0
21345763332233 14506 0
21346752313322 9413 0
21347562312323 16802 0
21354671122112 11493 0
21354671131313 13352 0
21354671221112 11423 0
21354672311123 13170 0
21354672311132 10478 0
21354672313211 26787 0
21354673131113 12490 0
21354761112233 25096 0
21354761112311 13050 0
21354761113211 12454 0
21354761113322 20080 0
21354761122211 12337 0
21354761133311 12881 0
21354762213311 20811 0
21354763312211 19333 0
21357462311111 16490 0
21357463213331 12601 0
21357642221132 17657 0
21364752311111 15203 0
21364753212212 12850 0
21365742221312 12641 0
21365742312323 15201 0
21367451311331 10742 0
21367452112112 9513 0
21374653333121 16833 0
21375462312233 13885 0
21375463333211 16231 0
21376541111123 11016 0
21376541112311 12067 0
21376541122211 10752 0
21376541131133 11773 0
21457631321123 22126 0
21473563331312 18577 0
21536742222131 24080 0
21654372231323 11895 0
21654372233321 11132 0
21654373332122 10652 0
21654373332221 12186 0
21734652123131 16572 0
23147562123131 12023 0
23147651112323 10684 0
23147652312323 8321 0
23156471222132 13596 0
23156471333132 13899 0
23156473323332 15545 0
23157461231333 16466 0
23157462131123 18538 0
23164573213133 12266 0
23164752131312 14158 0
23164753333313 13336 0
23165471111111 9867 0
23165471311133 12663 0
23165471312132 13703 0
23165472111122 12616 0
23165472111332 14459 0
23165472132332 14998 0
23165472311111 15039 0
23165473233221 22582 0
23165741112323 9058 0
23165741231312 13204 0
23165742123131 7527 0
23165742131321 13055 0
23165742131333 21738 0
23165742312323 10882 0
23165743331312 21771 0
23167541233322 13086 0
23167542131222 14068 0
23174652123131 8482 0
23175463211222 14280 0
23176452132221 16053 0
23176453332233 15685 0
23416752121211 15006 0
23417563232123 10956 0
23456173212332 10363 0
23456173233122 9109 0
23456713212332 11754 0
23475162121112 12983 0
23517462131333 15273 0
23576412233321 15830 0
23576412312323 15688 0
23657142121112 19544 0
23671452122333 20742 0
23674153232321 9433 0
23751461132123 10650 0
23751463112321 10542 0
23756143222331 13242 0
23756411222312 10712 0
23756413222112 10991 0
23756413223312 10740 0
23756413322312 11231 0
24153672321233 12442 0
24157361313212 11697 0
24157362323111 11678 0
24167353132232 19071 0
24173652323231 8157 0
24315673311311 12441 0
24315761122322 17825 0
24315762213323 12104 0
24351671212211 13712 0
24351673111133 9291 0
24351673311311 16004 0
24351761111123 15068 0
24351761212232 12606 0
24367511323112 12687 0
24367513111121 9131 0
24376512222122 15609 0
24516732233111 8820 0
24531673123121 11735 0
24536713231232 13874 0
24537613231322 17456 0
24561372111131 9306 0
24563711121212 12534 0
24563712121232 13060 0
24563713121222 18058 0
24571362221213 19320 0
24571631121212 13895 0
24615371112332 12758 0
24615372213311 15178 0
24615731122313 21888 0
24615731132333 13182 0
24615732111323 21858 0
24615732213311 10861 0
24615732233321 9180 0
24615733113323 13033 0
24615733311122 7205 0
24617532233321 14588 0
24637512311132 11860 0
24651731113223 14188 0
24651731333333 12992 0
24715363311332 13500 0
24715631111111 13962 0
24715631122121 12899 0
24715631122133 14674 0
24715632313223 19937 0
24715633112111 9556 0
24715633131131 11546 0
24716532323231 14449 0
24731561111111 17692 0
24731562311231 11657 0
24736512222332 16738 0
24751362221231 16812 0
24751362321113 18044 0
24761531221223 19312 0
24763151111111 9058 0
24765313222112 22095 0
25134672233321 21647 0
25134672312323 17116 0
25134672313211 16547 0
25137461111111 11711 0
25137461211323 10391 0
25163741112323 14465 0
25314673111313 12201 0
25314673111331 10706 0
25314673131311 10922 0
25341673113311 12242 0
25341762313223 14844 0
25364172311231 18217 0
25364173223231 10029 0
25367411211122 11708 0
25413672323111 18312 0
25413763121222 18442 0
25436711311313 12491 0
25436712123122 14157 0
25436712123332 12103 0
25436712132122 15406 0
25436712323231 14557 0
25436713232321 11743 0
25436713332122 12373 0
25463713212332 13955 0
25471362323132 8922 0
25471631312213 18691 0
25631741212121 19533 0
25634713321232 13354 0
25641371213132 17629 0
25714632123131 10047 0
25714632223331 12674 0
25714632313211 24816 0
25714633121333 16139 0
25716431212223 15650 0
25716433223213 20449 0
25731642232211 18501 0
25734162221111 11685 0
25734613113323 19484 0
25736141111123 8190 0
25736141233232 14161 0
25736411133113 13049 0
25736411231321 10431 0
25736411321312 13209 0
25736411331113 12306 0
25736413123112 15187 0
25741361232113 11919 0
25741632222323 12260 0
25741632312323 11961 0
25743611233232 19422 0
25763142223133 11412 0
25763411332322 9230 0
26135742132221 17094 0
26135742213323 8801 0
26135742332312 16501 0
26153471122121 11342 0
26153473131131 10072 0
26153473132121 14658 0
26154372332213 18874 0
26175432331133 16288 0
26317451212211 12170 0
26345711223113 11011 0
26371453112111 10315 0
26415731322323 14529 0
26415732121223 12838 0
26415732233321 21002 0
26435712222122 20665 0
26435712233321 10384 0
26435712311132 6636 0
26435712322322 21875 0
26435713311122 8028 0
26435713333133 16399 0
26437512122312 14344 0
26453172211133 11325 0
26453711333333 14203 0
26513471122121 14791 0
26517343333313 20625 0
26534713333313 18571 0
26543171111111 17128 0
26543171123111 13975 0
26547313131323 17761 0
26573413331312 14910 0
26714531212133 16659 0
26714532121133 16815 0
26715433231322 19150 0
26741351232113 14287 0
26743512121232 24869 0
27134561131133 12065 0
27154632311132 16679 0
27314652313211 16757 0
27365412321212 13557 0
27415363131113 12593 0
27415632323231 20969 0
27415633321322 15318 0
27416532133232 9931 0
27416533321232 10449 0
27435612122222 13484 0
27453161123111 12688 0
27453161132111 15300 0
27456133132223 14496 0
27516341111111 9312 0
27534161111111 8173 0
27534161111123 12826 0
27534162311111 8806 0
27534612311132 8513 0
27536412332312 17218 0
27543611111123 16991 0
27543611111132 12338 0
27546312231122 18787 0
27613543333133 19429 0
27614353311332 24056 0
27615431312333 17531 0
27615432113321 8778 0
27615433313213 13922 0
27634511131133 14055 0
27634512233321 8096 0
27643513311233 18479 0
31246753312211 9854 0
31247651113232 7806 0
31247651323232 11279 0
31256471231222 13246 0
31257462222221 18241 0
31257462312311 16039 0
31257643311122 10968 0
31264572122213 13884 0
31264573132313 13132 0
31264573222223 12508 0
31264752132122 16192 0
31264752313121 17276 0
31265471111111 13861 0
31265471122112 13750 0
31265471122133 13547 0
31265471312213 15095 0
31265471313113 13187 0
31265471321111 15222 0
31265472233321 21410 0
31265472312233 14946 0
31265741233331 13598 0
31267542222233 16838 0
31267542313133 18069 0
31275461112233 9184 0
31275461322233 8930 0
31275462133211 13117 0
31275462223211 13079 0
31275462311213 14789 0
31275462312212 14632 0
31275463311122 8861 0
31276452133322 14995 0
31276452313313 16221 0
31452671323211 10643 0
31452671332232 10750 0
31452672322331 10829 0
31456722111221 10838 0
31462751111111 17023 0
31462751113322 16469 0
31475261322233 23273 0
31475262331313 18412 0
31475262333221 13841 0
31524673332122 11071 0
31527643332122 14316 0
31564272212111 12260 0
31564272213311 12230 0
31564273113311 13961 0
31572461122133 9320 0
31624751112233 15944 0
31624753312211 15804 0
31627452221333 15030 0
31654272313322 15507 0
31754621331122 22646 0
31765242322121 22120 0
32145671111111 21853 0
32145671123333 14150 0
32145671132222 14157 0
32145671221112 16138 0
32145671333333 17121 0
32145672113333 16483 0
32145672212222 14389 0
32145673112222 14370 0
32145673311113 16383 0
32146751232323 12232 0
32146752232223 10738 0
32147562313223 10770 0
32147562333233 17489 0
32147651123333 9311 0
32147651132222 8710 0
32147651213333 10383 0
32147651312222 9437 0
32147652113333 8984 0
32147652231332 9145 0
32147652233213 10482 0
32147652331322 9642 0
32147652332213 9258 0
32147653112222 8470 0
32156471111111 9468 0
32156471113211 14510 0
32156471232332 23452 0
32156472312332 12610 0
32156472332132 12240 0
32156472332321 20968 0
32156472333332 12032 0
32156473223123 11561 0
32156741112323 11040 0
32156742311123 12770 0
32156742313223 9926 0
32156742333131 16242 0
32157641232323 11841 0
32157642231323 12147 0
32164571111111 14983 0
32164571111231 15892 0
32164571232323 12095 0
32164572232223 12300 0
32164572232313 12705 0
32164572233321 20576 0
32164572312323 21285 0
32164573323212 12967 0
32165741111111 9572 0
32165741111132 13844 0
32165741233223 19963 0
32165742211112 12775 0
32165742331112 14699 0
32165743311131 11429 0
32167451111111 15069 0
32167451213333 15211 0
32167451222222 15712 0
32167451312222 14727 0
32167451333111 14237 0
32167452211121 15647 0
32167453222313 15375 0
32167453313333 13497 0
32167453321232 15099 0
32174561112323 9270 0
32174561232113 10179 0
32174561232233 11631 0
32174562231212 12794 0
32174652312332 11369 0
32174652332132 11381 0
32175461111111 15248 0
32175461113112 9530 0
32175461221112 12336 0
32175461333111 11299 0
32175462233111 14082 0
32175462312323 19506 0
32416753121222 18419 0
32417562113321 15709 0
32417652132131 13768 0
32417653132121 14335 0
32451762331121 10302 0
32456173212332 12930 0
32456711233133 24669 0
32465172112121 12125 0
32465172132131 13369 0
32465172133121 13355 0
32465172332321 21141 0
32465173123121 12114 0
32465173132121 13937 0
32465173133111 12779 0
32465173233221 21395 0
32475161232323 14463 0
32475163331222 13538 0
32476513232231 11590 0
32517463131311 14126 0
32546713323212 12675 0
32547611121113 11679 0
32547611131112 9811 0
32547611213111 10531 0
32547611312111 12174 0
32547612111311 12221 0
32547613111211 9574 0
32561471113133 17386 0
32561471121311 8427 0
32561471122211 17549 0
32561471131211 9089 0
32561471211131 14490 0
32561471311121 11358 0
32561472133313 15739 0
32561472213122 13955 0
32561473222223 16380 0
32561473323212 16577 0
32567412122222 12269 0
32567412131312 10095 0
32567412222212 9601 0
32567413131212 9566 0
32567413133333 9472 0
32576142313223 16453 0
32615473332122 14037 0
32647152133121 12325 0
32647153132121 17119 0
32647512333233 19320 0
32657143121213 18379 0
32657412111212 24838 0
32671453123313 17668 0
32674152113333 18758 0
32714652332132 12655 0
32716452123212 15129 0
32741651121311 12189 0
32741651131211 9554 0
32741651211131 12152 0
32741651311121 10506 0
32741652111113 9934 0
32741653111112 11791 0
32745611223332 15207 0
32745612313322 15345 0
32745612322331 15303 0
32751643321232 19440 0
32754163211123 15533 0
32756141233121 19578 0
32761452121313 8707 0
32761452122222 9741 0
32761452222212 8907 0
32761453121312 11663 0
32761453133333 12288 0
32765411112221 16897 0
32765411121113 10593 0
32765411131112 8358 0
32765411133113 15526 0
32765411331113 15505 0
32765412221312 17411 0
32765412323222 9375 0
32765413122212 13905 0
32765413223312 14891 0
32765413231223 14955 0
32765413322312 14978 0
34125672131213 9394 0
34125672131312 9776 0
34125672221222 8857 0
34125673133333 11437 0
34127651121113 9217 0
34127651131112 9208 0
34127651213111 9854 0
34127651312111 9842 0
34127652111311 9559 0
34127653111211 9180 0
34162752132212 24289 0
34165271112212 17256 0
34165271121311 9759 0
34165271131211 9468 0
34165271211131 12025 0
34165271311121 8646 0
34165271311133 15507 0
34165272323333 15180 0
34165273133312 16428 0
34165273222322 15250 0
34165273311131 15405 0
34167252213323 15665 0
34172562132332 16957 0
34172562313331 16808 0
34175263321232 13711 0
34216572213122 18756 0
34261572132131 9831 0
34261572133121 11997 0
34261573123121 10823 0
34265712212132 16246 0
34275161312213 13733 0
34275162112322 14860 0
34275162213221 16050 0
34516271111111 10660 0
34516272312332 13857 0
34516722313223 9379 0
34517622231323 12215 0
34521672223232 9168 0
34526713232312 8640 0
34527612211322 14691 0
34527612231122 15085 0
34527612231332 14598 0
34527612331322 14832 0
34527613312133 10405 0
34561272122123 9926 0
34561272122321 9808 0
34561272212213 9561 0
34561272213122 8996 0
34561272232211 10228 0
34561273221233 8773 0
34561273233131 9259 0
34561273311233 9528 0
34561273313321 12262 0
34561273321133 9667 0
34561273321223 8447 0
34561721111111 11867 0
34562171321111 10210 0
34562171321231 10487 0
34562172232313 11004 0
34567212223232 9013 0
34617252111212 12327 0
34617252123212 12955 0
34617252132212 13123 0
34617522221333 13850 0
34621572132131 11689 0
34625172111212 13531 0
34627512232313 9200 0
34651271123111 9037 0
34651272332132 12674 0
34675212222122 22008 0
34715262221123 16219 0
34716522223211 17222 0
34721652121313 10217 0
34721652131213 9687 0
34721652221222 9579 0
34721652222212 12174 0
34721653333313 9375 0
34725611212211 16112 0
34725612111113 8263 0
34725612121322 17389 0
34725612231212 13889 0
34725612231332 15096 0
34725612322232 9346 0
34725612331322 15018 0
34725613111112 10498 0
34725613111133 15411 0
34725613132223 14855 0
34725613311113 15434 0
34761252323222 8914 0
35126741232212 16539 0
35126742231233 16694 0
35127462331331 18521 0
35162472122231 15032 0
35162472123233 12488 0
35162473122221 14256 0
35162473323131 13875 0
35162473332122 11794 0
35162473332131 13928 0
35162742213323 14328 0
35167242132212 19192 0
35172461232323 14915 0
35174262213131 16323 0
35174262231113 17467 0
35246171111111 16143 0
35246171113322 15821 0
35246172213311 16152 0
35267141223233 11206 0
35267141321132 18461 0
35271461322233 14798 0
35416721113112 10450 0
35416723232213 10337 0
35417622223133 12734 0
35426712131132 15002 0
35426712311312 14133 0
35426713111313 12184 0
35426713131113 11119 0
35426713312211 9503 0
35461271111231 11221 0
35461271321231 10184 0
35461272222323 16575 0
35462171131313 11880 0
35462171212121 12052 0
35462171221223 12184 0
35462171332331 14408 0
35462172213311 8347 0
35462172223331 12642 0
35462172312131 14247 0
35462173123211 13882 0
35462173131311 12385 0
35462173221221 12876 0
35462712322322 17315 0
35472163222313 9055 0
35472163231322 15063 0
35476122221111 11938 0
35614722321233 11872 0
35617423131332 14106 0
35624712121232 10869 0
35624712321212 11350 0
35624712321332 11116 0
35624712331232 10834 0
35714623111322 24787 0
35721642221213 24741 0
35762142222113 16619 0
36125471111333 16910 0
36125471212112 17454 0
36125471213111 8482 0
36125471222111 15982 0
36125471312111 11546 0
36125472111311 9304 0
36125472121223 13530 0
36125473111211 9440 0
36125473232222 15010 0
36125473323233 17059 0
36125743222331 19033 0
36127451333222 14976 0
36145272122222 9417 0
36145272131213 9611 0
36145272131312 10055 0
36145273333313 9964 0
36147251121311 9595 0
36147251131211 10270 0
36147251211131 10365 0
36147251311121 10192 0
36147252111113 10427 0
36147253111112 10116 0
36152741231312 15742 0
36152742131321 20474 0
36172452133133 15424 0
36217452131333 21044 0
36217541223311 10454 0
36217543213112 13579 0
36241573212332 12259 0
36241753212311 8482 0
36415272123212 24824 0
36417522123311 15613 0
36514272212111 17540 0
36521472113321 15368 0
36521472331121 15876 0
36527411131133 15661 0
36527412111113 9357 0
36527412131222 13521 0
36527412211322 14270 0
36527412221312 13434 0
36527412231122 14342 0
36527412322232 8388 0
36527413111112 9897 0
36527413311311 15149 0
36541272323222 9485 0
36542712121322 15004 0
36547212121313 11697 0
36547212122222 8997 0
36547212131312 8802 0
36547212221222 9840 0
36547213331333 12167 0
36712542121112 10812 0
36712542121121 10842 0
36712542121211 11089 0
36712542122111 11327 0
36714252232223 8763 0
36714521232113 9626 0
36714522121322 14909 0
36714522122213 14038 0
36714523132223 12161 0
36714523132322 12272 0
36721451131331 16251 0
36721452121322 13408 0
36721452122123 14320 0
36721452122213 13505 0
36721452122321 14246 0
36721452131111 10018 0
36721452223232 8290 0
36721453113113 17705 0
36721453121111 9479 0
36725411121212 11842 0
36725411131313 11969 0
36725411212121 12940 0
36725411313131 11883 0
36725412111212 12600 0
36725412121112 11699 0
36725412121211 12728 0
36725412121232 12028 0
36725412123212 13074 0
36725412321212 13136 0
36725413111313 14038 0
36725413131113 12750 0
36725413131311 14863 0
36741252122123 15063 0
36741252122321 14665 0
36741252122333 14808 0
36741252123323 14579 0
36741253233131 10378 0
36745211211221 15252 0
36745212121223 13787 0
36745212122312 17297 0
36745212122333 14989 0
36745212123323 15082 0
36745212131111 10620 0
36745212223232 9248 0
36745213121111 8385 0
36745213131131 15551 0
36745213133111 15525 0
36745213232213 14976 0
36751243222322 9115 0
36752142122132 13231 0
36752142123221 15209 0
36752143132232 12197 0
36752143133222 12935 0
36752143211132 10529 0
36754123232222 14786 0
37246511112233 15564 0
37256142321233 11789 0
37415622333221 12958 0
37426513132313 14809 0
37452162323312 11153 0
37516422333311 14327 0
37561241311112 8940 0
37612453122233 15153 0
37612542221111 13329 0
37614252221123 13767 0
37614521111111 14675 0
37614521323232 11868 0
37614522111221 12218 0
37614522113321 14131 0
37614522313322 15528 0
37614522323312 12356 0
37614523232213 12604 0
37615421113322 10358 0
37615422211133 7727 0
37615422223133 7922 0
37615422313121 20787 0
37615422313331 21849 0
37615423121132 16516 0
37624152311213 17120 0
37624511232233 10549 0
37624512121322 15093 0
37624512231212 13115 0
37624513131323 13029 0
37624513231313 12288 0
37641252222323 17438 0
37642152213311 8493 0
37642513122221 19602 0
37645122312221 14027 0
37651242211133 12931 0
37651422312311 14467 0
37652141113232 8212 0
37652143231322 14174 0
37654212311222 16712 0
41236753232321 11315 0
41237561313131 17604 0
41263751312222 18401 0
41325671212211 13383 0
41325762313223 19890 0
41325763131233 13170 0
41352671212112 10640 0
41352671212121 10958 0
41352671222111 11682 0
41357622313112 10950 0
41367253111133 11760 0
41532672313211 16015 0
41532761233133 16316 0
41563273113311 12292 0
41576322212222 14085 0
41625372313211 13792 0
41625373121213 13284 0
41625731222231 14396 0
41635721212121 18461 0
41657321222312 18696 0
41673252212222 19298 0
41673521111111 9033 0
41723562313211 14700 0
41725361232113 7068 0
41725361321213 14615 0
41725362221213 14697 0
41725362313211 8830 0
41725362313223 9168 0
41725363121222 13020 0
41725363121231 13054 0
41725631111111 9508 0
41725631211122 12237 0
41725632322331 19483 0
41725633111133 11200 0
41725633121123 14057 0
41725633211111 15157 0
41726352313322 9293 0
41726532312233 14815 0
41735261323313 18637 0
41735262312233 13706 0
41735263123223 15594 0
41735621233232 13658 0
41735622313322 14370 0
41736521233232 14971 0
41736522332231 9180 0
41752631222123 12917 0
41752632311123 11603 0
41752632312323 10302 0
41752632313211 26706 0
41756231321213 16929 0
41756233121231 16926 0
41762532221333 17376 0
41762533123331 16224 0
41765231233232 13618 0
41765322221312 18540 0
41765322313211 23175 0
41765323122212 13816 0
42136752131312 18707 0
42137561123333 18419 0
42137653122131 12436 0
42137653132121 14653 0
42157633231322 12537 0
42163751121212 24509 0
42165373223123 10751 0
42167532131333 17760 0
42315673112111 9920 0
42351671212211 12765 0
42351763231133 16705 0
42367153111121 14036 0
42367153211123 13362 0
42516372233111 10490 0
42561733323122 14246 0
42573612323231 7900 0
42573613322231 11372 0
42613572313211 14741 0
42615371313332 12949 0
42615372213311 9106 0
42615372221213 14405 0
42615372313211 9577 0
42651372213311 16782 0
42651733311122 12156 0
42673512232133 11897 0
42751632321233 17609 0
42751632323231 10892 0
43126572133313 15413 0
43167251232212 24098 0
43176252123131 17008 0
43176252311132 21238 0
43216573132121 12045 0
43216573132223 10457 0
43216573212311 12579 0
43216573212332 16043 0
43512671313332 17461 0
43527612312323 8499 0
43561271111111 9937 0
43571262122222 18281 0
43572161111111 11193 0
43572612312323 9874 0
43576211123222 16210 0
43576212112232 17372 0
43615271333312 13182 0
43615272113321 12076 0
43617521223221 18561 0
43621752213323 15174 0
43651722323132 11074 0
43675122222122 14097 0
43675211221331 13619 0
43721653231313 14100 0
43751623123313 15824 0
43765212222122 16129 0
45167323322231 14138 0
45176231131313 10714 0
45176231133113 12285 0
45176231331113 10948 0
45176233131113 10800 0
45176321131133 12264 0
45213672221123 16604 0
45273162222122 17483 0
45276131131133 12334 0
45312671222312 12336 0
45312672223331 12372 0
45312672233321 9333 0
45312672313211 24771 0
45312673132313 19952 0
45312673222112 12408 0
45312673231313 19961 0
45312761113211 12061 0
45312761133311 10555 0
45312762221111 16063 0
45312762311111 12603 0
45321671212211 13117 0
45321671221121 9931 0
45321673113311 11486 0
45327612222323 12281 0
45362712122222 18631 0
45367122223133 11222 0
45367211111132 11877 0
45367211211122 9933 0
45367213111133 10918 0
45376121131133 12002 0
45376121331311 13995 0
45376211333123 13152 0
45376213131323 20216 0
45376213333322 13983 0
45612371133221 20063 0
45612372331121 25074 0
45612373112231 20714 0
45612373132121 12430 0
45612373132223 12782 0
45612373322111 19231 0
45612373332122 12317 0
45612373332221 13169 0
45613271331221 12577 0
45613272233111 14970 0
45621373123331 12505 0
45621373211111 16463 0
45621732212123 18514 0
45621732233333 16446 0
45623712332123 11619 0
45623713322321 10244 0
45637123132121 12807 0
45637123332122 15284 0
45671231132231 11315 0
45671233112132 11565 0
45673212212132 17950 0
45673213211222 16719 0
45713623223132 14420 0
45721363321313 15933 0
45721363322231 18363 0
45732612233321 15437 0
45736121122211 11272 0
46123571111111 11030 0
46123573232123 13969 0
46125731333123 19490 0
46127351131313 12729 0
46127352131333 12974 0
46127353131323 13168 0
46135272133313 13653 0
46153273131131 12324 0
46157233333232 8987 0
46157321331233 12700 0
46215372121223 13290 0
46215372313211 19789 0
46257132211133 11080 0
46257313312211 14818 0
46273512122312 16052 0
46273513221212 18333 0
46275311123222 13142 0
46275312112232 14817 0
46275312132212 14516 0
46275312232133 7550 0
46275312313211 9073 0
46275313121222 12962 0
46275313312211 8946 0
46321752111131 11138 0
46352171211233 10718 0
46352172113231 10682 0
46372511221331 13273 0
46375211211332 21438 0
46375212113111 13895 0
46375212132131 13204 0
46375212132221 14978 0
46375212332222 14969 0
46375213112111 15101 0
46375213123121 13774 0
46375213333121 13426 0
46512371331221 14136 0
46512372113321 14365 0
46513272332111 13776 0
46513273113221 9034 0
46523711331332 21146 0
46527133111121 11632 0
46572311223122 15603 0
46572312132122 13222 0
46721533123313 18417 0
47123562232133 11913 0
47123651233232 11971 0
47126351233232 12787 0
47126532133133 21270 0
47132562311111 8007 0
47132563222331 11836 0
47132652233321 8613 0
47135622132332 13679 0
47136252133112 15971 0
47152361233232 12221 0
47152631322131 17531 0
47156231332313 13486 0
47156233211132 9384 0
47156233223312 15379 0
47156233233113 14376 0
47156233322312 12711 0
47156321111111 9576 0
47156321133311 12910 0
47156322132311 13744 0
47156322313232 15467 0
47156322332132 11872 0
47156322332312 14613 0
47156323223123 12415 0
47162351322122 13188 0
47163522131222 18487 0
47165321232113 7536 0
47165321322131 12694 0
47165322132212 14280 0
47165322133112 13113 0
47165322232133 7099 0
47165322313211 9723 0
47216352131333 16221 0
47251363131113 17579 0
47251632131312 18314 0
47256133212311 7907 0
47256133321232 11734 0
47265312122222 13503 0
47265312131312 14001 0
47265312313211 13607 0
47321651311133 10988 0
47352612123131 15916 0
47352612311132 16248 0
47352612313211 16251 0
47512632312323 16873 0
47621532232331 10566 0
47621533231121 12603 0
47632152233321 12957 0
47632153212311 8918 0
47632153232321 8297 0
47632513212332 11808 0
47652132231323 12190 0
47653213211231 22230 0
47653213232111 10454 0
51264731113322 16987 0
51264732213311 21214 0
51267342312233 19206 0
51324671211122 9906 0
51324672212111 12741 0
51324673113311 16158 0
51324761111123 14465 0
51324763113332 14150 0
51342672212111 13609 0
51342763312223 10518 0
51367241211113 9404 0
51423671221331 14269 0
51426731111111 16665 0
51426733312211 16088 0
51472361131313 14173 0
51472633331312 14658 0
51623471321111 10289 0
51623743313321 20726 0
51624731312123 15950 0
51624733323113 15811 0
51632741323232 9422 0
51642371122313 16735 0
51642731113322 8470 0
51647231113232 8277 0
51723643131311 17780 0
51724362122222 13939 0
51724363121213 13520 0
51726433123313 15330 0
51732643121213 18657 0
51742632323231 11489 0
51742632323333 11368 0
52134761232113 16969 0
52147631121311 9314 0
52147631131211 9436 0
52147631211131 9301 0
52147631311121 9754 0
52147632111113 11644 0
52147633111112 9039 0
52163471112122 16273 0
52163471213111 11302 0
52163471312111 11342 0
52163471333123 14895 0
52163472111311 10539 0
52163472131222 17241 0
52163473111211 8539 0
52163473111331 15272 0
52163473221323 15987 0
52163473323332 17248 0
52167342121232 13914 0
52167432121313 11802 0
52167432122222 11661 0
52167432131213 11332 0
52167433133333 9079 0
52167433331333 11207 0
52174633223123 11520 0
52314673311311 12099 0
52314761322122 17486 0
52341671111111 22018 0
52341671122211 14599 0
52341671311313 16302 0
52341672211112 17787 0
52341672232313 16052 0
52341672323222 9242 0
52341672323312 20958 0
52341673133111 15815 0
52341673232213 16033 0
52341673232333 8477 0
52341673323212 17670 0
52361472121313 11255 0
52361472131312 9706 0
52367142211121 11754 0
52367412322232 9190 0
52374161112323 16030 0
52376413222223 11090 0
52463173212332 16149 0
52463713212332 12241 0
52471631223113 13854 0
52471631323112 13707 0
52614372313211 9320 0
52641733212311 8440 0
52641733232321 10585 0
52673413232123 14190 0
52713461232323 8379 0
52714361232113 9756 0
52714633213223 12349 0
52714633223123 10641 0
52731641233112 17089 0
52731641323112 12227 0
52736141322233 8398 0
52741362313211 11392 0
52741362313223 7921 0
52741632122333 9760 0
52741632123323 9264 0
52741632212213 9282 0
52741632212231 9099 0
52741632232211 8934 0
52741633221233 9158 0
52741633313312 8635 0
52741633313321 9556 0
52741633321223 10388 0
52741633323311 8800 0
52743611111213 9460 0
52743611111312 12096 0
52743611112131 10414 0
52743611113121 12055 0
52743612131111 11768 0
52743613121111 9918 0
52761431111213 10181 0
52761431111312 9508 0
52761431112131 10090 0
52761431113121 10263 0
52761432131111 10092 0
52761433121111 10404 0
52763143222331 17349 0
52763411222312 14562 0
52763411333123 10283 0
52763413222112 14966 0
52763413223312 14708 0
52763413322312 14477 0
53126471231231 13015 0
53126471231321 12376 0
53126471321321 15554 0
53146272123233 11447 0
53147262123131 14268 0
53162743312223 8851 0
53274163211222 16340 0
53421671321111 9143 0
53421671321231 8527 0
53426171112233 8090 0
53462711113322 9391 0
53467211321111 11967 0
53476121323112 14369 0
53476121323322 13758 0
53614721212121 14987 0
53621471331221 12144 0
53642171111111 16653 0
53672142221213 23958 0
53714622233111 18322 0
53721463223312 21170 0
53724612121112 15103 0
53726143333121 13277 0
53741621323112 13667 0
53741621332112 14312 0
53742612323333 12555 0
53761242121211 12315 0
53761242221213 13294 0
53761242321212 12236 0
53762143222331 13891 0
53762413322123 8744 0
54123673233323 10788 0
54126371331221 12549 0
54127632131213 10858 0
54127632222212 11934 0
54127633131212 9738 0
54127633133333 10779 0
54127633333313 9708 0
54163271133221 17899 0
54163272233111 16882 0
54167231121113 9794 0
54167231131112 9610 0
54167231221211 16469 0
54167231333213 14644 0
54167232112112 16133 0
54167232133313 16385 0
54167232333113 14207 0
54167233232333 10250 0
54167233331213 13799 0
54172633132313 14100 0
54217362233213 18377 0
54217632132212 24408 0
54231671123111 14155 0
54231673123121 13345 0
54261373123121 11743 0
54261732231233 24076 0
54276132233312 15758 0
54312671131331 8935 0
54312672212111 11901 0
54312673311311 14809 0
54317261113112 10036 0
54317621111222 17759 0
54321672212213 10265 0
54321672212231 9799 0
54321672232211 14781 0
54321673313312 9733 0
54321673313321 11039 0
54321673323311 11257 0
54321761211221 8915 0
54321763113113 13655 0
54326171111231 10478 0
54326171112233 10385 0
54326171321231 8555 0
54326711112212 17637 0
54327612223232 9512 0
54361272223232 9880 0
54362171113133 12779 0
54362711111231 10754 0
54362711323112 13873 0
54367121112212 15402 0
54367121113211 12366 0
54367121113331 16173 0
54367122211121 13391 0
54367122311111 12659 0
54367123311113 10892 0
54367211132222 9445 0
54367211213333 12142 0
54367211222132 8998 0
54367211333213 9310 0
54367212211322 9910 0
54367212231122 10018 0
54367212233213 9203 0
54367212332213 9309 0
54367212333113 9137 0
54367213112222 10101 0
54367213312133 9358 0
54371261113331 12391 0
54371621113112 10761 0
54371621113322 9985 0
54376121322233 9466 0
54376211111132 12113 0
54376211111222 12148 0
54376211113133 13849 0
54612371112311 15175 0
54612372222131 12755 0
54612732112223 15912 0
54612733322213 15666 0
54621371133311 10859 0
54621372211121 9640 0
54637211132111 9034 0
54671232221213 18968 0
54712361323313 17393 0
54712362223322 16095 0
54716232222113 24412 0
54716321112323 17145 0
54716322313223 16589 0
54721631111111 15190 0
54721631122121 15766 0
54721631311133 14350 0
54721632133232 16165 0
54721632212222 15691 0
54721632212231 14702 0
54721633231322 15415 0
54721633313321 15184 0
54721633333331 13397 0
54723612131312 11567 0
54723612221222 9024 0
54723612222212 9857 0
54723613121312 8826 0
54723613333313 12267 0
54761233322321 15816 0
54763212322232 9030 0
56123471222312 9480 0
56123471223221 9776 0
56123471331332 11941 0
56123471333123 9122 0
56123472322121 10114 0
56123472331331 11394 0
56123473133132 9683 0
56123473133231 9586 0
56123473222112 8529 0
56123473223312 8353 0
56123473322312 8778 0
56124371111231 12218 0
56124371232323 14041 0
56127433332323 10189 0
56132472333332 11350 0
56132473211111 8680 0
56132473213211 10697 0
56143273332323 12316 0
56147231222132 10256 0
56147231333213 10250 0
56147232233213 14867 0
56147232332213 10205 0
56147232333113 10655 0
56147322333233 11972 0
56173421113112 11448 0
56174232323333 9025 0
56174321232113 8317 0
56213471111111 11108 0
56213743313333 15295 0
56243173133111 11102 0
56243713121333 14006 0
56247132333233 11949 0
56271433111313 13599 0
56271433123313 13514 0
56271433132313 14274 0
56274132331133 12688 0
56274312313211 9194 0
56321473233323 9123 0
56321742211112 14671 0
56324171221331 12556 0
56327411211332 15521 0
56327413213112 15177 0
56341273121213 12092 0
56341273131212 9771 0
56347122333233 12716 0
56347211213111 11460 0
56347211222132 13979 0
56347211312111 14590 0
56347211331131 15308 0
56347212111221 17649 0
56347212111311 8524 0
56347212123233 16464 0
56347212232223 16258 0
56347213111211 9186 0
56347213131332 15766 0
56423171231231 12385 0
56423171231321 11671 0
56423171321321 12524 0
56423172112121 11028 0
56423173132121 14890 0
56423173133111 10544 0
56432713122122 14822 0
56712341232113 15785 0
56712343211123 15922 0
56721343123331 15016 0
56721432312233 17006 0
56723411113313 15530 0
56723411121113 9999 0
56723411131112 9452 0
56723411222312 14146 0
56723412122312 13310 0
56723412323222 8417 0
56723413221212 13403 0
56723413222112 14223 0
56723413331111 15089 0
56732143122113 17238 0
56741231121311 9681 0
56741231131211 9304 0
56741231211131 9966 0
56741231311121 9975 0
56741232111113 9186 0
56741233111112 9198 0
56743212122222 9482 0
56743212221222 12293 0
56743213121213 9666 0
56743213121312 10190 0
56743213331333 9494 0
57123461111111 11733 0
57164322131312 13702 0
57214361323232 11296 0
57214632212213 18832 0
57236141113232 12927 0
57236141322233 8903 0
57236141323232 8281 0
57241631322113 14638 0
57241631323112 12335 0
57246131112233 8590 0
57264132111323 15863 0
57321641311112 17154 0
57321642311132 14084 0
57364212213311 10367 0
57364212313211 10312 0
57364213332122 11028 0
57642311113322 16546 0
61234572231323 11913 0
61234573232213 14118 0
61235741313131 14609 0
61257343232123 9016 0
61274351313131 14199 0
61274532231323 12243 0
61352472233321 16662 0
61352472313211 16865 0
61452731311313 12384 0
61453721111111 14906 0
61453721311112 14638 0
61453723111121 15809 0
61472532123332 11826 0
61472533112111 10348 0
61527431111111 11346 0
61534272311132 9361 0
61534721112311 14480 0
61534721113211 13656 0
61543271111111 10662 0
61543271112311 9889 0
61572432312323 8298 0
61734523222331 11924 0
62134572321323 12775 0
62135471122121 12576 0
62135472132131 12118 0
62135473122131 13434 0
62135473123121 13295 0
62135473131131 12461 0
62135473132121 13771 0
62135473232231 19709 0
62135473322321 21529 0
62135743222331 15417 0
62135743312223 20846 0
62147353123121 13806 0
62147353132121 13869 0
62154733321121 10977 0
62157342132212 18788 0
62173543232132 11413 0
62174351122133 14541 0
62174533311212 17278 0
62317453112111 9169 0
62317453312211 8551 0
62351743112123 19029 0
62371453311311 14294 0
62374511322311 11872 0
62374513112321 11982 0
62374513312112 10603 0
62435172211133 8604 0
62435172311132 8437 0
62435711222222 12980 0
62453713311122 13829 0
62471532232133 10075 0
62475131322323 16122 0
62531472321233 12691 0
62543711211113 14215 0
62543711311112 13783 0
62571432321233 11952 0
62735143223213 16740 0
63125741112323 20881 0
63125743131233 12929 0
63125743133312 14548 0
63142571111111 11207 0
63142571132321 24196 0
63142573112123 24075 0
63172452312323 16188 0
63172452313211 16769 0
63174522332132 12488 0
63247511123132 11618 0
63251743133231 18542 0
63452711311313 10357 0
63452712333221 10550 0
63471522123131 15904 0
63471522323132 14929 0
63471522332132 14733 0
63472512123332 10725 0
63512743313333 14890 0
63541271212211 17661 0
63542713121333 18447 0
63574212123131 16562 0
63574212313211 17122 0
63712542221111 11856 0
63714252123131 9279 0
63714521112323 10570 0
63714522332132 10240 0
63721541233322 14223 0
63724153121213 16155 0
63725141112323 10257 0
63725141233121 16501 0
63725142123131 9099 0
63725142223133 8311 0
63725143122113 20761 0
63725143123313 21753 0
63741252222323 12122 0
63741522123131 10117 0
63742511232221 24771 0
63745123122212 12858 0
63751242221321 13968 0
63751423122311 15588 0
63752141111111 11842 0
63752141122211 12252 0
63752141123213 15500 0
63752142332132 12589 0
63752143123223 14031 0
63752143212323 14654 0
63752143223123 12202 0
63752411223212 15036 0
63752411333213 19532 0
63752412312323 9602 0
63752412322112 14162 0
63752412333113 19593 0
63754213122122 17338 0
64125371131313 17775 0
64157321133212 16722 0
64231572311132 10219 0
64257131113223 18464 0
64271533221212 14040 0
64275131212223 14407 0
64275131312123 13092 0
64275132211133 9046 0
64275132232133 8161 0
64275133231112 12665 0
64275133312211 9834 0
64275311112332 18512 0
64275311222222 13722 0
64275313312211 23293 0
64321572111131 17926 0
64321572132131 13387 0
64321572311132 13712 0
64325713121222 24699 0
64351272132131 11466 0
64357212313211 11320 0
64357213231322 16457 0
64357213312211 10064 0
64531271212211 15522 0
64531272132131 10799 0
64531273122131 12784 0
64531273123121 13296 0
64531273311311 16290 0
64531273312211 12485 0
64572131122223 15469 0
64713253112111 11995 0
65123471112311 8165 0
65123471233232 17457 0
65123472312311 10790 0
65132471212112 14666 0
65132471222111 14302 0
65132471231321 9878 0
65132471323121 13492 0
65132472131231 18735 0
65132472212231 20146 0
65132472233321 10425 0
65132473111331 13514 0
65132473313312 11345 0
65132473323311 11596 0
65132741223323 10031 0
65132743222331 10460 0
65134721233232 12243 0
65147321232113 12982 0
65172431132333 15947 0
65174232123131 8300 0
65174232133313 13093 0
65174232323312 13014 0
65174233323212 13340 0
65174233331213 13554 0
65174322313211 10453 0
65174323223123 11845 0
65213741111111 11047 0
65241371111111 12724 0
65243712121322 15800 0
65271341332331 18672 0
65271432231233 12605 0
65274131111111 15442 0
65274131311313 11848 0
65274131312213 14730 0
65274132123332 12395 0
65274133132223 13039 0
65274133232321 9559 0
65274133312223 13719 0
65314272311132 16416 0
65314272313211 16815 0
65321472111122 11609 0
65417321232113 14756 0
65417323223123 15927 0
65417323232123 14815 0
65423713321322 15490 0
65432173232321 11696 0
65471231132213 16699 0
65714323223123 10829 0
65723143321313 14438 0
65732411333123 14691 0
65742311212313 12063 0
67132541133311 14381 0
67145323133312 16001 0
67154233323332 10875 0
67215343333133 12844 0
67231541323112 15187 0
67231543323122 12786 0
67234513332122 11253 0
67245131313323 14799 0
67245311112311 14488 0
67245311133233 13642 0
67254311131133 15086 0
67254313311113 9149 0
67312452233321 8188 0
67312541121221 8986 0
67312542221111 10455 0
67321451111123 14920 0
67321451112311 11691 0
67321451212211 12396 0
67321451311133 10648 0
67321452111122 11124 0
67321453113311 12544 0
67321542232133 10353 0
67341252222323 16243 0
67342512222113 12808 0
67345122223133 8873 0
67345122232133 8398 0
67345211111123 13957 0
67345211111132 13235 0
67345211112233 21492 0
67345211113322 21235 0
67345211211122 13389 0
67345211311133 12881 0
67345212111122 12229 0
67345213111133 12134 0
67354121111111 11792 0
67354211212121 14507 0
67354211313113 19404 0
67354211333111 19262 0
67354212111221 13278 0
67354212212222 14125 0
67354212311132 8230 0
67354213111313 12971 0
67354213131311 12274 0
67354213211132 12669 0
67354213313333 13765 0
67412353132121 13769 0
67412353332221 14461 0
67412531131133 12222 0
67435121332112 11654 0
67435123123121 11774 0
67452313321232 11817 0
71234563231322 12310 0
71263541333222 22540 0
71263542323123 24071 0
71264533131323 12267 0
71264533221323 10789 0
71264533231223 10693 0
71264533231313 10927 0
71326451211311 12244 0
71326453132121 13927 0
71326543333313 18757 0
71345262132131 14623 0
71362453113311 12574 0
71365423331312 17663 0
71423563213232 12729 0
71423653213232 11856 0
71426353312211 8197 0
71426533333223 16070 0
71432561232323 15343 0
71432561323232 9465 0
71432562111221 12291 0
71432563232213 11752 0
71432563323113 13623 0
71432563323122 13012 0
71432563332113 14709 0
71435261322233 9818 0
71435262222122 12569 0
71435263211123 7713 0
71435263311122 8303 0
71435263333133 12995 0
71435263333223 14380 0
71435623333331 16108 0
71436253333112 18880 0
71452363213232 12149 0
71452632222131 17183 0
71453262222221 14165 0
71453623311122 13782 0
71456321322323 10470 0
71456322111221 11727 0
71462531113322 8410 0
71462532111212 11478 0
71462532121112 12721 0
71462533111223 13214 0
71462533221113 13678 0
71463523331222 16604 0
71523463131311 13470 0
71523463231313 14332 0
71523463331312 13446 0
71532463221332 12807 0
71534262122222 15578 0
71542633132322 11418 0
71543622111131 13826 0
71543623111121 13750 0
71546233331213 14001 0
71546322231212 14637 0
71562433123232 8930 0
71563243221221 19090 0
71625433213133 16272 0
71643252231212 13797 0
71643523331213 18816 0
72134562312212 17413 0
72136541322233 16560 0
72143563222331 12561 0
72143651121113 9063 0
72143651131112 11676 0
72143651213111 9640 0
72143651312111 9187 0
72143652111311 9195 0
72143653111211 9315 0
72145631233223 15258 0
72145633232231 15387 0
72145633312223 18952 0
72146352232223 11541 0
72163452122222 12029 0
72163453121213 9621 0
72163453131212 10731 0
72163453133333 9800 0
72163453331333 10650 0
72164353131113 14123 0
72165431113331 15466 0
72165432111113 9175 0
72165432111122 20694 0
72165432211112 17484 0
72165432323312 15300 0
72165433111112 8384 0
72165433121333 15811 0
72165433221233 14565 0
72165433233323 9463 0
72165433321223 13938 0
72165433331213 13473 0
72345611111111 21945 0
72345611133113 16483 0
72345611221223 14246 0
72345611222222 14403 0
72345611331332 16369 0
72345612122111 16237 0
72345612331331 14024 0
72345613221221 14043 0
72345613333331 17007 0
72356141112323 16565 0
72356141232113 17139 0
72356143211123 21665 0
72361453232333 10890 0
72361542333233 12542 0
72365412222212 8736 0
72365413121312 9868 0
72365413131212 9275 0
72365413331333 11457 0
72435163333313 19138 0
72513641232323 8420 0
72513641233322 10708 0
72516342313223 8368 0
72531463321232 11856 0
72534163211123 8497 0
72541631111213 9417 0
72541631111312 9292 0
72541631112131 9734 0
72541631113121 9281 0
72541632131111 8939 0
72541633121111 11551 0
72543162311111 12451 0
72543163211111 14534 0
72543611221223 8168 0
72543611223221 8922 0
72543611331332 10390 0
72543611332331 8881 0
72543612331331 8508 0
72543613132232 10502 0
72543613133222 9282 0
72543613221221 9081 0
72543613223312 9746 0
72543613322312 9242 0
72546311323112 11463 0
72546313323212 11260 0
72561342313223 8256 0
72561432213122 10234 0
72561433221233 10191 0
72561433311233 10228 0
72561433321133 10629 0
72561433321223 14848 0
72563411111213 9280 0
72563411111312 9654 0
72563411112131 9956 0
72563411113121 9942 0
72563412131111 9096 0
72563413121111 9089 0
72643513212311 11935 0
72643513212332 12243 0
73125463133132 19506 0
73146522113231 11052 0
73246153312211 17000 0
73456123231322 12124 0
73516243323113 13255 0
73516243332131 13563 0
73541262321212 24530 0
73542163321133 18805 0
73542613132121 12328 0
73542613132322 10755 0
73564213321322 24385 0
73614251112323 8729 0
73615241112323 10758 0
73615241113322 9154 0
73615242223133 8697 0
73615243123313 12935 0
73615243213313 21834 0
73615243331312 13084 0
73615243332311 21869 0
73615421113322 20979 0
73615423213211 12956 0
73615423333331 14432 0
73624513121132 20353 0
73624513332131 15772 0
73625141112323 8680 0
73625143121213 12986 0
73625143333313 13515 0
73625412222323 19130 0
73642511111111 8447 0
73642511113232 12797 0
73642511113322 10017 0
73642513223222 16259 0
73645121113211 20946 0
73645122222311 15445 0
73645211223113 11533 0
73645211231111 13933 0
73645211321111 9455 0
73645211332112 12871 0
73645213112231 19840 0
73645213333112 14582 0
73651241113322 14568 0
73652413211312 16787 0
73652413331321 16635 0
73654122111122 10053 0
73654122221111 10343 0
73654211111132 14423 0
74123563323221 9084 0
74123652322121 10137 0
74123653132232 14746 0
74123653133132 10526 0
74123653133222 10087 0
74123653133231 10131 0
74125631313311 15131 0
74125632121121 17611 0
74125632122111 20818 0
74125632131111 8506 0
74125632321332 15286 0
74125633121111 9291 0
74125633131233 13373 0
74125633132232 13841 0
74125633133222 14478 0
74125633133312 15708 0
74125633332323 9438 0
74126352333122 9045 0
74132561321231 9396 0
74132562121121 15264 0
74132562122111 12596 0
74132563131221 14397 0
74132563132112 13502 0
74136522322121 10751 0
74152363132232 10836 0
74152363133132 10594 0
74152363133222 12171 0
74152363133231 10686 0
74156322122123 12845 0
74156322122321 12361 0
74156322313223 8395 0
74156323132331 13655 0
74156323133123 13196 0
74163251121122 16680 0
74163252112211 16128 0
74163252131111 9819 0
74163253121111 9634 0
74163253131332 16406 0
74163253133132 14090 0
74163253133213 13821 0
74163253133231 14525 0
74163253332323 10347 0
74165231121212 13960 0
74165231131313 12525 0
74165231212121 12088 0
74165231313131 12383 0
74165232111212 12892 0
74165232121112 12710 0
74165232121211 12856 0
74165233111313 12338 0
74165233131113 12394 0
74165233131311 12247 0
74165233131323 12919 0
74165233132313 12784 0
74165233231313 12752 0
74213652323132 14150 0
74251633111313 17885 0
74256311321222 16344 0
74256313111232 17500 0
74265312333233 13732 0
74312652333332 11337 0
74321563311131 12209 0
74321653233323 12408 0
74325163131323 13751 0
74325612221222 9517 0
74325613121312 10077 0
74325613131212 9633 0
74325613133333 9986 0
74361253112132 18744 0
74361253211231 15426 0
74365211121221 16972 0
74365211213111 8746 0
74365211312111 12118 0
74365211313113 15502 0
74365211333111 15607 0
74365212111311 9851 0
74365212222323 15767 0
74365212333332 15069 0
74365213111211 9560 0
74365213121333 16528 0
74512361322233 21124 0
74512362313223 16892 0
74513263121222 23978 0
74521632222212 11786 0
74521633121213 11232 0
74521633121312 11923 0
74521633133333 11178 0
74521633333313 9058 0
74523611121113 9992 0
74523611131112 10315 0
74523611213111 10211 0
74523611312111 10384 0
74523612111311 9623 0
74523613111211 10293 0
74532163123223 15988 0
74561231111222 15214 0
74561232111113 9510 0
74561232221111 16807 0
74561233111112 9702 0
74561233131233 13707 0
74561233233323 10369 0
74561233311233 14622 0
74561233321133 14182 0
74561233321313 16285 0
74563211232332 15704 0
74653213133222 19290 0
75132463233233 21365 0
75143263231313 17857 0
75146321323331 17310 0
75213642223133 11163 0
75231463211123 13578 0
75234161322233 8031 0
75234162221111 11850 0
75236143213232 12169 0
75241632222323 12442 0
75243162211322 18438 0
75243611113232 10869 0
75243613213232 17589 0
75246131333312 17504 0
75246311111111 10668 0
75246313212311 11512 0
75246313312211 10280 0
75246313332332 12898 0
75261432123233 9105 0
75264132121232 15357 0
75264132223331 9282 0
75264132321212 12689 0
75264133121333 14278 0
75264133331213 13386 0
75264311223122 16910 0
75264313231112 16833 0
75312463333133 15440 0
75314621133221 10098 0
75314621313212 18523 0
75314623113122 12302 0
75316241231231 12370 0
75321461311112 11057 0
75321463132121 13852 0
75346122133133 12656 0
75346211133122 21165 0
75346211211311 15770 0
75346211311211 15007 0
75346212323333 12846 0
75346213112132 20594 0
75346213132121 12196 0
75346213132322 12179 0
75346213332122 12730 0
75412631223332 9995 0
75416323232213 12506 0
75431263133213 18362 0
75462132123212 10849 0
75613243131332 13103 0
75613243133213 14164 0
75634123323122 14477 0
75641323232111 12115 0
75642132213311 16653 0
76123453233323 10286 0
76125343333133 16173 0
76143252131312 11902 0
76143252221222 11754 0
76143253131212 11356 0
76143253331333 8958 0
76143253333313 11080 0
76145231121113 8479 0
76145231122112 17582 0
76145231131112 9274 0
76145231221112 20794 0
76145231311331 16047 0
76145232123332 15187 0
76145232233213 13960 0
76145232331313 15834 0
76145232332213 14593 0
76145233133213 13494 0
76145233232333 9346 0
76154323333112 16050 0
76213543213133 18419 0
76213543311332 16348 0
76215341231231 14374 0
76215433333133 19391 0
76231451123111 11755 0
76245311121131 15275 0
76245311131121 9407 0
76245311213312 19381 0
76245312132131 12359 0
76245313122122 13967 0
76245313123121 11319 0
76253141123132 10845 0
76253141211332 10376 0
76253413322312 18540 0
76254133311323 21383 0
76254313211111 14932 0
76312452212111 15578 0
76312453211111 12399 0
76312453311311 13034 0
76312542321212 11940 0
76312542322121 15431 0
76312543322222 13918 0
76315241112113 15133 0
76315241113112 9752 0
76315241223113 12711 0
76315241322122 13580 0
76315241323313 14340 0
76315241332112 12763 0
76315243211231 22676 0
76315243323323 15101 0
76321452122123 8419 0
76321452122321 9082 0
76321452122333 9043 0
76321452123323 10901 0
76321452212231 9657 0
76321452213122 10138 0
76321453233131 9816 0
76321453311233 9605 0
76321453313312 11265 0
76321453321133 9702 0
76321453323311 11824 0
76321542211112 11438 0
76321543211111 14678 0
76321543311131 10171 0
76324151112233 8703 0
76324151112323 10727 0
76324153323122 11234 0
76325411111213 9462 0
76325411111312 9326 0
76325411112131 8501 0
76325411113121 11575 0
76325411122121 17483 0
76325411331311 17655 0
76325412112121 16007 0
76325412231212 13632 0
76325412333233 16083 0
76325413222223 15031 0
76341251111213 8561 0
76341251111312 10563 0
76341251112131 11326 0
76341251113121 11364 0
76341251221121 17053 0
76341251311313 15286 0
76341252232313 16011 0
76341252323333 17129 0
76341253221212 17123 0
76341253233131 14992 0
76342511111231 9348 0
76342511111321 14608 0
76342511323112 12706 0
76342512232223 11436 0
76342513213112 21062 0
76342513322111 23332 0
76342513323122 12129 0
76342513323212 12117 0
76345122211112 12669 0
76345122211121 13312 0
76345122213311 21552 0
76345122311111 13309 0
76345123211111 13796 0
76345123311113 12143 0
76345123311131 12560 0
76345123312211 19740 0
76351421112323 10812 0
76351421113322 8186 0
76351423321232 17475 0
76354121121212 14764 0
76354121122121 11414 0
76354121311313 11358 0
76354121313131 13622 0
76354122111212 14397 0
76354122112121 13231 0
76354122212222 13376 0
76354123211123 10445 0
76354123211132 9758 0
76354123313333 18618 0
76354212213323 14349 0
76354212312233 13898 0
76354212313322 15053 0
76354212333332 12584 0
76354213222223 11818 0
76354213312223 14026 0
76421351131121 11471 0
76512343213313 16066 0
76512343332311 15781 0
76514321112323 16792 0
76514321232113 16201 0
76521433232333 10308 0
76523413223231 17795 0
76524313331222 15449 0
76541232131213 9713 0
76541232221222 12053 0
76541233121213 10827 0
76541233331333 9825 0
76541233333313 10751 0
76543211111111 15169 0
76543211212112 15742 0
76543211223221 14610 0
76543211332331 15089 0
76543211333333 13518 0
76543212132323 15769 0
76543212222221 15591 0
76543212323213 16225 0
76543213113131 14336 0
