12345672121232 14953 0
12345672123212 13747 0
12345672321212 13905 0
12345673131323 13256 0
12345673132313 16341 0
12345673231313 15654 0
12345761111111 11462 0
12346571111231 10233 0
12346751113133 13194 0
12347561112212 14490 0
12347651111111 23837 0
12347651122112 19250 0
12347651133311 17440 0
12347652111221 15821 0
12347652123233 19109 0
12347652123332 22643 0
12347652223232 9974 0
12347653111133 16948 0
12347653132223 17171 0
12347653132322 16443 0
12347653332323 11485 0
12354671111111 13165 0
12354761112323 11780 0
12354762121112 16168 0
12354762121211 15711 0
12354762311123 13229 0
12354763131131 13444 0
12354763133111 12839 0
12354763211123 10027 0
12356471113133 13020 0
12356741133131 11989 0
12356741313131 11874 0
12356743113131 12435 0
12357461111222 12367 0
12357461113331 12159 0
12357462211112 10972 0
12357641113331 13057 0
12364571112212 14975 0
12364751112212 11235 0
12364751113133 11528 0
12364753311131 9609 0
12365471111111 16389 0
12365471211122 16929 0
12365471313113 15860 0
12365472223232 10261 0
12365472321233 18686 0
12365473232312 16780 0
12365473332323 10143 0
12365741113331 13713 0
12367451123333 12291 0
12367451132222 11711 0
12367451213333 12589 0
12367451312222 16789 0
12367452113333 13914 0
12367453112222 11602 0
12367541112212 13928 0
12367541113331 16239 0
12367541331131 9859 0
12374561121212 11699 0
12374561211212 12371 0
12374562111212 16701 0
12374651111222 14891 0
12375461111222 13501 0
12375641113112 13767 0
12376451111222 15324 0
12376451113133 12961 0
12376451221211 10501 0
12376541112323 9680 0
12376541232233 13511 0
12376541322233 11030 0
12376542121232 13705 0
12376542123212 12661 0
12376543133132 14142 0
12376543133231 14237 0
12456731132321 20285 0
12456731233223 12468 0
12456733223321 12733 0
12463751231231 13612 0
12467351131121 10730 0
12467351231321 9191 0
12473561132123 12942 0
12536741112323 18052 0
12537461332112 12204 0
12543671111111 16857 0
12543671211212 16686 0
12543671331113 16508 0
12543672121121 17243 0
12543672321332 18703 0
12543672322232 10122 0
12543672331232 16967 0
12543673111331 16454 0
12543673221323 16935 0
12543673231223 16842 0
12543673233323 12788 0
12546371221331 14755 0
12563472131213 10843 0
12563473131212 13189 0
12564733323122 12154 0
12567433232333 10122 0
12576343212221 19418 0
12637451132111 18799 0
12637451332112 14944 0
12643571321321 13046 0
12645371131121 13011 0
12673542331133 19182 0
12734561112323 17227 0
12734561322233 17713 0
12734562313223 17459 0
12745631111111 27103 0
12745632111122 17530 0
12745632212213 17028 0
12745632222221 15536 0
12745632232211 16962 0
12745633131131 17010 0
12745633313312 16472 0
12745633313333 16039 0
12745633323311 16586 0
12753462231323 13185 0
12763452322232 10272 0
12765432121313 10966 0
12765432222212 12598 0
12765433121213 10420 0
12765433331333 10838 0
13245671321111 13549 0
13246571111111 8984 0
13246571112233 9425 0
13246571113232 13133 0
13246572321332 16582 0
13246572331232 13371 0
13246573221233 13278 0
13246573321223 13439 0
13246752133211 19228 0
13247563212131 20262 0
13254761322233 13472 0
13254761323322 12873 0
13254762321233 17139 0
13254763323122 14350 0
13257641112233 17322 0
13265741112323 13174 0
13265742131312 17194 0
13267451122211 11063 0
13267451311133 9739 0
13267541111132 16452 0
13267541232212 13407 0
13274651112323 11447 0
13275461112233 19421 0
13275463213211 15352 0
13275641112233 10540 0
13275641112323 9830 0
13275642131333 14102 0
13275643212221 14870 0
13276451113211 19276 0
13276451233133 14944 0
13276541133122 22164 0
13276541213312 27595 0
13276541321123 23497 0
13276541322311 24405 0
13276541323112 13730 0
13276541323322 13356 0
13276542323312 13234 0
13276543323122 15147 0
13462571111111 18054 0
13462572213311 17691 0
13527461211113 12109 0
13542671231231 12962 0
13546271213213 9940 0
13546271231231 15910 0
13546271321321 12861 0
13572641122133 13973 0
13576241312213 16533 0
13576241321321 13454 0
13627451332112 12499 0
13642571221223 12001 0
13642571223221 11747 0
13642573221221 13534 0
13645271221331 13337 0
13647521111111 11730 0
13675241112323 16777 0
13675242331313 15820 0
13725642332132 15576 0
13754262123323 29840 0
13762451321321 13206 0
13764251211311 10032 0
13764252323231 14988 0
13765422121211 19602 0
14263751131121 11736 0
14267351321321 14046 0
14275633323122 14491 0
14325671111111 34829 0
14325672112121 17698 0
14325672231323 18100 0
14325672323222 10096 0
14325673123232 18265 0
14325673232333 10162 0
14325673311131 17422 0
14327652131213 9917 0
14327653121213 10579 0
14352672212111 12802 0
14356721112323 18246 0
14356721322233 23364 0
14367252322232 10666 0
14367523311113 15552 0
14523672121313 11129 0
14523673121312 12674 0
14527631121311 11228 0
14527631131211 9163 0
14527631133311 16517 0
14527631211131 12153 0
14527631311121 12139 0
14527632122213 15905 0
14527632212111 17722 0
14527632333332 22408 0
14527633132322 17351 0
14527633312133 15512 0
14536273311311 13705 0
14537622231323 12918 0
14563272323222 9753 0
14567231312213 18726 0
14567231321123 18425 0
14573261333111 12562 0
14625731111111 17272 0
14625731131121 12736 0
14625731322233 23650 0
14625732112121 13778 0
14625732113321 17169 0
14625732213323 14962 0
14625732233111 15597 0
14625733133111 12461 0
14632571111111 19424 0
14632571321132 12707 0
14652733321331 13267 0
14673251111111 12657 0
14723651111213 10143 0
14723651111312 13094 0
14723651112131 11259 0
14723651113121 10286 0
14723651211212 17043 0
14723652322121 15052 0
14723652331232 17198 0
14723653232222 16879 0
14723653313111 16646 0
14723653321313 17285 0
14725361111111 10324 0
14725361111123 15335 0
14725361322332 23576 0
14725362211121 14791 0
14725363211213 15187 0
14725363213121 14415 0
14725363223213 16264 0
14725363311113 14123 0
14726531223122 16255 0
14726531232122 16379 0
14726531233313 14959 0
14726531333312 15129 0
14726532232313 12800 0
14726533323122 12953 0
14735621221112 14365 0
14735621223113 14379 0
14735621223332 28957 0
14735621233112 14907 0
14735621323112 15233 0
14735621332112 13069 0
14735621333111 13041 0
14735621333222 21807 0
14736251111132 9002 0
14736251112332 11878 0
14736253222223 11735 0
14736521132222 13461 0
14736521133131 14633 0
14736521211212 13302 0
14736521213333 13829 0
14736521221313 15873 0
14736521321231 13399 0
14736521322233 9699 0
14736521332121 15671 0
14736523112222 13347 0
14736523113131 13406 0
14752363222121 14582 0
14752363232222 14131 0
14752363233131 13375 0
14752631111111 12601 0
14752631112311 16472 0
14752631323223 22784 0
14752632332132 13423 0
14752633213223 14424 0
14752633222223 13744 0
14752633223123 14053 0
14752633223231 24255 0
14753261221112 11262 0
14753261323112 16415 0
14753261333111 11532 0
14762351221331 16842 0
14762351321231 14490 0
14762351331221 13989 0
14763251221223 15278 0
14763251222312 11774 0
14763251332331 11384 0
14763251333123 11052 0
14763252322121 9108 0
14763253132232 9313 0
14763253133132 9156 0
14763253133222 10408 0
14763253133231 9623 0
14763253221221 10970 0
14763253222112 11580 0
14763521113211 9954 0
14763521113223 11683 0
14763523222331 13130 0
14765231111213 12291 0
14765231111312 12156 0
14765231112131 11628 0
14765231113121 9458 0
14765231133131 16898 0
14765232211211 17181 0
14765232232322 17178 0
14765232331313 17533 0
14765233113131 17037 0
14765233323332 17150 0
15236471111111 13123 0
15236473231121 13290 0
15243671331221 13716 0
15246371331332 12602 0
15246371332331 11926 0
15246372331331 11575 0
15267431223113 12101 0
15273641112323 18544 0
15324673113311 17635 0
15342671211311 9908 0
15346271321321 13608 0
15367421211113 19759 0
15367421223113 15137 0
15367423211123 15760 0
15426371111111 18100 0
15426371112233 17986 0
15463271313113 12311 0
15624732123212 15826 0
15624732133313 15081 0
15624732333332 14463 0
15627431223113 11008 0
15627431322113 15746 0
15627431332112 11258 0
15634722123332 12203 0
15634722321233 11309 0
15637423211123 11287 0
15642371111111 11655 0
15642372213311 8932 0
15642372231332 14219 0
15642372331322 12619 0
15642373212311 10916 0
15642373221323 13583 0
15642373231223 14367 0
15643271221331 11927 0
15643271331221 12349 0
15643273223111 9600 0
15647233213232 13437 0
15672341113232 14451 0
15672341323112 13413 0
15672342323312 12382 0
15672343213232 13770 0
15672433312133 21032 0
15724362212132 14137 0
15724631111111 15848 0
15724631211311 14377 0
15724631322233 24579 0
15724632123233 16250 0
15724632313223 22864 0
15724632323231 14674 0
15724632323333 13369 0
15724633132322 12279 0
15734622331223 14041 0
15746321111111 17673 0
15746321323211 11703 0
15746322313112 11305 0
15762342122213 16483 0
15763241111111 12656 0
15763242323132 13787 0
16243571132132 10581 0
16243571231231 14289 0
16243571321321 12416 0
16245371231231 14456 0
16254733312223 16466 0
16257431132111 11981 0
16257433223123 14384 0
16273541122133 17848 0
16273541321321 14416 0
16275341312213 12125 0
16275343122221 17237 0
16327453232333 10386 0
16342571331221 13264 0
16345271111111 30524 0
16345271133131 18127 0
16345271222111 18730 0
16345272322232 12473 0
16345272333212 17026 0
16345273122323 18999 0
16345273233323 15977 0
16347252131312 12025 0
16347253121312 10626 0
16357421223113 12544 0
16374521112323 18636 0
16374523211123 18046 0
16423572112121 12913 0
16427531211311 11621 0
16427531231321 8914 0
16427532333233 19010 0
16453271111111 19611 0
16453271211113 14570 0
16453272111131 14932 0
16475233132313 19567 0
16523473332323 10239 0
16523741112212 13071 0
16524731112212 16654 0
16524731112233 13369 0
16524731113133 13989 0
16527341111111 10774 0
16527431123333 10990 0
16527431222132 10899 0
16527431312222 15017 0
16527431333213 10369 0
16527432113333 10454 0
16527432211322 11345 0
16527432231122 9519 0
16527432231332 9388 0
16527432331322 9757 0
16527432333113 10364 0
16527433312133 9488 0
16532471111222 13490 0
16534271111111 10985 0
16534271111132 9162 0
16534273211111 11188 0
16534723211123 11818 0
16537421111222 13092 0
16537421113322 12695 0
16537421113331 13458 0
16537421223113 11122 0
16537421233112 16050 0
16537421332112 10934 0
16542371221331 10886 0
16542371331221 11238 0
16542372112331 12501 0
16543271221223 16157 0
16543271223221 10723 0
16543271331332 12208 0
16543271332331 12047 0
16543272331331 10520 0
16543273221221 11288 0
16543721111111 9632 0
16543721113211 9204 0
16547233332323 10973 0
16547321113331 15349 0
16572431111111 12924 0
16572433213223 14135 0
16573241123123 10981 0
16573241312312 9953 0
16574231113133 13470 0
16723451122133 16378 0
16723451322311 16808 0
16725431121311 9974 0
16725431131211 10159 0
16725431211122 17222 0
16725431211131 12427 0
16725431311121 9085 0
16725432211121 18742 0
16725432232223 16035 0
16725433113311 16482 0
16725433122212 15484 0
16725433333232 16574 0
16735242122213 14519 0
16742352232313 11954 0
16743252323222 9850 0
16745232121313 10342 0
16745232122222 9946 0
16745233121213 9907 0
16745233333313 12216 0
16753241221112 12441 0
17246351111111 17154 0
17265433111313 20845 0
17324561211323 17860 0
17324561232332 11108 0
17326452212111 21182 0
17356241212313 12054 0
17356242211331 24230 0
17362451211311 8654 0
17362451231321 9371 0
17362452213311 15282 0
17364251231231 15660 0
17423653213232 13639 0
17425631122112 14258 0
17425631223113 13183 0
17425631313113 13042 0
17425631322113 14770 0
17425631322332 23629 0
17425631323112 15433 0
17425631323223 21906 0
17425631332112 14430 0
17426531112233 11100 0
17426531121212 14018 0
17426531132312 15730 0
17426531213123 15833 0
17426531223221 13106 0
17426531232233 13381 0
17426531313131 13502 0
17426531331332 14114 0
17426532121211 12329 0
17426532331331 16728 0
17435622211133 9551 0
17435623211123 9725 0
17436521323232 10559 0
17452363213232 11157 0
17452363322132 9587 0
17452633213232 15546 0
17453262211133 11168 0
17462352213311 9351 0
17463251122112 11517 0
17463251221331 13112 0
17463251313113 11492 0
17463251321231 13148 0
17463251323112 16011 0
17463251331221 13794 0
17526431131121 11541 0
17526431231321 9375 0
17526432123233 15330 0
17543261111111 20238 0
17543261132111 14529 0
17642531111111 17687 0
17642531112233 23399 0
17642533312211 18465 0
17643251122112 12486 0
21345671111111 13540 0
21345762223322 17533 0
21345762312323 13215 0
21345762313223 10047 0
21345763332233 14432 0
21346752313322 13968 0
21347562312323 26206 0
21354671122112 12486 0
21354671131313 16538 0
21354671221112 12431 0
21354672311123 14320 0
21354672311132 10781 0
21354672313211 28570 0
21354673131113 14858 0
21354761112233 24392 0
21354761112311 13989 0
21354761113211 14650 0
21354761113322 25795 0
21354761122211 15758 0
21354761133311 13594 0
21354762213311 23225 0
21354763312211 22642 0
21357462311111 17917 0
21357463213331 14102 0
21357642221132 20533 0
21364752311111 16445 0
21364753212212 13804 0
21365742221312 13882 0
21365742312323 17878 0
21367451311331 11766 0
21367452112112 10228 0
21374653333121 17967 0
21375462312233 9654 0
21375463333211 17225 0
21376541111123 11962 0
21376541112311 12952 0
21376541122211 14916 0
21376541131133 12870 0
21457631321123 24555 0
21473563331312 20188 0
21536742222131 18369 0
21654372231323 15212 0
21654372233321 13435 0
21654373332122 11611 0
21654373332221 12896 0
21734652123131 17459 0
23147562123131 13043 0
23147651112323 12288 0
23147652312323 8976 0
23156471222132 14591 0
23156471333132 14616 0
23156473323332 13686 0
23157461231333 19168 0
23157462131123 19654 0
23164573213133 13131 0
23164752131312 15506 0
23164753333313 14596 0
23165471111111 10221 0
23165471311133 13801 0
23165471312132 15121 0
23165472111122 13709 0
23165472111332 14878 0
23165472132332 16357 0
23165472311111 16770 0
23165473233221 25049 0
23165741112323 9823 0
23165741231312 15399 0
23165742123131 8212 0
23165742131321 17436 0
23165742131333 23804 0
23165742312323 13386 0
23165743331312 23818 0
23167541233322 16419 0
23167542131222 15545 0
23174652123131 8704 0
23175463211222 15127 0
23176452132221 17460 0
23176453332233 17265 0
23416752121211 16835 0
23417563232123 12185 0
23456173212332 11340 0
23456173233122 11856 0
23456713212332 12685 0
23475162121112 14040 0
23517462131333 17129 0
23576412233321 17030 0
23576412312323 16938 0
23657142121112 21901 0
23671452122333 30385 0
23674153232321 9966 0
23751461132123 11445 0
23751463112321 11379 0
23756143222331 14438 0
23756411222312 11644 0
23756413222112 12001 0
23756413223312 11688 0
23756413322312 12274 0
24153672321233 13484 0
24157361313212 12595 0
24157362323111 12631 0
24167353132232 24819 0
24173652323231 8955 0
24315673311311 18809 0
24315761122322 18909 0
24315762213323 9923 0
24351671212211 14730 0
24351673111133 15667 0
24351673311311 17188 0
24351761111123 24442 0
24351761212232 14423 0
24367511323112 16336 0
24367513111121 11804 0
24376512222122 17069 0
24516732233111 9493 0
24531673123121 16840 0
24536713231232 15427 0
24537613231322 16297 0
24561372111131 10294 0
24563711121212 13523 0
24563712121232 14036 0
24563713121222 19913 0
24571362221213 15680 0
24571631121212 15318 0
24615371112332 14602 0
24615372213311 27887 0
24615731122313 15633 0
24615731132333 23355 0
24615732111323 17769 0
24615732213311 9924 0
24615732233321 13738 0
24615733113323 23334 0
24615733311122 7764 0
24617532233321 22097 0
24637512311132 12811 0
24651731113223 18194 0
24651731333333 14262 0
24715363311332 14389 0
24715631111111 16120 0
24715631122121 15012 0
24715631122133 15150 0
24715632313223 21877 0
24715633112111 9980 0
24715633131131 14851 0
24716532323231 19192 0
24731561111111 19399 0
24731562311231 12593 0
24736512222332 19526 0
24751362221231 23365 0
24751362321113 27183 0
24761531221223 24684 0
24763151111111 12002 0
24765313222112 20887 0
25134672233321 17377 0
25134672312323 17460 0
25134672313211 19166 0
25137461111111 12598 0
25137461211323 11217 0
25163741112323 16068 0
25314673111313 17358 0
25314673111331 16490 0
25314673131311 17061 0
25341673113311 19996 0
25341762313223 23380 0
25364172311231 20014 0
25364173223231 10968 0
25367411211122 12621 0
25413672323111 20127 0
25413763121222 19852 0
25436711311313 13747 0
25436712123122 15227 0
25436712123332 13194 0
25436712132122 16867 0
25436712323231 16275 0
25436713232321 12536 0
25436713332122 13575 0
25463713212332 13821 0
25471362323132 9930 0
25471631312213 20372 0
25631741212121 27152 0
25634713321232 15039 0
25641371213132 17781 0
25714632123131 10941 0
25714632223331 13830 0
25714632313211 26466 0
25714633121333 17483 0
25716431212223 17216 0
25716433223213 17760 0
25731642232211 28095 0
25734162221111 12739 0
25734613113323 21326 0
25736141111123 10883 0
25736141233232 17533 0
25736411133113 17235 0
25736411231321 11296 0
25736411321312 14395 0
25736411331113 16323 0
25736413123112 15306 0
25741361232113 13033 0
25741632222323 14984 0
25741632312323 13383 0
25743611233232 13467 0
25763142223133 12220 0
25763411332322 10145 0
26135742132221 18866 0
26135742213323 9682 0
26135742332312 18060 0
26153471122121 12190 0
26153473131131 10925 0
26153473132121 14203 0
26154372332213 35794 0
26175432331133 18291 0
26317451212211 21199 0
26345711223113 11653 0
26371453112111 11391 0
26415731322323 14542 0
26415732121223 14064 0
26415732233321 17675 0
26435712222122 22687 0
26435712233321 13228 0
26435712311132 7214 0
26435712322322 17628 0
26435713311122 8530 0
26435713333133 18030 0
26437512122312 15792 0
26453172211133 12192 0
26453711333333 17926 0
26513471122121 14157 0
26517343333313 22585 0
26534713333313 20298 0
26543171111111 16119 0
26543171123111 15301 0
26547313131323 19780 0
26573413331312 16317 0
26714531212133 17576 0
26714532121133 20304 0
26715433231322 13660 0
26741351232113 15205 0
26743512121232 22228 0
27134561131133 13031 0
27154632311132 18055 0
27314652313211 19036 0
27365412321212 15992 0
27415363131113 13648 0
27415632323231 16153 0
27415633321322 16455 0
27416532133232 10585 0
27416533321232 15262 0
27435612122222 14815 0
27453161123111 13916 0
27453161132111 15692 0
27456133132223 12759 0
27516341111111 9887 0
27534161111111 8731 0
27534161111123 14056 0
27534162311111 9472 0
27534612311132 8900 0
27536412332312 17770 0
27543611111123 18340 0
27543611111132 13485 0
27546312231122 30730 0
27613543333133 21099 0
27614353311332 17742 0
27615431312333 18563 0
27615432113321 13072 0
27615433313213 14716 0
27634511131133 15210 0
27634512233321 8733 0
27643513311233 23977 0
31246753312211 11988 0
31247651113232 8643 0
31247651323232 12271 0
31256471231222 13559 0
31257462222221 19916 0
31257462312311 15713 0
31257643311122 11920 0
31264572122213 15138 0
31264573132313 14124 0
31264573222223 13578 0
31264752132122 19008 0
31264752313121 19021 0
31265471111111 18678 0
31265471122112 12805 0
31265471122133 15681 0
31265471312213 14897 0
31265471313113 12530 0
31265471321111 10540 0
31265472233321 26591 0
31265472312233 14795 0
31265741233331 16277 0
31267542222233 18009 0
31267542313133 18290 0
31275461112233 12498 0
31275461322233 12558 0
31275462133211 15434 0
31275462223211 15616 0
31275462311213 17263 0
31275462312212 17005 0
31275463311122 9541 0
31276452133322 15789 0
31276452313313 17227 0
31452671323211 11661 0
31452671332232 11710 0
31452672322331 11885 0
31456722111221 12154 0
31462751111111 18441 0
31462751113322 17836 0
31475261322233 19085 0
31475262331313 20127 0
31475262333221 15946 0
31524673332122 15660 0
31527643332122 15557 0
31564272212111 19560 0
31564272213311 12106 0
31564273113311 13439 0
31572461122133 9816 0
31624751112233 17789 0
31624753312211 17448 0
31627452221333 20141 0
31654272313322 16641 0
31754621331122 24687 0
31765242322121 23663 0
32145671111111 23788 0
32145671123333 16268 0
32145671132222 16086 0
32145671221112 17618 0
32145671333333 15963 0
32145672113333 16571 0
32145672212222 15517 0
32145673112222 15304 0
32145673311113 17679 0
32146751232323 13294 0
32146752232223 14495 0
32147562313223 11826 0
32147562333233 18814 0
32147651123333 10042 0
32147651132222 9512 0
32147651213333 11240 0
32147651312222 10084 0
32147652113333 9709 0
32147652231332 10029 0
32147652233213 15508 0
32147652331322 10593 0
32147652332213 15407 0
32147653112222 9302 0
32156471111111 11170 0
32156471113211 16188 0
32156471232332 22014 0
32156472312332 13576 0
32156472332132 13435 0
32156472332321 23225 0
32156472333332 13095 0
32156473223123 12126 0
32156741112323 11593 0
32156742311123 10950 0
32156742313223 10619 0
32156742333131 14594 0
32157641232323 12812 0
32157642231323 13207 0
32164571111111 17659 0
32164571111231 10188 0
32164571232323 13192 0
32164572232223 14880 0
32164572232313 14815 0
32164572233321 23264 0
32164572312323 23005 0
32164573323212 12764 0
32165741111111 16733 0
32165741111132 15401 0
32165741233223 24628 0
32165742211112 13768 0
32165742331112 14721 0
32165743311131 12307 0
32167451111111 16209 0
32167451213333 17791 0
32167451222222 15205 0
32167451312222 15688 0
32167451333111 15578 0
32167452211121 16795 0
32167453222313 16633 0
32167453313333 16282 0
32167453321232 16408 0
32174561112323 9709 0
32174561232113 11005 0
32174561232233 11578 0
32174562231212 14062 0
32174652312332 12286 0
32174652332132 11271 0
32175461111111 17844 0
32175461113112 10293 0
32175461221112 12788 0
32175461333111 12714 0
32175462233111 15120 0
32175462312323 24658 0
32416753121222 16598 0
32417562113321 16899 0
32417652132131 15712 0
32417653132121 13789 0
32451762331121 11217 0
32456173212332 14218 0
32456711233133 26973 0
32465172112121 13051 0
32465172132131 13119 0
32465172133121 13476 0
32465172332321 23313 0
32465173123121 14244 0
32465173132121 14456 0
32465173133111 13872 0
32465173233221 23718 0
32475161232323 15914 0
32475163331222 14358 0
32476513232231 12669 0
32517463131311 21061 0
32546713323212 12519 0
32547611121113 12818 0
32547611131112 10706 0
32547611213111 10972 0
32547611312111 11081 0
32547612111311 10429 0
32547613111211 9918 0
32561471113133 18770 0
32561471121311 9156 0
32561471122211 19120 0
32561471131211 9974 0
32561471211131 15784 0
32561471311121 12436 0
32561472133313 15192 0
32561472213122 15813 0
32561473222223 17357 0
32561473323212 16156 0
32567412122222 10015 0
32567412131312 10928 0
32567412222212 11812 0
32567413131212 10501 0
32567413133333 11435 0
32576142313223 17663 0
32615473332122 14838 0
32647152133121 17956 0
32647153132121 13861 0
32647512333233 20950 0
32657143121213 20278 0
32657412111212 18092 0
32671453123313 19371 0
32674152113333 26301 0
32714652332132 12239 0
32716452123212 16770 0
32741651121311 13518 0
32741651131211 10853 0
32741651211131 10279 0
32741651311121 12185 0
32741652111113 11018 0
32741653111112 11290 0
32745611223332 16455 0
32745612313322 16563 0
32745612322331 16576 0
32751643321232 13365 0
32754163211123 17723 0
32756141233121 17853 0
32761452121313 9646 0
32761452122222 10575 0
32761452222212 9841 0
32761453121312 12213 0
32761453133333 10229 0
32765411112221 18300 0
32765411121113 9334 0
32765411131112 9372 0
32765411133113 17091 0
32765411331113 17094 0
32765412221312 15255 0
32765412323222 11689 0
32765413122212 14777 0
32765413223312 16206 0
32765413231223 17078 0
32765413322312 16237 0
34125672131213 9767 0
34125672131312 10621 0
34125672221222 10290 0
34125673133333 10494 0
34127651121113 10565 0
34127651131112 9857 0
34127651213111 10768 0
34127651312111 10700 0
34127652111311 10330 0
34127653111211 9968 0
34162752132212 26682 0
34165271112212 18699 0
34165271121311 10570 0
34165271131211 10301 0
34165271211131 13074 0
34165271311121 9428 0
34165271311133 16915 0
34165272323333 16323 0
34165273133312 17783 0
34165273222322 16526 0
34165273311131 16777 0
34167252213323 16901 0
34172562132332 19343 0
34172562313331 18614 0
34175263321232 13643 0
34216572213122 26202 0
34261572132131 10741 0
34261572133121 12055 0
34261573123121 11754 0
34265712212132 17778 0
34275161312213 9725 0
34275162112322 15685 0
34275162213221 17051 0
34516271111111 11233 0
34516272312332 18147 0
34516722313223 11904 0
34517622231323 12432 0
34521672223232 11036 0
34526713232312 9264 0
34527612211322 12466 0
34527612231122 11428 0
34527612231332 13952 0
34527612331322 12484 0
34527613312133 12108 0
34561272122123 10886 0
34561272122321 10651 0
34561272212213 15836 0
34561272213122 9623 0
34561272232211 15638 0
34561273221233 9673 0
34561273233131 10163 0
34561273311233 10173 0
34561273313321 11985 0
34561273321133 10367 0
34561273321223 9183 0
34561721111111 12514 0
34562171321111 11163 0
34562171321231 8228 0
34562172232313 14862 0
34567212223232 12471 0
34617252111212 13283 0
34617252123212 14009 0
34617252132212 14321 0
34617522221333 14772 0
34621572132131 12928 0
34625172111212 15531 0
34627512232313 11541 0
34651271123111 9959 0
34651272332132 15468 0
34675212222122 23866 0
34715262221123 19812 0
34716522223211 18987 0
34721652121313 14831 0
34721652131213 12807 0
34721652221222 14587 0
34721652222212 13171 0
34721653333313 10253 0
34725611212211 17643 0
34725612111113 8980 0
34725612121322 16120 0
34725612231212 15742 0
34725612231332 16535 0
34725612322232 12411 0
34725612331322 16175 0
34725613111112 11322 0
34725613111133 16906 0
34725613132223 16263 0
34725613311113 16804 0
34761252323222 9648 0
35126741232212 18121 0
35126742231233 18251 0
35127462331331 22395 0
35162472122231 15100 0
35162472123233 13481 0
35162473122221 15513 0
35162473323131 16164 0
35162473332122 13863 0
35162473332131 15308 0
35162742213323 15844 0
35167242132212 20750 0
35172461232323 16260 0
35174262213131 19088 0
35174262231113 17844 0
35246171111111 17335 0
35246171113322 17103 0
35246172213311 17323 0
35267141223233 12176 0
35267141321132 20272 0
35271461322233 16855 0
35416721113112 11354 0
35416723232213 14986 0
35417622223133 13676 0
35426712131132 20532 0
35426712311312 14603 0
35426713111313 13304 0
35426713131113 12101 0
35426713312211 10210 0
35461271111231 12253 0
35461271321231 8452 0
35461272222323 12921 0
35462171131313 12956 0
35462171212121 13118 0
35462171221223 13433 0
35462171332331 15822 0
35462172213311 10316 0
35462172223331 13018 0
35462172312131 16248 0
35462173123211 14967 0
35462173131311 13519 0
35462173221221 14104 0
35462712322322 17905 0
35472163222313 9747 0
35472163231322 11241 0
35476122221111 13032 0
35614722321233 15120 0
35617423131332 15349 0
35624712121232 12021 0
35624712321212 17143 0
35624712321332 11947 0
35624712331232 12621 0
35714623111322 23730 0
35721642221213 27113 0
35762142222113 18195 0
36125471111333 18356 0
36125471212112 20832 0
36125471213111 9406 0
36125471222111 21046 0
36125471312111 10768 0
36125472111311 10297 0
36125472121223 14761 0
36125473111211 11885 0
36125473232222 17224 0
36125473323233 18460 0
36125743222331 20678 0
36127451333222 16217 0
36145272122222 10288 0
36145272131213 11654 0
36145272131312 10632 0
36145273333313 12232 0
36147251121311 11838 0
36147251131211 11936 0
36147251211131 12410 0
36147251311121 10345 0
36147252111113 12463 0
36147253111112 11104 0
36152741231312 22296 0
36152742131321 18270 0
36172452133133 17622 0
36217452131333 22744 0
36217541223311 11264 0
36217543213112 14916 0
36241573212332 13223 0
36241753212311 10259 0
36415272123212 19881 0
36417522123311 19122 0
36514272212111 19043 0
36521472113321 16571 0
36521472331121 17206 0
36527411131133 16883 0
36527412111113 10134 0
36527412131222 19029 0
36527412211322 17698 0
36527412221312 16121 0
36527412231122 15321 0
36527412322232 10247 0
36527413111112 10712 0
36527413311311 16351 0
36541272323222 9784 0
36542712121322 16195 0
36547212121313 10662 0
36547212122222 11963 0
36547212131312 11900 0
36547212221222 10567 0
36547213331333 13301 0
36712542121112 12284 0
36712542121121 12145 0
36712542121211 16254 0
36712542122111 13201 0
36714252232223 9751 0
36714521232113 12853 0
36714522121322 16203 0
36714522122213 15291 0
36714523132223 13243 0
36714523132322 13306 0
36721451131331 17580 0
36721452121322 16087 0
36721452122123 15575 0
36721452122213 15523 0
36721452122321 16140 0
36721452131111 12520 0
36721452223232 8914 0
36721453113113 19050 0
36721453121111 15704 0
36725411121212 12940 0
36725411131313 13138 0
36725411212121 14027 0
36725411313131 12885 0
36725412111212 13712 0
36725412121112 12753 0
36725412121211 13850 0
36725412121232 13051 0
36725412123212 14172 0
36725412321212 14292 0
36725413111313 15411 0
36725413131113 13954 0
36725413131311 16342 0
36741252122123 12866 0
36741252122321 12368 0
36741252122333 10853 0
36741252123323 12102 0
36741253233131 12149 0
36745211211221 16392 0
36745212121223 14978 0
36745212122312 18796 0
36745212122333 15542 0
36745212123323 17488 0
36745212131111 9389 0
36745212223232 9925 0
36745213121111 12183 0
36745213131131 16605 0
36745213133111 16592 0
36745213232213 16038 0
36751243222322 9882 0
36752142122132 20656 0
36752142123221 15200 0
36752143132232 13388 0
36752143133222 14261 0
36752143211132 12711 0
36754123232222 14873 0
37246511112233 23354 0
37256142321233 13518 0
37415622333221 17646 0
37426513132313 12157 0
37452162323312 12017 0
37516422333311 15180 0
37561241311112 9823 0
37612453122233 15938 0
37612542221111 14806 0
37614252221123 14715 0
37614521111111 17635 0
37614521323232 10245 0
37614522111221 13013 0
37614522113321 16752 0
37614522313322 16599 0
37614522323312 12879 0
37614523232213 14916 0
37615421113322 10158 0
37615422211133 8314 0
37615422223133 8521 0
37615422313121 13846 0
37615422313331 14373 0
37615423121132 14793 0
37624152311213 18934 0
37624511232233 11365 0
37624512121322 16381 0
37624512231212 14423 0
37624513131323 13942 0
37624513231313 13683 0
37641252222323 12262 0
37642152213311 12010 0
37642513122221 19266 0
37645122312221 14894 0
37651242211133 13888 0
37651422312311 17987 0
37652141113232 8187 0
37652143231322 13623 0
37654212311222 19575 0
41236753232321 12281 0
41237561313131 19912 0
41263751312222 25867 0
41325671212211 12688 0
41325762313223 17663 0
41325763131233 14333 0
41352671212112 11926 0
41352671212121 11733 0
41352671222111 12469 0
41357622313112 11980 0
41367253111133 13085 0
41532672313211 25170 0
41532761233133 17008 0
41563273113311 13275 0
41576322212222 15196 0
41625372313211 14948 0
41625373121213 14595 0
41625731222231 13808 0
41635721212121 20118 0
41657321222312 20416 0
41673252212222 16034 0
41673521111111 12032 0
41723562313211 16384 0
41725361232113 7650 0
41725361321213 18476 0
41725362221213 16172 0
41725362313211 9588 0
41725362313223 11605 0
41725363121222 14342 0
41725363121231 14494 0
41725631111111 12790 0
41725631211122 13218 0
41725632322331 23717 0
41725633111133 12145 0
41725633121123 15262 0
41725633211111 16805 0
41726352313322 9942 0
41726532312233 16225 0
41735261323313 20393 0
41735262312233 11878 0
41735263123223 17286 0
41735621233232 13215 0
41735622313322 15943 0
41736521233232 16132 0
41736522332231 10145 0
41752631222123 14409 0
41752632311123 11692 0
41752632312323 8883 0
41752632313211 28455 0
41756231321213 21955 0
41756233121231 18226 0
41762532221333 18959 0
41762533123331 17686 0
41765231233232 14801 0
41765322221312 15067 0
41765322313211 25512 0
41765323122212 15064 0
42136752131312 20612 0
42137561123333 21828 0
42137653122131 15882 0
42137653132121 13713 0
42157633231322 15740 0
42163751121212 21563 0
42165373223123 11465 0
42167532131333 19433 0
42315673112111 10870 0
42351671212211 13789 0
42351763231133 23503 0
42367153111121 15610 0
42367153211123 15855 0
42516372233111 11834 0
42561733323122 15018 0
42573612323231 10520 0
42573613322231 11289 0
42613572313211 16365 0
42615371313332 23213 0
42615372213311 11270 0
42615372221213 15839 0
42615372313211 10446 0
42651372213311 16882 0
42651733311122 13220 0
42673512232133 12772 0
42751632321233 16772 0
42751632323231 13421 0
43126572133313 15737 0
43167251232212 17465 0
43176252123131 17496 0
43176252311132 17566 0
43216573132121 12365 0
43216573132223 11380 0
43216573212311 12694 0
43216573212332 19107 0
43512671313332 17232 0
43527612312323 9117 0
43561271111111 10449 0
43571262122222 20263 0
43572161111111 11842 0
43572612312323 10757 0
43576211123222 18498 0
43576212112232 22108 0
43615271333312 14485 0
43615272113321 9551 0
43617521223221 24748 0
43621752213323 16308 0
43651722323132 10357 0
43675122222122 15548 0
43675211221331 14239 0
43721653231313 15459 0
43751623123313 16255 0
43765212222122 17711 0
45167323322231 16361 0
45176231131313 17053 0
45176231133113 16570 0
45176231331113 16513 0
45176233131113 17784 0
45176321131133 20099 0
45213672221123 18155 0
45273162222122 19208 0
45276131131133 18980 0
45312671222312 13503 0
45312672223331 11595 0
45312672233321 8802 0
45312672313211 26453 0
45312673132313 21684 0
45312673222112 13535 0
45312673231313 21683 0
45312761113211 13963 0
45312761133311 11193 0
45312762221111 16220 0
45312762311111 12232 0
45321671212211 12408 0
45321671221121 10744 0
45321673113311 18518 0
45327612222323 13721 0
45362712122222 20442 0
45367122223133 12168 0
45367211111132 12911 0
45367211211122 11714 0
45367213111133 11824 0
45376121131133 18443 0
45376121331311 15277 0
45376211333123 16323 0
45376213131323 21979 0
45376213333322 15211 0
45612371133221 24342 0
45612372331121 23341 0
45612373112231 22995 0
45612373132121 14019 0
45612373132223 13894 0
45612373322111 21272 0
45612373332122 13629 0
45612373332221 14350 0
45613271331221 13584 0
45613272233111 16346 0
45621373123331 13427 0
45621373211111 20299 0
45621732212123 17723 0
45621732233333 17695 0
45623712332123 12615 0
45623713322321 11117 0
45637123132121 15336 0
45637123332122 13941 0
45671231132231 12285 0
45671233112132 12751 0
45673212212132 19727 0
45673213211222 18246 0
45713623223132 15608 0
45721363321313 17315 0
45721363322231 15258 0
45732612233321 16737 0
45736121122211 16144 0
46123571111111 11150 0
46123573232123 16633 0
46125731333123 20902 0
46127351131313 13777 0
46127352131333 14338 0
46127353131323 14285 0
46135272133313 14664 0
46153273131131 16154 0
46157233333232 9715 0
46157321331233 14401 0
46215372121223 14860 0
46215372313211 21825 0
46257132211133 12005 0
46257313312211 28366 0
46273512122312 15323 0
46273513221212 14655 0
46275311123222 14782 0
46275312112232 18617 0
46275312132212 15968 0
46275312232133 8022 0
46275312313211 9920 0
46275313121222 14355 0
46275313312211 11507 0
46321752111131 10419 0
46352171211233 11653 0
46352172113231 11681 0
46372511221331 14605 0
46375211211332 21816 0
46375212113111 16217 0
46375212132131 12530 0
46375212132221 16495 0
46375212332222 15099 0
46375213112111 16391 0
46375213123121 13713 0
46375213333121 14678 0
46512371331221 15551 0
46512372113321 15787 0
46513272332111 9900 0
46513273113221 9830 0
46523711331332 20096 0
46527133111121 12859 0
46572311223122 16925 0
46572312132122 14562 0
46721533123313 19879 0
47123562232133 12765 0
47123651233232 14641 0
47126351233232 16527 0
47126532133133 23269 0
47132562311111 9897 0
47132563222331 19228 0
47132652233321 10866 0
47135622132332 15063 0
47136252133112 21628 0
47152361233232 13314 0
47152631322131 18003 0
47156231332313 18308 0
47156233211132 14062 0
47156233223312 15964 0
47156233233113 17512 0
47156233322312 15065 0
47156321111111 14213 0
47156321133311 14029 0
47156322132311 15902 0
47156322313232 15952 0
47156322332132 12321 0
47156322332312 16019 0
47156323223123 13421 0
47162351322122 14543 0
47163522131222 14904 0
47165321232113 8115 0
47165321322131 24211 0
47165322132212 15834 0
47165322133112 18157 0
47165322232133 7581 0
47165322313211 10528 0
47216352131333 17783 0
47251363131113 24245 0
47251632131312 20165 0
47256133212311 8599 0
47256133321232 12771 0
47265312122222 14855 0
47265312131312 15315 0
47265312313211 14721 0
47321651311133 12033 0
47352612123131 17360 0
47352612311132 17548 0
47352612313211 25209 0
47512632312323 18342 0
47621532232331 11409 0
47621533231121 13779 0
47632152233321 9231 0
47632153212311 11190 0
47632153232321 10411 0
47632513212332 21020 0
47652132231323 13632 0
47653213211231 24640 0
47653213232111 11417 0
51264731113322 17556 0
51264732213311 16849 0
51267342312233 20874 0
51324671211122 10373 0
51324672212111 13625 0
51324673113311 17384 0
51324761111123 16097 0
51324763113332 13737 0
51342672212111 14065 0
51342763312223 15153 0
51367241211113 10225 0
51423671221331 13664 0
51426731111111 17861 0
51426733312211 17375 0
51472361131313 15064 0
51472633331312 15944 0
51623471321111 10055 0
51623743313321 20596 0
51624731312123 17512 0
51624733323113 22089 0
51632741323232 10024 0
51642371122313 18256 0
51642731113322 11244 0
51647231113232 9206 0
51723643131311 18674 0
51724362122222 15207 0
51724363121213 14896 0
51726433123313 16858 0
51732643121213 20533 0
51742632323231 14130 0
51742632323333 12769 0
52134761232113 18101 0
52147631121311 11452 0
52147631131211 11468 0
52147631211131 10231 0
52147631311121 10929 0
52147632111113 10627 0
52147633111112 13608 0
52163471112122 17500 0
52163471213111 10276 0
52163471312111 10211 0
52163471333123 16251 0
52163472111311 9232 0
52163472131222 14701 0
52163473111211 9714 0
52163473111331 17830 0
52163473221323 16004 0
52163473323332 22735 0
52167342121232 15925 0
52167432121313 13005 0
52167432122222 12597 0
52167432131213 10785 0
52167433133333 12273 0
52167433331333 10806 0
52174633223123 13312 0
52314673311311 21077 0
52314761322122 18281 0
52341671111111 27448 0
52341671122211 17451 0
52341671311313 15632 0
52341672211112 17979 0
52341672232313 17463 0
52341672323222 10334 0
52341672323312 20789 0
52341673133111 15928 0
52341673232213 17475 0
52341673232333 9164 0
52341673323212 20484 0
52361472121313 12249 0
52361472131312 10520 0
52367142211121 13523 0
52367412322232 10595 0
52374161112323 17403 0
52376413222223 12230 0
52463173212332 17531 0
52463713212332 16974 0
52471631223113 15147 0
52471631323112 14972 0
52614372313211 10132 0
52641733212311 8643 0
52641733232321 11531 0
52673413232123 15495 0
52713461232323 9075 0
52714361232113 10612 0
52714633213223 12834 0
52714633223123 11553 0
52731641233112 14272 0
52731641323112 13506 0
52736141322233 8991 0
52741362313211 12757 0
52741362313223 11323 0
52741632122333 10343 0
52741632123323 13110 0
52741632212213 9958 0
52741632212231 9874 0
52741632232211 9589 0
52741633221233 10050 0
52741633313312 9378 0
52741633313321 10274 0
52741633321223 11292 0
52741633323311 9591 0
52743611111213 10358 0
52743611111312 13211 0
52743611112131 11280 0
52743611113121 13097 0
52743612131111 9753 0
52743613121111 11900 0
52761431111213 11150 0
52761431111312 10403 0
52761431112131 10902 0
52761431113121 11045 0
52761432131111 11878 0
52761433121111 10052 0
52763143222331 18856 0
52763411222312 15863 0
52763411333123 11317 0
52763413222112 16323 0
52763413223312 16074 0
52763413322312 15764 0
53126471231231 17482 0
53126471231321 12283 0
53126471321321 15997 0
53146272123233 15476 0
53147262123131 16302 0
53162743312223 14874 0
53274163211222 19899 0
53421671321111 14638 0
53421671321231 9044 0
53426171112233 8813 0
53462711113322 10329 0
53467211321111 10456 0
53476121323112 15791 0
53476121323322 15850 0
53614721212121 15874 0
53621471331221 13167 0
53642171111111 17895 0
53672142221213 26345 0
53714622233111 19896 0
53721463223312 20303 0
53724612121112 16457 0
53726143333121 14562 0
53741621323112 14817 0
53741621332112 15652 0
53742612323333 13645 0
53761242121211 13335 0
53761242221213 14470 0
53761242321212 13187 0
53762143222331 14292 0
53762413322123 14738 0
54123673233323 11686 0
54126371331221 13490 0
54127632131213 13203 0
54127632222212 12869 0
54127633131212 14158 0
54127633133333 12196 0
54127633333313 10613 0
54163271133221 19401 0
54163272233111 18216 0
54167231121113 10058 0
54167231131112 10137 0
54167231221211 17713 0
54167231333213 15413 0
54167232112112 17394 0
54167232133313 16832 0
54167232333113 16142 0
54167233232333 11105 0
54167233331213 16657 0
54172633132313 15721 0
54217362233213 33377 0
54217632132212 26755 0
54231671123111 15516 0
54231673123121 15566 0
54261373123121 12562 0
54261732231233 17271 0
54276132233312 16696 0
54312671131331 9639 0
54312672212111 11271 0
54312673311311 18372 0
54317261113112 10222 0
54317621111222 13556 0
54321672212213 12263 0
54321672212231 11170 0
54321672232211 11871 0
54321673313312 16316 0
54321673313321 16160 0
54321673323311 17032 0
54321761211221 9574 0
54321763113113 14775 0
54326171111231 14244 0
54326171112233 9572 0
54326171321231 9336 0
54326711112212 13757 0
54327612223232 10690 0
54361272223232 11779 0
54362171113133 13214 0
54362711111231 10481 0
54362711323112 15676 0
54367121112212 16857 0
54367121113211 13424 0
54367121113331 17658 0
54367122211121 12404 0
54367122311111 13895 0
54367123311113 11131 0
54367211132222 10333 0
54367211213333 13239 0
54367211222132 9719 0
54367211333213 10083 0
54367212211322 12820 0
54367212231122 10405 0
54367212233213 9789 0
54367212332213 10049 0
54367212333113 9955 0
54367213112222 11056 0
54367213312133 10909 0
54371261113331 13511 0
54371621113112 14952 0
54371621113322 9931 0
54376121322233 9857 0
54376211111132 13172 0
54376211111222 13248 0
54376211113133 15161 0
54612371112311 23715 0
54612372222131 13669 0
54612732112223 16875 0
54612733322213 16665 0
54621371133311 10674 0
54621372211121 11241 0
54637211132111 10026 0
54671232221213 20452 0
54712361323313 18703 0
54712362223322 17590 0
54716232222113 18003 0
54716321112323 18434 0
54716322313223 17698 0
54721631111111 34813 0
54721631122121 17658 0
54721631311133 16100 0
54721632133232 17422 0
54721632212222 16498 0
54721632212231 15375 0
54721633231322 16692 0
54721633313321 15818 0
54721633333331 14556 0
54723612131312 12521 0
54723612221222 13346 0
54723612222212 11269 0
54723613121312 11773 0
54723613333313 12554 0
54761233322321 17052 0
54763212322232 10643 0
56123471222312 10302 0
56123471223221 10400 0
56123471331332 13896 0
56123471333123 9962 0
56123472322121 10484 0
56123472331331 10462 0
56123473133132 11505 0
56123473133231 10462 0
56123473222112 9398 0
56123473223312 9224 0
56123473322312 9574 0
56124371111231 10050 0
56124371232323 15353 0
56127433332323 11168 0
56132472333332 11904 0
56132473211111 8753 0
56132473213211 11992 0
56143273332323 13332 0
56147231222132 16765 0
56147231333213 11394 0
56147232233213 11887 0
56147232332213 12566 0
56147232333113 11406 0
56147322333233 13918 0
56173421113112 10555 0
56174232323333 11942 0
56174321232113 10033 0
56213471111111 10086 0
56213743313333 15986 0
56243173133111 13316 0
56243713121333 15212 0
56247132333233 12850 0
56271433111313 14775 0
56271433123313 14971 0
56271433132313 15403 0
56274132331133 13635 0
56274312313211 9964 0
56321473233323 9893 0
56321742211112 15966 0
56324171221331 13549 0
56327411211332 16893 0
56327413213112 16355 0
56341273121213 12560 0
56341273131212 10521 0
56347122333233 13899 0
56347211213111 11036 0
56347211222132 15602 0
56347211312111 10490 0
56347211331131 16527 0
56347212111221 22693 0
56347212111311 11236 0
56347212123233 17608 0
56347212232223 17742 0
56347213111211 10338 0
56347213131332 16439 0
56423171231231 13714 0
56423171231321 13651 0
56423171321321 15022 0
56423172112121 11801 0
56423173132121 13024 0
56423173133111 11463 0
56432713122122 16114 0
56712341232113 17781 0
56712343211123 17413 0
56721343123331 16660 0
56721432312233 18272 0
56723411113313 16841 0
56723411121113 11240 0
56723411131112 10621 0
56723411222312 15291 0
56723412122312 14515 0
56723412323222 9384 0
56723413221212 14621 0
56723413222112 15444 0
56723413331111 16289 0
56732143122113 21005 0
56741231121311 10424 0
56741231131211 13569 0
56741231211131 13352 0
56741231311121 10176 0
56741232111113 11890 0
56741233111112 11675 0
56743212122222 10302 0
56743212221222 12273 0
56743213121213 12373 0
56743213121312 10254 0
56743213331333 14196 0
57123461111111 9929 0
57164322131312 15018 0
57214361323232 9995 0
57214632212213 27842 0
57236141113232 9238 0
57236141322233 9570 0
57236141323232 14505 0
57241631322113 13936 0
57241631323112 13617 0
57246131112233 9897 0
57264132111323 17292 0
57321641311112 15368 0
57321642311132 16306 0
57364212213311 11196 0
57364212313211 11401 0
57364213332122 11103 0
57642311113322 17546 0
61234572231323 12863 0
61234573232213 10068 0
61235741313131 15843 0
61257343232123 13884 0
61274351313131 15890 0
61274532231323 12703 0
61352472233321 17697 0
61352472313211 24121 0
61452731311313 13398 0
61453721111111 17451 0
61453721311112 16053 0
61453723111121 17346 0
61472532123332 11798 0
61472533112111 11288 0
61527431111111 12021 0
61534272311132 10205 0
61534721112311 16129 0
61534721113211 14846 0
61543271111111 11312 0
61543271112311 10792 0
61572432312323 8884 0
61734523222331 18662 0
62134572321323 14799 0
62135471122121 13557 0
62135472132131 14596 0
62135473122131 13382 0
62135473123121 15815 0
62135473131131 13549 0
62135473132121 14905 0
62135473232231 25540 0
62135473322321 24202 0
62135743222331 13979 0
62135743312223 22903 0
62147353123121 15598 0
62147353132121 13768 0
62154733321121 11908 0
62157342132212 15418 0
62173543232132 12441 0
62174351122133 15642 0
62174533311212 19550 0
62317453112111 9422 0
62317453312211 14650 0
62351743112123 20579 0
62371453311311 13462 0
62374511322311 13148 0
62374513112321 13063 0
62374513312112 11505 0
62435172211133 9129 0
62435172311132 9172 0
62435711222222 17341 0
62453713311122 14771 0
62471532232133 10943 0
62475131322323 14969 0
62531472321233 14694 0
62543711211113 15518 0
62543711311112 13917 0
62571432321233 14003 0
62735143223213 18507 0
63125741112323 23137 0
63125743131233 15774 0
63125743133312 14714 0
63142571111111 12025 0
63142571132321 26062 0
63142573112123 25795 0
63172452312323 16901 0
63172452313211 23797 0
63174522332132 12673 0
63247511123132 12615 0
63251743133231 24354 0
63452711311313 11925 0
63452712333221 12017 0
63471522123131 21432 0
63471522323132 18922 0
63471522332132 21085 0
63472512123332 11685 0
63512743313333 16156 0
63541271212211 19121 0
63542713121333 19976 0
63574212123131 18572 0
63574212313211 25147 0
63712542221111 14032 0
63714252123131 10120 0
63714521112323 12129 0
63714522332132 11104 0
63721541233322 15423 0
63724153121213 17731 0
63725141112323 11139 0
63725141233121 14577 0
63725142123131 9791 0
63725142223133 8865 0
63725143122113 15288 0
63725143123313 23835 0
63741252222323 12885 0
63741522123131 10998 0
63742511232221 17624 0
63745123122212 14006 0
63751242221321 15067 0
63751423122311 17844 0
63752141111111 16146 0
63752141122211 13237 0
63752141123213 15218 0
63752142332132 13809 0
63752143123223 15254 0
63752143212323 15724 0
63752143223123 14285 0
63752411223212 14504 0
63752411333213 21078 0
63752412312323 11161 0
63752412322112 15187 0
63752412333113 21215 0
63754213122122 17171 0
64125371131313 26402 0
64157321133212 27351 0
64231572311132 11099 0
64257131113223 15349 0
64271533221212 15518 0
64275131212223 14496 0
64275131312123 14365 0
64275132211133 9693 0
64275132232133 8713 0
64275133231112 15475 0
64275133312211 10340 0
64275311112332 18247 0
64275311222222 14889 0
64275313312211 18060 0
64321572111131 18819 0
64321572132131 20468 0
64321572311132 20931 0
64325713121222 27007 0
64351272132131 13571 0
64357212313211 12709 0
64357213231322 17757 0
64357213312211 10983 0
64531271212211 19042 0
64531272132131 11810 0
64531273122131 12334 0
64531273123121 14478 0
64531273311311 13272 0
64531273312211 12092 0
64572131122223 16279 0
64713253112111 10825 0
65123471112311 8516 0
65123471233232 13566 0
65123472312311 11925 0
65132471212112 15854 0
65132471222111 15417 0
65132471231321 14257 0
65132471323121 18123 0
65132472131231 14713 0
65132472212231 21772 0
65132472233321 11132 0
65132473111331 14640 0
65132473313312 12299 0
65132473323311 12558 0
65132741223323 10309 0
65132743222331 14517 0
65134721233232 15322 0
65147321232113 14206 0
65172431132333 17522 0
65174232123131 8986 0
65174232133313 14317 0
65174232323312 14117 0
65174233323212 14436 0
65174233331213 14919 0
65174322313211 11503 0
65174323223123 12594 0
65213741111111 12650 0
65241371111111 13853 0
65243712121322 17395 0
65271341332331 19825 0
65271432231233 13477 0
65274131111111 17141 0
65274131311313 12332 0
65274131312213 15155 0
65274132123332 13365 0
65274133132223 14078 0
65274133232321 11037 0
65274133312223 14751 0
65314272311132 17193 0
65314272313211 25431 0
65321472111122 12586 0
65417321232113 17729 0
65417323223123 16181 0
65417323232123 16536 0
65423713321322 17088 0
65432173232321 12704 0
65471231132213 17679 0
65714323223123 13670 0
65723143321313 14457 0
65732411333123 16232 0
65742311212313 12993 0
67132541133311 15646 0
67145323133312 17420 0
67154233323332 12321 0
67215343333133 13984 0
67231541323112 16452 0
67231543323122 17016 0
67234513332122 12456 0
67245131313323 15652 0
67245311112311 20716 0
67245311133233 13493 0
67254311131133 17626 0
67254313311113 10192 0
67312452233321 9154 0
67312541121221 9546 0
67312542221111 12909 0
67321451111123 11737 0
67321451112311 12623 0
67321451212211 18829 0
67321451311133 11977 0
67321452111122 11375 0
67321453113311 15388 0
67321542232133 11228 0
67341252222323 12759 0
67342512222113 13717 0
67345122223133 9580 0
67345122232133 9075 0
67345211111123 13551 0
67345211111132 14359 0
67345211112233 23562 0
67345211113322 22412 0
67345211211122 13366 0
67345211311133 13872 0
67345212111122 13075 0
67345213111133 14164 0
67354121111111 10337 0
67354211212121 13752 0
67354211313113 21223 0
67354211333111 21076 0
67354212111221 14435 0
67354212212222 15546 0
67354212311132 8827 0
67354213111313 17356 0
67354213131311 16692 0
67354213211132 11595 0
67354213313333 15054 0
67412353132121 17972 0
67412353332221 14411 0
67412531131133 13400 0
67435121332112 12458 0
67435123123121 12522 0
67452313321232 12914 0
71234563231322 13547 0
71263541333222 24919 0
71263542323123 26240 0
71264533131323 11753 0
71264533221323 12074 0
71264533231223 14464 0
71264533231313 12232 0
71326451211311 11793 0
71326453132121 15435 0
71326543333313 20731 0
71345262132131 15494 0
71362453113311 13126 0
71365423331312 19407 0
71423563213232 13794 0
71423653213232 12932 0
71426353312211 8861 0
71426533333223 19584 0
71432561232323 16974 0
71432561323232 10274 0
71432562111221 13226 0
71432563232213 12768 0
71432563323113 14857 0
71432563323122 12901 0
71432563332113 14828 0
71435261322233 10707 0
71435262222122 13777 0
71435263211123 8353 0
71435263311122 8618 0
71435263333133 14333 0
71435263333223 14700 0
71435623333331 21035 0
71436253333112 20691 0
71452363213232 13120 0
71452632222131 18823 0
71453262222221 16131 0
71453623311122 14867 0
71456321322323 12102 0
71456322111221 12592 0
71462531113322 13158 0
71462532111212 12491 0
71462532121112 13821 0
71462533111223 16969 0
71462533221113 15873 0
71463523331222 18054 0
71523463131311 14655 0
71523463231313 15501 0
71523463331312 14827 0
71532463221332 13258 0
71534262122222 17040 0
71542633132322 12376 0
71543622111131 14115 0
71543623111121 15048 0
71546233331213 15081 0
71546322231212 15412 0
71562433123232 9670 0
71563243221221 21014 0
71625433213133 27071 0
71643252231212 14907 0
71643523331213 16272 0
72134562312212 19197 0
72136541322233 17921 0
72143563222331 13445 0
72143651121113 10612 0
72143651131112 10911 0
72143651213111 10521 0
72143651312111 10062 0
72143652111311 10003 0
72143653111211 10111 0
72145631233223 16429 0
72145633232231 16558 0
72145633312223 20627 0
72146352232223 11871 0
72163452122222 12164 0
72163453121213 10478 0
72163453131212 11742 0
72163453133333 10367 0
72163453331333 11600 0
72164353131113 15616 0
72165431113331 16767 0
72165432111113 10040 0
72165432111122 22460 0
72165432211112 19085 0
72165432323312 16323 0
72165433111112 9155 0
72165433121333 17994 0
72165433221233 15991 0
72165433233323 11856 0
72165433321223 14966 0
72165433331213 15520 0
72345611111111 16951 0
72345611133113 16489 0
72345611221223 15619 0
72345611222222 14908 0
72345611331332 17747 0
72345612122111 16964 0
72345612331331 15230 0
72345613221221 15402 0
72345613333331 18601 0
72356141112323 18377 0
72356141232113 17572 0
72356143211123 17251 0
72361453232333 10018 0
72361542333233 18916 0
72365412222212 9583 0
72365413121312 12317 0
72365413131212 10073 0
72365413331333 10703 0
72435163333313 20911 0
72513641232323 8521 0
72513641233322 12522 0
72516342313223 8951 0
72531463321232 12681 0
72534163211123 9306 0
72541631111213 11139 0
72541631111312 12070 0
72541631112131 11514 0
72541631113121 11940 0
72541632131111 9727 0
72541633121111 12634 0
72543162311111 14142 0
72543163211111 15769 0
72543611221223 9053 0
72543611223221 9834 0
72543611331332 11385 0
72543611332331 9820 0
72543612331331 9354 0
72543613132232 15958 0
72543613133222 10863 0
72543613221221 10041 0
72543613223312 12608 0
72543613322312 12982 0
72546311323112 13566 0
72546313323212 12101 0
72561342313223 15177 0
72561432213122 13102 0
72561433221233 11422 0
72561433311233 16739 0
72561433321133 11778 0
72561433321223 11689 0
72563411111213 10594 0
72563411111312 9851 0
72563411112131 13667 0
72563411113121 10877 0
72563412131111 9918 0
72563413121111 9914 0
72643513212311 12956 0
72643513212332 15193 0
73125463133132 21057 0
73146522113231 11923 0
73246153312211 17865 0
73456123231322 13068 0
73516243323113 14567 0
73516243332131 14954 0
73541262321212 18311 0
73542163321133 21953 0
73542613132121 13003 0
73542613132322 11047 0
73564213321322 17712 0
73614251112323 9600 0
73615241112323 11829 0
73615241113322 12093 0
73615242223133 9450 0
73615243123313 14193 0
73615243213313 14596 0
73615243331312 14339 0
73615243332311 14755 0
73615421113322 17119 0
73615423213211 17617 0
73615423333331 15696 0
73624513121132 22402 0
73624513332131 22816 0
73625141112323 9541 0
73625143121213 14251 0
73625143333313 14704 0
73625412222323 13412 0
73642511111111 9103 0
73642511113232 11549 0
73642511113322 11522 0
73642513223222 17360 0
73645121113211 16116 0
73645122222311 14336 0
73645211223113 12722 0
73645211231111 18204 0
73645211321111 10126 0
73645211332112 12576 0
73645213112231 21984 0
73645213333112 15937 0
73651241113322 19112 0
73652413211312 17476 0
73652413331321 20307 0
73654122111122 12445 0
73654122221111 11030 0
73654211111132 16043 0
74123563323221 9526 0
74123652322121 11089 0
74123653132232 16244 0
74123653133132 11519 0
74123653133222 11195 0
74123653133231 11199 0
74125631313311 16411 0
74125632121121 18618 0
74125632122111 17172 0
74125632131111 9483 0
74125632321332 16405 0
74125633121111 12354 0
74125633131233 14878 0
74125633132232 15243 0
74125633133222 15882 0
74125633133312 17338 0
74125633332323 10645 0
74126352333122 12344 0
74132561321231 11351 0
74132562121121 16678 0
74132562122111 13633 0
74132563131221 16925 0
74132563132112 15841 0
74136522322121 11696 0
74152363132232 12026 0
74152363133132 11663 0
74152363133222 13441 0
74152363133231 11764 0
74156322122123 13913 0
74156322122321 13457 0
74156322313223 8899 0
74156323132331 16145 0
74156323133123 15359 0
74163251121122 18090 0
74163252112211 17439 0
74163252131111 12451 0
74163253121111 12268 0
74163253131332 14872 0
74163253133132 15393 0
74163253133213 17376 0
74163253133231 15887 0
74163253332323 9478 0
74165231121212 14889 0
74165231131313 13502 0
74165231212121 13055 0
74165231313131 13555 0
74165232111212 13848 0
74165232121112 13675 0
74165232121211 13861 0
74165233111313 13421 0
74165233131113 13407 0
74165233131311 13296 0
74165233131323 14024 0
74165233132313 13840 0
74165233231313 13791 0
74213652323132 15520 0
74251633111313 18461 0
74256311321222 23622 0
74256313111232 27448 0
74265312333233 13074 0
74312652333332 12337 0
74321563311131 13323 0
74321653233323 12485 0
74325163131323 15070 0
74325612221222 10443 0
74325613121312 12070 0
74325613131212 10442 0
74325613133333 10178 0
74361253112132 20401 0
74361253211231 16630 0
74365211121221 18266 0
74365211213111 9292 0
74365211312111 9322 0
74365211313113 17115 0
74365211333111 17079 0
74365212111311 9904 0
74365212222323 17187 0
74365212333332 16348 0
74365213111211 10097 0
74365213121333 15702 0
74512361322233 22952 0
74512362313223 18329 0
74513263121222 26405 0
74521632222212 11223 0
74521633121213 12203 0
74521633121312 11732 0
74521633133333 12171 0
74521633333313 12174 0
74523611121113 10800 0
74523611131112 11285 0
74523611213111 12831 0
74523611312111 11212 0
74523612111311 11571 0
74523613111211 10243 0
74532163123223 19194 0
74561231111222 16574 0
74561232111113 10280 0
74561232221111 18220 0
74561233111112 10545 0
74561233131233 14910 0
74561233233323 12095 0
74561233311233 15472 0
74561233321133 15412 0
74561233321313 17666 0
74563211232332 16968 0
74653213133222 20893 0
75132463233233 17373 0
75143263231313 19552 0
75146321323331 18316 0
75213642223133 11991 0
75231463211123 14847 0
75234161322233 8850 0
75234162221111 16926 0
75236143213232 13241 0
75241632222323 13469 0
75243162211322 30164 0
75243611113232 12678 0
75243613213232 13790 0
75246131333312 21053 0
75246311111111 11540 0
75246313212311 12500 0
75246313312211 8862 0
75246313332332 20274 0
75261432123233 11062 0
75264132121232 16252 0
75264132223331 10058 0
75264132321212 14554 0
75264133121333 15696 0
75264133331213 14688 0
75264311223122 17797 0
75264313231112 18451 0
75312463333133 16216 0
75314621133221 10976 0
75314621313212 20352 0
75314623113122 13331 0
75316241231231 16179 0
75321461311112 10109 0
75321463132121 15225 0
75346122133133 13536 0
75346211133122 23572 0
75346211211311 17184 0
75346211311211 16145 0
75346212323333 13942 0
75346213112132 21969 0
75346213132121 14200 0
75346213132322 13301 0
75346213332122 13598 0
75412631223332 10996 0
75416323232213 12265 0
75431263133213 20060 0
75462132123212 16326 0
75613243131332 18118 0
75613243133213 15818 0
75634123323122 12336 0
75641323232111 13130 0
75642132213311 18437 0
76123453233323 9880 0
76125343333133 17670 0
76143252131312 10330 0
76143252221222 9947 0
76143253131212 10155 0
76143253331333 9717 0
76143253333313 11997 0
76145231121113 9168 0
76145231122112 22437 0
76145231131112 10442 0
76145231221112 22757 0
76145231311331 17401 0
76145232123332 16319 0
76145232233213 16979 0
76145232331313 15208 0
76145232332213 17287 0
76145233133213 16316 0
76145233232333 10173 0
76154323333112 18363 0
76213543213133 20195 0
76213543311332 17937 0
76215341231231 13560 0
76215433333133 20889 0
76231451123111 10210 0
76245311121131 17822 0
76245311131121 10196 0
76245311213312 21496 0
76245312132131 13568 0
76245313122122 15226 0
76245313123121 14153 0
76253141123132 11860 0
76253141211332 11367 0
76253413322312 20966 0
76254133311323 23596 0
76254313211111 24889 0
76312452212111 19117 0
76312453211111 12302 0
76312453311311 15179 0
76312542321212 12886 0
76312542322121 16954 0
76312543322222 16941 0
76315241112113 18251 0
76315241113112 10468 0
76315241223113 12669 0
76315241322122 14890 0
76315241323313 15664 0
76315241332112 12831 0
76315243211231 21487 0
76315243323323 15623 0
76321452122123 9162 0
76321452122321 9783 0
76321452122333 9747 0
76321452123323 11619 0
76321452212231 10535 0
76321452213122 10925 0
76321453233131 10557 0
76321453311233 15780 0
76321453313312 12339 0
76321453321133 10369 0
76321453323311 12973 0
76321542211112 15203 0
76321543211111 12317 0
76321543311131 11904 0
76324151112233 8686 0
76324151112323 12041 0
76324153323122 12278 0
76325411111213 12507 0
76325411111312 15776 0
76325411112131 9276 0
76325411113121 10301 0
76325411122121 19271 0
76325411331311 19045 0
76325412112121 22531 0
76325412231212 15624 0
76325412333233 17561 0
76325413222223 16580 0
76341251111213 10212 0
76341251111312 13012 0
76341251112131 10797 0
76341251113121 10121 0
76341251221121 18337 0
76341251311313 16819 0
76341252232313 16205 0
76341252323333 18537 0
76341253221212 18640 0
76341253233131 15228 0
76342511111231 10041 0
76342511111321 17505 0
76342511323112 13600 0
76342512232223 12582 0
76342513213112 24425 0
76342513322111 25805 0
76342513323122 13550 0
76342513323212 13094 0
76345122211112 16258 0
76345122211121 13592 0
76345122213311 22201 0
76345122311111 14637 0
76345123211111 13436 0
76345123311113 13757 0
76345123311131 14323 0
76345123312211 22016 0
76351421112323 12940 0
76351421113322 8729 0
76351423321232 13015 0
76354121121212 16227 0
76354121122121 12364 0
76354121311313 12323 0
76354121313131 13556 0
76354122111212 15074 0
76354122112121 14382 0
76354122212222 14678 0
76354123211123 9094 0
76354123211132 10616 0
76354123313333 20578 0
76354212213323 15487 0
76354212312233 15435 0
76354212313322 16973 0
76354212333332 13466 0
76354213222223 14231 0
76354213312223 14676 0
76421351131121 10191 0
76512343213313 22595 0
76512343332311 22834 0
76514321112323 18236 0
76514321232113 18058 0
76521433232333 11428 0
76523413223231 19284 0
76524313331222 20422 0
76541232131213 12239 0
76541232221222 10691 0
76541233121213 10195 0
76541233331333 10976 0
76541233333313 12524 0
76543211111111 30338 0
76543211212112 19839 0
76543211223221 15981 0
76543211332331 16375 0
76543211333333 15523 0
76543212132323 17083 0
76543212222221 17330 0
76543212323213 17537 0
76543213113131 16845 0
