12345672121232 7694 0
12345672123212 6198 0
12345672321212 6226 0
12345673131323 6093 0
12345673132313 7260 0
12345673231313 7215 0
12345761111111 3571 0
12346571111231 3456 0
12346751113133 6527 0
12347561112212 7985 0
12347651111111 3055 0
12347651122112 6539 0
12347651133311 5988 0
12347652111221 5385 0
12347652123233 5687 0
12347652123332 7430 0
12347652223232 4208 0
12347653111133 5698 0
12347653132223 5704 0
12347653132322 5173 0
12347653332323 4373 0
12354671111111 3438 0
12354761112323 3014 0
12354762121112 7119 0
12354762121211 7709 0
12354762311123 4485 0
12354763131131 5021 0
12354763133111 5192 0
12354763211123 3509 0
12356471113133 6830 0
12356741133131 4203 0
12356741313131 3959 0
12356743113131 4284 0
12357461111222 5922 0
12357461113331 8210 0
12357462211112 4984 0
12357641113331 6413 0
12364571112212 7022 0
12364751112212 5368 0
12364751113133 8180 0
12364753311131 4578 0
12365471111111 5310 0
12365471211122 5545 0
12365471313113 4932 0
12365472223232 4587 0
12365472321233 6621 0
12365473232312 6397 0
12365473332323 4582 0
12365741113331 6900 0
12367451123333 3506 0
12367451132222 3534 0
12367451213333 4366 0
12367451312222 3619 0
12367452113333 3881 0
12367453112222 3615 0
12367541112212 5513 0
12367541113331 6304 0
12367541331131 4726 0
12374561121212 3981 0
12374561211212 4037 0
12374562111212 4127 0
12374651111222 8009 0
12375461111222 6341 0
12375641113112 3822 0
12376451111222 5059 0
12376451113133 5197 0
12376451221211 4873 0
12376541112323 4343 0
12376541232233 4381 0
12376541322233 3654 0
12376542121232 5143 0
12376542123212 5037 0
12376543133132 6276 0
12376543133231 5830 0
12456731132321 8930 0
12456731233223 7244 0
12456733223321 11089 0
12463751231231 6332 0
12467351131121 3483 0
12467351231321 5003 0
12473561132123 5973 0
12536741112323 5270 0
12537461332112 6056 0
12543671111111 2932 0
12543671211212 5150 0
12543671331113 5178 0
12543672121121 5361 0
12543672321332 7522 0
12543672322232 4224 0
12543672331232 5786 0
12543673111331 5074 0
12543673221323 5272 0
12543673231223 5798 0
12543673233323 5037 0
12546371221331 7228 0
12563472131213 4261 0
12563473131212 4284 0
12564733323122 6012 0
12567433232333 4287 0
12576343212221 7240 0
12637451132111 10614 0
12637451332112 6797 0
12643571321321 6221 0
12645371131121 3709 0
12673542331133 9495 0
12734561112323 5178 0
12734561322233 8576 0
12734562313223 8141 0
12745631111111 3174 0
12745632111122 5341 0
12745632212213 8143 0
12745632222221 7077 0
12745632232211 7999 0
12745633131131 5479 0
12745633313312 7895 0
12745633313333 7105 0
12745633323311 7851 0
12753462231323 6101 0
12763452322232 4363 0
12765432121313 4029 0
12765432222212 4098 0
12765433121213 4087 0
12765433331333 3902 0
13245671321111 3597 0
13246571111111 2895 0
13246571112233 3608 0
13246571113232 4363 0
13246572321332 7801 0
13246572331232 7224 0
13246573221233 5126 0
13246573321223 5289 0
13246752133211 7051 0
13247563212131 10839 0
13254761322233 5498 0
13254761323322 5876 0
13254762321233 5998 0
13254763323122 6471 0
13257641112233 8121 0
13265741112323 6635 0
13265742131312 6902 0
13267451122211 4755 0
13267451311133 6884 0
13267541111132 6477 0
13267541232212 5668 0
13274651112323 4670 0
13275461112233 7997 0
13275463213211 5412 0
13275641112233 4711 0
13275641112323 4615 0
13275642131333 7979 0
13275643212221 8290 0
13276451113211 7720 0
13276451233133 5597 0
13276541133122 11777 0
13276541213312 10198 0
13276541321123 10561 0
13276541322311 10132 0
13276541323112 6104 0
13276541323322 6106 0
13276542323312 6975 0
13276543323122 6883 0
13462571111111 5337 0
13462572213311 12238 0
13527461211113 6888 0
13542671231231 6264 0
13546271213213 4593 0
13546271231231 8204 0
13546271321321 5393 0
13572641122133 4461 0
13576241312213 6733 0
13576241321321 5958 0
13627451332112 6446 0
13642571221223 4303 0
13642571223221 3842 0
13642573221221 4217 0
13645271221331 6366 0
13647521111111 9167 0
13675241112323 8274 0
13675242331313 5667 0
13725642332132 6261 0
13754262123323 11618 0
13762451321321 6280 0
13764251211311 4220 0
13764252323231 4899 0
13765422121211 7669 0
14263751131121 4427 0
14267351321321 6198 0
14275633323122 6115 0
14325671111111 5282 0
14325672112121 5322 0
14325672231323 6306 0
14325672323222 4710 0
14325673123232 6599 0
14325673232333 4480 0
14325673311131 5714 0
14327652131213 4406 0
14327653121213 4169 0
14352672212111 6794 0
14356721112323 5314 0
14356721322233 12145 0
14367252322232 5431 0
14367523311113 7573 0
14523672121313 4290 0
14523673121312 4165 0
14527631121311 4328 0
14527631131211 4126 0
14527631133311 5183 0
14527631211131 4612 0
14527631311121 4862 0
14527632122213 6291 0
14527632212111 6951 0
14527632333332 7159 0
14527633132322 5915 0
14527633312133 8569 0
14536273311311 6297 0
14537622231323 6756 0
14563272323222 5459 0
14567231312213 9677 0
14567231321123 10091 0
14573261333111 6252 0
14625731111111 11925 0
14625731131121 3952 0
14625731322233 10355 0
14625732112121 6603 0
14625732113321 6296 0
14625732213323 6494 0
14625732233111 6351 0
14625733133111 5908 0
14632571111111 5898 0
14632571321132 5973 0
14652733321331 5428 0
14673251111111 6495 0
14723651111213 4309 0
14723651111312 4404 0
14723651112131 4435 0
14723651113121 5343 0
14723651211212 7137 0
14723652322121 8223 0
14723652331232 5242 0
14723653232222 6117 0
14723653313111 7056 0
14723653321313 7697 0
14725361111111 7247 0
14725361111123 9645 0
14725361322332 11832 0
14725362211121 7351 0
14725363211213 6649 0
14725363213121 6063 0
14725363223213 6697 0
14725363311113 6235 0
14726531223122 6379 0
14726531232122 6564 0
14726531233313 6405 0
14726531333312 6761 0
14726532232313 6796 0
14726533323122 6402 0
14735621221112 6048 0
14735621223113 6067 0
14735621223332 10159 0
14735621233112 7042 0
14735621323112 6921 0
14735621332112 5798 0
14735621333111 6011 0
14735621333222 10414 0
14736251111132 6799 0
14736251112332 7311 0
14736253222223 5357 0
14736521132222 6716 0
14736521133131 7963 0
14736521211212 6429 0
14736521213333 5669 0
14736521221313 6357 0
14736521321231 4379 0
14736521322233 3289 0
14736521332121 5983 0
14736523112222 6755 0
14736523113131 7704 0
14752363222121 5637 0
14752363232222 6734 0
14752363233131 5821 0
14752631111111 7587 0
14752631112311 9888 0
14752631323223 10192 0
14752632332132 6488 0
14752633213223 6618 0
14752633222223 6386 0
14752633223123 6932 0
14752633223231 10225 0
14753261221112 5431 0
14753261323112 6942 0
14753261333111 5461 0
14762351221331 5797 0
14762351321231 5662 0
14762351331221 5245 0
14763251221223 3940 0
14763251222312 5174 0
14763251332331 5557 0
14763251333123 3717 0
14763252322121 3743 0
14763253132232 3689 0
14763253133132 3653 0
14763253133222 4152 0
14763253133231 3738 0
14763253221221 3979 0
14763253222112 3855 0
14763521113211 6764 0
14763521113223 7576 0
14763523222331 5047 0
14765231111213 4687 0
14765231111312 4972 0
14765231112131 4580 0
14765231113121 4231 0
14765231133131 5676 0
14765232211211 7166 0
14765232232322 6448 0
14765232331313 7834 0
14765233113131 5715 0
14765233323332 5573 0
15236471111111 8680 0
15236473231121 5890 0
15243671331221 6486 0
15246371331332 4019 0
15246371332331 4058 0
15246372331331 3868 0
15267431223113 5996 0
15273641112323 12203 0
15324673113311 7706 0
15342671211311 3338 0
15346271321321 6890 0
15367421211113 10664 0
15367421223113 7809 0
15367423211123 9086 0
15426371111111 5097 0
15426371112233 8765 0
15463271313113 6264 0
15624732123212 7691 0
15624732133313 5603 0
15624732333332 5948 0
15627431223113 5281 0
15627431322113 6441 0
15627431332112 5408 0
15634722123332 4679 0
15634722321233 5772 0
15637423211123 4092 0
15642371111111 4223 0
15642372213311 3682 0
15642372231332 5169 0
15642372331322 5062 0
15642373212311 4256 0
15642373221323 5928 0
15642373231223 6369 0
15643271221331 6186 0
15643271331221 5404 0
15643273223111 4818 0
15647233213232 6298 0
15672341113232 4717 0
15672341323112 6224 0
15672342323312 5456 0
15672343213232 5248 0
15672433312133 12885 0
15724362212132 5744 0
15724631111111 11313 0
15724631211311 3732 0
15724631322233 10182 0
15724632123233 7004 0
15724632313223 10161 0
15724632323231 6643 0
15724632323333 6096 0
15724633132322 6114 0
15734622331223 5320 0
15746321111111 6073 0
15746321323211 5884 0
15746322313112 5920 0
15762342122213 7933 0
15763241111111 6649 0
15763242323132 6792 0
16243571132132 5002 0
16243571231231 5950 0
16243571321321 8229 0
16245371231231 7195 0
16254733312223 7299 0
16257431132111 6770 0
16257433223123 6737 0
16273541122133 7511 0
16273541321321 5636 0
16275341312213 5691 0
16275343122221 7584 0
16327453232333 4863 0
16342571331221 6665 0
16345271111111 5187 0
16345271133131 5956 0
16345271222111 6008 0
16345272322232 4682 0
16345272333212 6508 0
16345273122323 6419 0
16345273233323 4602 0
16347252131312 4281 0
16347253121312 4262 0
16357421223113 6584 0
16374521112323 5007 0
16374523211123 8746 0
16423572112121 6270 0
16427531211311 7308 0
16427531231321 5816 0
16427532333233 5517 0
16453271111111 10754 0
16453271211113 9101 0
16453272111131 7688 0
16475233132313 7881 0
16523473332323 4965 0
16523741112212 6446 0
16524731112212 7768 0
16524731112233 5496 0
16524731113133 5536 0
16527341111111 4910 0
16527431123333 3735 0
16527431222132 4363 0
16527431312222 5343 0
16527431333213 3447 0
16527432113333 3534 0
16527432211322 4193 0
16527432231122 4103 0
16527432231332 3818 0
16527432331322 3705 0
16527432333113 3605 0
16527433312133 3948 0
16532471111222 6357 0
16534271111111 3383 0
16534271111132 4570 0
16534273211111 4973 0
16534723211123 5186 0
16537421111222 7648 0
16537421113322 4827 0
16537421113331 5657 0
16537421223113 5348 0
16537421233112 6502 0
16537421332112 5556 0
16542371221331 4943 0
16542371331221 5082 0
16542372112331 4974 0
16543271221223 3634 0
16543271223221 3504 0
16543271331332 3771 0
16543271332331 4385 0
16543272331331 3392 0
16543273221221 3548 0
16543721111111 3434 0
16543721113211 4595 0
16547233332323 4266 0
16547321113331 7151 0
16572431111111 4990 0
16572433213223 5167 0
16573241123123 4926 0
16573241312312 5712 0
16574231113133 6377 0
16723451122133 9644 0
16723451322311 9700 0
16725431121311 4330 0
16725431131211 4398 0
16725431211122 5981 0
16725431211131 4212 0
16725431311121 4038 0
16725432211121 6002 0
16725432232223 5330 0
16725433113311 6277 0
16725433122212 6739 0
16725433333232 6369 0
16735242122213 10561 0
16742352232313 6285 0
16743252323222 4306 0
16745232121313 4249 0
16745232122222 4100 0
16745233121213 4020 0
16745233333313 4275 0
16753241221112 6695 0
17246351111111 5056 0
17265433111313 12770 0
17324561211323 8583 0
17324561232332 5868 0
17326452212111 7988 0
17356241212313 5796 0
17356242211331 6087 0
17362451211311 3290 0
17362451231321 5087 0
17362452213311 4693 0
17364251231231 7114 0
17423653213232 6394 0
17425631122112 6460 0
17425631223113 5921 0
17425631313113 6351 0
17425631322113 7008 0
17425631322332 10187 0
17425631323112 7028 0
17425631323223 9884 0
17425631332112 6005 0
17426531112233 3625 0
17426531121212 6194 0
17426531132312 6063 0
17426531213123 5874 0
17426531223221 5670 0
17426531232233 4309 0
17426531313131 5102 0
17426531331332 5978 0
17426532121211 5022 0
17426532331331 7350 0
17435622211133 4319 0
17435623211123 4588 0
17436521323232 3761 0
17452363213232 5085 0
17452363322132 7127 0
17452633213232 6536 0
17453262211133 3953 0
17462352213311 3814 0
17463251122112 7185 0
17463251221331 5133 0
17463251313113 5506 0
17463251321231 5334 0
17463251323112 6837 0
17463251331221 5586 0
17526431131121 7941 0
17526431231321 5868 0
17526432123233 5766 0
17543261111111 9585 0
17543261132111 6937 0
17642531111111 5227 0
17642531112233 8618 0
17642533312211 8698 0
17643251122112 6668 0
21345671111111 3806 0
21345762223322 8096 0
21345762312323 4739 0
21345762313223 4689 0
21345763332233 8196 0
21346752313322 4437 0
21347562312323 12106 0
21354671122112 4936 0
21354671131313 6390 0
21354671221112 5050 0
21354672311123 4352 0
21354672311132 3555 0
21354672313211 4319 0
21354673131113 5946 0
21354761112233 10096 0
21354761112311 6459 0
21354761113211 6681 0
21354761113322 11677 0
21354761122211 6874 0
21354761133311 6989 0
21354762213311 10461 0
21354763312211 10035 0
21357462311111 7411 0
21357463213331 6085 0
21357642221132 10912 0
21364752311111 6636 0
21364753212212 5357 0
21365742221312 5645 0
21365742312323 8182 0
21367451311331 5615 0
21367452112112 4820 0
21374653333121 7141 0
21375462312233 5667 0
21375463333211 7704 0
21376541111123 4616 0
21376541112311 6575 0
21376541122211 5434 0
21376541131133 5366 0
21457631321123 6768 0
21473563331312 7236 0
21536742222131 7912 0
21654372231323 5349 0
21654372233321 4731 0
21654373332122 5334 0
21654373332221 6237 0
21734652123131 8804 0
23147562123131 4238 0
23147651112323 7727 0
23147652312323 5764 0
23156471222132 6045 0
23156471333132 5509 0
23156473323332 7784 0
23157461231333 10641 0
23157462131123 9977 0
23164573213133 5421 0
23164752131312 7637 0
23164753333313 7598 0
23165471111111 3974 0
23165471311133 6006 0
23165471312132 6377 0
23165472111122 6698 0
23165472111332 6314 0
23165472132332 6517 0
23165472311111 11948 0
23165473233221 10456 0
23165741112323 4481 0
23165741231312 12357 0
23165742123131 3450 0
23165742131321 12336 0
23165742131333 11868 0
23165742312323 5655 0
23165743331312 11827 0
23167541233322 5960 0
23167542131222 7902 0
23174652123131 3624 0
23175463211222 6777 0
23176452132221 6657 0
23176453332233 6574 0
23416752121211 10839 0
23417563232123 7591 0
23456173212332 5795 0
23456173233122 4696 0
23456713212332 6190 0
23475162121112 7480 0
23517462131333 8253 0
23576412233321 8719 0
23576412312323 8199 0
23657142121112 8793 0
23671452122333 13256 0
23674153232321 4184 0
23751461132123 5661 0
23751463112321 5767 0
23756143222331 6969 0
23756411222312 4045 0
23756413222112 5963 0
23756413223312 3872 0
23756413322312 3987 0
24153672321233 6530 0
24157361313212 5550 0
24157362323111 11842 0
24167353132232 7321 0
24173652323231 4570 0
24315673311311 8265 0
24315761122322 6812 0
24315762213323 6760 0
24351671212211 5497 0
24351673111133 4842 0
24351673311311 6278 0
24351761111123 6598 0
24351761212232 6107 0
24367511323112 7867 0
24367513111121 6625 0
24376512222122 7916 0
24516732233111 4470 0
24531673123121 8578 0
24536713231232 5624 0
24537613231322 6251 0
24561372111131 6383 0
24563711121212 7417 0
24563712121232 7915 0
24563713121222 7739 0
24571362221213 8820 0
24571631121212 10638 0
24615371112332 5549 0
24615372213311 8299 0
24615731122313 11942 0
24615731132333 12267 0
24615732111323 11986 0
24615732213311 5634 0
24615732233321 4606 0
24615733113323 12246 0
24615733311122 3570 0
24617532233321 9483 0
24637512311132 4075 0
24651731113223 7816 0
24651731333333 6083 0
24715363311332 6132 0
24715631111111 11576 0
24715631122121 7104 0
24715631122133 6378 0
24715632313223 9658 0
24715633112111 3780 0
24715633131131 6691 0
24716532323231 7730 0
24731561111111 5410 0
24731562311231 6035 0
24736512222332 9984 0
24751362221231 11743 0
24751362321113 13636 0
24761531221223 8352 0
24763151111111 6653 0
24765313222112 8246 0
25134672233321 8499 0
25134672312323 8579 0
25134672313211 5251 0
25137461111111 6061 0
25137461211323 5438 0
25163741112323 9582 0
25314673111313 4101 0
25314673111331 3939 0
25314673131311 4184 0
25341673113311 9314 0
25341762313223 8241 0
25364172311231 5920 0
25364173223231 6070 0
25367411211122 6197 0
25413672323111 9195 0
25413763121222 8638 0
25436711311313 6920 0
25436712123122 6422 0
25436712123332 6608 0
25436712132122 6350 0
25436712323231 10107 0
25436713232321 3846 0
25436713332122 6563 0
25463713212332 5732 0
25471362323132 6370 0
25471631312213 8692 0
25631741212121 11590 0
25634713321232 7928 0
25641371213132 9544 0
25714632123131 3518 0
25714632223331 4161 0
25714632313211 3082 0
25714633121333 7195 0
25716431212223 6606 0
25716433223213 6663 0
25731642232211 11367 0
25734162221111 6156 0
25734613113323 9012 0
25736141111123 5881 0
25736141233232 5435 0
25736411133113 6270 0
25736411231321 4059 0
25736411321312 5552 0
25736411331113 6401 0
25736413123112 5898 0
25741361232113 4191 0
25741632222323 5788 0
25741632312323 4928 0
25743611233232 6481 0
25763142223133 4178 0
25763411332322 5250 0
26135742132221 7368 0
26135742213323 4547 0
26135742332312 7102 0
26153471122121 5506 0
26153473131131 5382 0
26153473132121 6981 0
26154372332213 12767 0
26175432331133 7868 0
26317451212211 8117 0
26345711223113 5252 0
26371453112111 4814 0
26415731322323 5410 0
26415732121223 5974 0
26415732233321 8037 0
26435712222122 11117 0
26435712233321 6019 0
26435712311132 3279 0
26435712322322 8405 0
26435713311122 4379 0
26435713333133 9280 0
26437512122312 6058 0
26453172211133 4188 0
26453711333333 5806 0
26513471122121 6539 0
26517343333313 13351 0
26534713333313 6555 0
26543171111111 10707 0
26543171123111 6677 0
26547313131323 7579 0
26573413331312 7674 0
26714531212133 9857 0
26714532121133 10878 0
26715433231322 6431 0
26741351232113 7204 0
26743512121232 8907 0
27134561131133 6060 0
27154632311132 9031 0
27314652313211 5395 0
27365412321212 10630 0
27415363131113 8664 0
27415632323231 6621 0
27415633321322 6168 0
27416532133232 4941 0
27416533321232 6825 0
27435612122222 6152 0
27453161123111 6716 0
27453161132111 7639 0
27456133132223 6293 0
27516341111111 4211 0
27534161111111 3557 0
27534161111123 6374 0
27534162311111 4697 0
27534612311132 3659 0
27536412332312 6747 0
27543611111123 6567 0
27543611111132 4500 0
27546312231122 13866 0
27613543333133 9502 0
27614353311332 7925 0
27615431312333 7220 0
27615432113321 4523 0
27615433313213 7481 0
27634511131133 5410 0
27634512233321 5787 0
27643513311233 11487 0
31246753312211 4445 0
31247651113232 6921 0
31247651323232 7704 0
31256471231222 5539 0
31257462222221 5729 0
31257462312311 5501 0
31257643311122 4289 0
31264572122213 6047 0
31264573132313 6749 0
31264573222223 5701 0
31264752132122 6650 0
31264752313121 7090 0
31265471111111 9736 0
31265471122112 7374 0
31265471122133 6163 0
31265471312213 6748 0
31265471313113 6256 0
31265471321111 7269 0
31265472233321 11708 0
31265472312233 6795 0
31265741233331 5611 0
31267542222233 9678 0
31267542313133 10036 0
31275461112233 4532 0
31275461322233 4439 0
31275462133211 8660 0
31275462223211 7644 0
31275462311213 9198 0
31275462312212 8249 0
31275463311122 3349 0
31276452133322 6956 0
31276452313313 6464 0
31452671323211 6096 0
31452671332232 5803 0
31452672322331 5979 0
31456722111221 6224 0
31462751111111 5203 0
31462751113322 8255 0
31475261322233 8129 0
31475262331313 6772 0
31475262333221 5569 0
31524673332122 7559 0
31527643332122 7232 0
31564272212111 5891 0
31564272213311 5680 0
31564273113311 5347 0
31572461122133 4503 0
31624751112233 8621 0
31624753312211 8098 0
31627452221333 8710 0
31654272313322 7814 0
31754621331122 11277 0
31765242322121 8130 0
32145671111111 3197 0
32145671123333 7913 0
32145671132222 8236 0
32145671221112 5649 0
32145671333333 7131 0
32145672113333 7868 0
32145672212222 7098 0
32145673112222 8097 0
32145673311113 6031 0
32146751232323 5952 0
32146752232223 5390 0
32147562313223 4731 0
32147562333233 6138 0
32147651123333 3661 0
32147651132222 4219 0
32147651213333 3774 0
32147651312222 3956 0
32147652113333 4614 0
32147652231332 3609 0
32147652233213 4344 0
32147652331322 3632 0
32147652332213 4218 0
32147653112222 3761 0
32156471111111 3756 0
32156471113211 11337 0
32156471232332 10252 0
32156472312332 6053 0
32156472332132 5981 0
32156472332321 10278 0
32156472333332 7096 0
32156473223123 5999 0
32156741112323 3110 0
32156742311123 4184 0
32156742313223 3619 0
32156742333131 5515 0
32157641232323 4809 0
32157642231323 5812 0
32164571111111 9983 0
32164571111231 7617 0
32164571232323 5760 0
32164572232223 6819 0
32164572232313 6400 0
32164572233321 10076 0
32164572312323 10102 0
32164573323212 6375 0
32165741111111 3799 0
32165741111132 11602 0
32165741233223 9759 0
32165742211112 7201 0
32165742331112 6399 0
32165743311131 6791 0
32167451111111 5176 0
32167451213333 8043 0
32167451222222 7922 0
32167451312222 8501 0
32167451333111 4936 0
32167452211121 5323 0
32167453222313 6314 0
32167453313333 6860 0
32167453321232 6664 0
32174561112323 4385 0
32174561232113 4234 0
32174561232233 5505 0
32174562231212 5440 0
32174652312332 5949 0
32174652332132 5336 0
32175461111111 10130 0
32175461113112 3795 0
32175461221112 6533 0
32175461333111 6877 0
32175462233111 6143 0
32175462312323 10556 0
32416753121222 8694 0
32417562113321 7883 0
32417652132131 7076 0
32417653132121 6306 0
32451762331121 8109 0
32456173212332 5797 0
32456711233133 13018 0
32465172112121 6166 0
32465172132131 6072 0
32465172133121 6085 0
32465172332321 10189 0
32465173123121 6032 0
32465173132121 6453 0
32465173133111 5895 0
32465173233221 10431 0
32475161232323 8425 0
32475163331222 6462 0
32476513232231 11371 0
32517463131311 12983 0
32546713323212 6269 0
32547611121113 4683 0
32547611131112 4361 0
32547611213111 5281 0
32547611312111 4988 0
32547612111311 4645 0
32547613111211 4421 0
32561471113133 6939 0
32561471121311 4254 0
32561471122211 7156 0
32561471131211 4333 0
32561471211131 5218 0
32561471311121 4313 0
32561472133313 7787 0
32561472213122 8106 0
32561473222223 6141 0
32561473323212 5321 0
32567412122222 5003 0
32567412131312 4384 0
32567412222212 4231 0
32567413131212 4932 0
32567413133333 3936 0
32576142313223 8833 0
32615473332122 6139 0
32647152133121 6664 0
32647153132121 5003 0
32647512333233 8358 0
32657143121213 11463 0
32657412111212 6890 0
32671453123313 8673 0
32674152113333 13986 0
32714652332132 6185 0
32716452123212 10886 0
32741651121311 4545 0
32741651131211 4321 0
32741651211131 4888 0
32741651311121 5184 0
32741652111113 4261 0
32741653111112 4588 0
32745611223332 9708 0
32745612313322 9689 0
32745612322331 9593 0
32751643321232 6380 0
32754163211123 12355 0
32756141233121 9105 0
32761452121313 3912 0
32761452122222 4049 0
32761452222212 4415 0
32761453121312 4489 0
32761453133333 3675 0
32765411112221 6575 0
32765411121113 4143 0
32765411131112 4288 0
32765411133113 5524 0
32765411331113 5573 0
32765412221312 6787 0
32765412323222 4513 0
32765413122212 6716 0
32765413223312 8110 0
32765413231223 5273 0
32765413322312 7830 0
34125672131213 4048 0
34125672131312 4131 0
34125672221222 3977 0
34125673133333 4369 0
34127651121113 5166 0
34127651131112 5365 0
34127651213111 4209 0
34127651312111 4409 0
34127652111311 4867 0
34127653111211 5816 0
34162752132212 13195 0
34165271112212 7051 0
34165271121311 4854 0
34165271131211 4569 0
34165271211131 5161 0
34165271311121 4161 0
34165271311133 5736 0
34165272323333 5358 0
34165273133312 7934 0
34165273222322 6545 0
34165273311131 5692 0
34167252213323 9785 0
34172562132332 7199 0
34172562313331 6850 0
34175263321232 6301 0
34216572213122 11499 0
34261572132131 5310 0
34261572133121 5872 0
34261573123121 5341 0
34265712212132 7720 0
34275161312213 5791 0
34275162112322 6217 0
34275162213221 6561 0
34516271111111 4242 0
34516272312332 6546 0
34516722313223 3883 0
34517622231323 7474 0
34521672223232 4186 0
34526713232312 4591 0
34527612211322 4315 0
34527612231122 4420 0
34527612231332 3876 0
34527612331322 3629 0
34527613312133 3616 0
34561272122123 3875 0
34561272122321 5195 0
34561272212213 3993 0
34561272213122 3845 0
34561272232211 3966 0
34561273221233 4246 0
34561273233131 3725 0
34561273311233 3838 0
34561273313321 5584 0
34561273321133 3753 0
34561273321223 3789 0
34561721111111 4328 0
34562171321111 7216 0
34562171321231 6826 0
34562172232313 5381 0
34567212223232 5623 0
34617252111212 8033 0
34617252123212 7641 0
34617252132212 7407 0
34617522221333 6164 0
34621572132131 6241 0
34625172111212 10489 0
34627512232313 5222 0
34651271123111 6531 0
34651272332132 7043 0
34675212222122 8224 0
34715262221123 8674 0
34716522223211 7019 0
34721652121313 4507 0
34721652131213 4835 0
34721652221222 4208 0
34721652222212 4908 0
34721653333313 3839 0
34725611212211 6687 0
34725612111113 4114 0
34725612121322 6907 0
34725612231212 6841 0
34725612231332 7811 0
34725612322232 4483 0
34725612331322 8088 0
34725613111112 4417 0
34725613111133 5480 0
34725613132223 5284 0
34725613311113 5433 0
34761252323222 5746 0
35126741232212 9735 0
35126742231233 9777 0
35127462331331 7882 0
35162472122231 6263 0
35162472123233 6499 0
35162473122221 6450 0
35162473323131 6646 0
35162473332122 6824 0
35162473332131 6284 0
35162742213323 7829 0
35167242132212 8450 0
35172461232323 9226 0
35174262213131 10043 0
35174262231113 9496 0
35246171111111 5196 0
35246171113322 8236 0
35246172213311 8674 0
35267141223233 5918 0
35267141321132 5430 0
35271461322233 10827 0
35416721113112 7414 0
35416723232213 5417 0
35417622223133 3950 0
35426712131132 6316 0
35426712311312 5506 0
35426713111313 5691 0
35426713131113 5423 0
35426713312211 5646 0
35461271111231 7631 0
35461271321231 6791 0
35461272222323 4930 0
35462171131313 6776 0
35462171212121 5692 0
35462171221223 7726 0
35462171332331 6450 0
35462172213311 3304 0
35462172223331 4473 0
35462172312131 5560 0
35462173123211 5615 0
35462173131311 6732 0
35462173221221 7987 0
35462712322322 7111 0
35472163222313 4668 0
35472163231322 5022 0
35476122221111 6280 0
35614722321233 6990 0
35617423131332 5770 0
35624712121232 3997 0
35624712321212 4102 0
35624712321332 5946 0
35624712331232 4027 0
35714623111322 13335 0
35721642221213 12707 0
35762142222113 9827 0
36125471111333 6169 0
36125471212112 6099 0
36125471213111 4114 0
36125471222111 6072 0
36125471312111 4361 0
36125472111311 4427 0
36125472121223 6617 0
36125473111211 4495 0
36125473232222 5283 0
36125473323233 6383 0
36125743222331 9210 0
36127451333222 10798 0
36145272122222 3973 0
36145272131213 4184 0
36145272131312 4052 0
36145273333313 3994 0
36147251121311 5115 0
36147251131211 5235 0
36147251211131 5106 0
36147251311121 4258 0
36147252111113 5633 0
36147253111112 4725 0
36152741231312 6697 0
36152742131321 6759 0
36172452133133 7695 0
36217452131333 7247 0
36217541223311 5656 0
36217543213112 5761 0
36241573212332 6278 0
36241753212311 4597 0
36415272123212 7480 0
36417522123311 11084 0
36514272212111 7892 0
36521472113321 9794 0
36521472331121 9660 0
36527411131133 5960 0
36527412111113 4378 0
36527412131222 6287 0
36527412211322 7789 0
36527412221312 6704 0
36527412231122 7863 0
36527412322232 4204 0
36527413111112 4524 0
36527413311311 6191 0
36541272323222 4383 0
36542712121322 12186 0
36547212121313 4524 0
36547212122222 4440 0
36547212131312 4007 0
36547212221222 4148 0
36547213331333 3772 0
36712542121112 3928 0
36712542121121 3973 0
36712542121211 5839 0
36712542122111 4082 0
36714252232223 4715 0
36714521232113 5555 0
36714522121322 6471 0
36714522122213 6092 0
36714523132223 5597 0
36714523132322 5327 0
36721451131331 6172 0
36721452121322 6674 0
36721452122123 7844 0
36721452122213 6267 0
36721452122321 7768 0
36721452131111 4646 0
36721452223232 4149 0
36721453113113 5947 0
36721453121111 4501 0
36725411121212 5986 0
36725411131313 5984 0
36725411212121 6849 0
36725411313131 5870 0
36725412111212 6303 0
36725412121112 5977 0
36725412121211 6381 0
36725412121232 5807 0
36725412123212 6369 0
36725412321212 6384 0
36725413111313 7078 0
36725413131113 6055 0
36725413131311 7305 0
36741252122123 4401 0
36741252122321 4292 0
36741252122333 3531 0
36741252123323 3775 0
36741253233131 3592 0
36745211211221 6673 0
36745212121223 6816 0
36745212122312 6884 0
36745212122333 7997 0
36745212123323 7715 0
36745212131111 4086 0
36745212223232 4385 0
36745213121111 4857 0
36745213131131 5546 0
36745213133111 5590 0
36745213232213 5343 0
36751243222322 5137 0
36752142122132 6385 0
36752142123221 5709 0
36752143132232 6420 0
36752143133222 6294 0
36752143211132 4157 0
36754123232222 4218 0
37246511112233 12235 0
37256142321233 6638 0
37415622333221 5928 0
37426513132313 4238 0
37452162323312 6296 0
37516422333311 8179 0
37561241311112 6535 0
37612453122233 6460 0
37612542221111 6866 0
37614252221123 6156 0
37614521111111 10085 0
37614521323232 3968 0
37614522111221 6510 0
37614522113321 6400 0
37614522313322 6333 0
37614522323312 6678 0
37614523232213 6825 0
37615421113322 5993 0
37615422211133 3395 0
37615422223133 4350 0
37615422313121 11237 0
37615422313331 8311 0
37615423121132 9395 0
37624152311213 6864 0
37624511232233 4181 0
37624512121322 6421 0
37624512231212 5613 0
37624513131323 6178 0
37624513231313 6307 0
37641252222323 6154 0
37642152213311 3775 0
37642513122221 9126 0
37645122312221 6051 0
37651242211133 4196 0
37651422312311 5964 0
37652141113232 5904 0
37652143231322 5312 0
37654212311222 10952 0
41236753232321 4568 0
41237561313131 7535 0
41263751312222 11415 0
41325671212211 6900 0
41325762313223 8116 0
41325763131233 5535 0
41352671212112 3964 0
41352671212121 3943 0
41352671222111 4112 0
41357622313112 6093 0
41367253111133 6761 0
41532672313211 4940 0
41532761233133 7891 0
41563273113311 6118 0
41576322212222 10775 0
41625372313211 5574 0
41625373121213 7680 0
41625731222231 5691 0
41635721212121 7600 0
41657321222312 7142 0
41673252212222 8797 0
41673521111111 6481 0
41723562313211 10802 0
41725361232113 3251 0
41725361321213 8233 0
41725362221213 9304 0
41725362313211 4339 0
41725362313223 4513 0
41725363121222 8780 0
41725363121231 7620 0
41725631111111 3776 0
41725631211122 6518 0
41725632322331 10684 0
41725633111133 6852 0
41725633121123 6045 0
41725633211111 10040 0
41726352313322 4475 0
41726532312233 9209 0
41735261323313 6332 0
41735262312233 5763 0
41735263123223 6676 0
41735621233232 5462 0
41735622313322 8403 0
41736521233232 5140 0
41736522332231 4791 0
41752631222123 5578 0
41752632311123 5473 0
41752632312323 4358 0
41752632313211 4357 0
41756231321213 7174 0
41756233121231 6828 0
41762532221333 9627 0
41762533123331 9095 0
41765231233232 7274 0
41765322221312 6750 0
41765322313211 8109 0
41765323122212 5689 0
42136752131312 11249 0
42137561123333 13538 0
42137653122131 5680 0
42137653132121 4779 0
42157633231322 7450 0
42163751121212 8990 0
42165373223123 5278 0
42167532131333 8309 0
42315673112111 3478 0
42351671212211 6863 0
42351763231133 12309 0
42367153111121 9485 0
42367153211123 6917 0
42516372233111 4766 0
42561733323122 6503 0
42573612323231 6949 0
42573613322231 7483 0
42613572313211 8216 0
42615371313332 8074 0
42615372213311 4718 0
42615372221213 8312 0
42615372313211 4599 0
42651372213311 12225 0
42651733311122 4363 0
42673512232133 4313 0
42751632321233 6043 0
42751632323231 4852 0
43126572133313 7396 0
43167251232212 7739 0
43176252123131 8729 0
43176252311132 8085 0
43216573132121 6015 0
43216573132223 6566 0
43216573212311 5589 0
43216573212332 6019 0
43512671313332 7145 0
43527612312323 4614 0
43561271111111 4449 0
43571262122222 11506 0
43572161111111 4662 0
43572612312323 4469 0
43576211123222 6752 0
43576212112232 7185 0
43615271333312 6922 0
43615272113321 6731 0
43617521223221 8549 0
43621752213323 8154 0
43651722323132 7709 0
43675122222122 8651 0
43675211221331 5535 0
43721653231313 10446 0
43751623123313 7999 0
43765212222122 8175 0
45167323322231 6601 0
45176231131313 3958 0
45176231133113 3906 0
45176231331113 4254 0
45176233131113 3916 0
45176321131133 9451 0
45213672221123 9426 0
45273162222122 8230 0
45276131131133 8412 0
45312671222312 7246 0
45312672223331 4459 0
45312672233321 3636 0
45312672313211 2998 0
45312673132313 5314 0
45312673222112 7827 0
45312673231313 5150 0
45312761113211 6850 0
45312761133311 6595 0
45312762221111 5897 0
45312762311111 5613 0
45321671212211 5834 0
45321671221121 4883 0
45321673113311 8112 0
45327612222323 6117 0
45362712122222 11590 0
45367122223133 3935 0
45367211111132 6380 0
45367211211122 5412 0
45367213111133 5436 0
45376121131133 5201 0
45376121331311 7028 0
45376211333123 6638 0
45376213131323 5794 0
45376213333322 5871 0
45612371133221 11802 0
45612372331121 10218 0
45612373112231 10586 0
45612373132121 6437 0
45612373132223 6973 0
45612373322111 10155 0
45612373332122 6996 0
45612373332221 6578 0
45613271331221 5618 0
45613272233111 6582 0
45621373123331 5971 0
45621373211111 7530 0
45621732212123 9941 0
45621732233333 9963 0
45623712332123 5783 0
45623713322321 5755 0
45637123132121 7253 0
45637123332122 6297 0
45671231132231 5664 0
45671233112132 11822 0
45673212212132 10073 0
45673213211222 9543 0
45713623223132 8017 0
45721363321313 5622 0
45721363322231 5634 0
45732612233321 12326 0
45736121122211 8519 0
46123571111111 6869 0
46123573232123 7957 0
46125731333123 7381 0
46127351131313 7516 0
46127352131333 8030 0
46127353131323 8027 0
46135272133313 10203 0
46153273131131 7706 0
46157233333232 4822 0
46157321331233 6030 0
46215372121223 5511 0
46215372313211 8099 0
46257132211133 5205 0
46257313312211 10707 0
46273512122312 5595 0
46273513221212 5754 0
46275311123222 8761 0
46275312112232 9283 0
46275312132212 8135 0
46275312232133 3373 0
46275312313211 4418 0
46275313121222 7529 0
46275313312211 4455 0
46321752111131 7012 0
46352171211233 5773 0
46352172113231 8705 0
46372511221331 6347 0
46375211211332 11802 0
46375212113111 9767 0
46375212132131 6141 0
46375212132221 6774 0
46375212332222 6814 0
46375213112111 7151 0
46375213123121 7257 0
46375213333121 6180 0
46512371331221 6453 0
46512372113321 7823 0
46513272332111 6904 0
46513273113221 4776 0
46523711331332 7265 0
46527133111121 8371 0
46572311223122 6846 0
46572312132122 6344 0
46721533123313 7859 0
47123562232133 5237 0
47123651233232 5867 0
47126351233232 6335 0
47126532133133 12260 0
47132562311111 5914 0
47132563222331 8047 0
47132652233321 4347 0
47135622132332 6512 0
47136252133112 6976 0
47152361233232 6404 0
47152631322131 8564 0
47156231332313 7203 0
47156233211132 4190 0
47156233223312 6262 0
47156233233113 7091 0
47156233322312 6219 0
47156321111111 3841 0
47156321133311 6763 0
47156322132311 6392 0
47156322313232 10482 0
47156322332132 5980 0
47156322332312 6292 0
47156323223123 6171 0
47162351322122 6525 0
47163522131222 5858 0
47165321232113 3374 0
47165321322131 8190 0
47165322132212 8137 0
47165322133112 7976 0
47165322232133 4237 0
47165322313211 4514 0
47216352131333 8134 0
47251363131113 8260 0
47251632131312 13519 0
47256133212311 5888 0
47256133321232 8165 0
47265312122222 6661 0
47265312131312 6310 0
47265312313211 5664 0
47321651311133 6243 0
47352612123131 8260 0
47352612311132 8700 0
47352612313211 5083 0
47512632312323 8296 0
47621532232331 5562 0
47621533231121 5962 0
47632152233321 6505 0
47632153212311 4812 0
47632153232321 3462 0
47632513212332 8396 0
47652132231323 6209 0
47653213211231 6010 0
47653213232111 5311 0
51264731113322 8628 0
51264732213311 7984 0
51267342312233 8705 0
51324671211122 4999 0
51324672212111 5044 0
51324673113311 5176 0
51324761111123 7844 0
51324763113332 5493 0
51342672212111 6891 0
51342763312223 4795 0
51367241211113 6481 0
51423671221331 6342 0
51426731111111 5109 0
51426733312211 8121 0
51472361131313 10293 0
51472633331312 7595 0
51623471321111 4935 0
51623743313321 13372 0
51624731312123 6778 0
51624733323113 6696 0
51632741323232 4089 0
51642371122313 7258 0
51642731113322 3745 0
51647231113232 4693 0
51723643131311 7001 0
51724362122222 6943 0
51724363121213 6440 0
51726433123313 7979 0
51732643121213 13962 0
51742632323231 6764 0
51742632323333 5456 0
52134761232113 8322 0
52147631121311 4630 0
52147631131211 4347 0
52147631211131 4710 0
52147631311121 5220 0
52147632111113 4211 0
52147633111112 4740 0
52163471112122 6834 0
52163471213111 4962 0
52163471312111 4709 0
52163471333123 8454 0
52163472111311 4146 0
52163472131222 6169 0
52163473111211 4770 0
52163473111331 5286 0
52163473221323 4969 0
52163473323332 7256 0
52167342121232 10936 0
52167432121313 4289 0
52167432122222 4427 0
52167432131213 4369 0
52167433133333 4600 0
52167433331333 4152 0
52174633223123 6843 0
52314673311311 9725 0
52314761322122 7167 0
52341671111111 3027 0
52341671122211 6637 0
52341671311313 4847 0
52341672211112 6766 0
52341672232313 5293 0
52341672323222 4984 0
52341672323312 7551 0
52341673133111 4945 0
52341673232213 5822 0
52341673232333 4096 0
52341673323212 5807 0
52361472121313 4252 0
52361472131312 4167 0
52367142211121 6583 0
52367412322232 4283 0
52374161112323 5033 0
52376413222223 6119 0
52463173212332 7664 0
52463713212332 7362 0
52471631223113 6982 0
52471631323112 6940 0
52614372313211 4344 0
52641733212311 5884 0
52641733232321 7364 0
52673413232123 7108 0
52713461232323 4494 0
52714361232113 4347 0
52714633213223 6160 0
52714633223123 5293 0
52731641233112 5158 0
52731641323112 4809 0
52736141322233 3759 0
52741362313211 7565 0
52741362313223 6830 0
52741632122333 3746 0
52741632123323 3724 0
52741632212213 4196 0
52741632212231 3930 0
52741632232211 3741 0
52741633221233 4334 0
52741633313312 3639 0
52741633313321 3751 0
52741633321223 4462 0
52741633323311 4596 0
52743611111213 4446 0
52743611111312 4670 0
52743611112131 5304 0
52743611113121 5013 0
52743612131111 4711 0
52743613121111 4386 0
52761431111213 5355 0
52761431111312 5233 0
52761431112131 4376 0
52761431113121 5232 0
52761432131111 4847 0
52761433121111 5766 0
52763143222331 6274 0
52763411222312 4190 0
52763411333123 3498 0
52763413222112 4305 0
52763413223312 3643 0
52763413322312 3892 0
53126471231231 5559 0
53126471231321 5589 0
53126471321321 7793 0
53146272123233 8207 0
53147262123131 6603 0
53162743312223 4502 0
53274163211222 8875 0
53421671321111 3458 0
53421671321231 4697 0
53426171112233 5279 0
53462711113322 3899 0
53467211321111 4205 0
53476121323112 6430 0
53476121323322 6344 0
53614721212121 10891 0
53621471331221 6316 0
53642171111111 5363 0
53672142221213 13150 0
53714622233111 8597 0
53721463223312 7148 0
53724612121112 11730 0
53726143333121 6576 0
53741621323112 6931 0
53741621332112 7171 0
53742612323333 6774 0
53761242121211 7759 0
53761242221213 8013 0
53761242321212 7305 0
53762143222331 5890 0
53762413322123 4695 0
54123673233323 4289 0
54126371331221 6351 0
54127632131213 4882 0
54127632222212 4915 0
54127633131212 4328 0
54127633133333 4443 0
54127633333313 4028 0
54163271133221 9701 0
54163272233111 10187 0
54167231121113 4908 0
54167231131112 4596 0
54167231221211 6241 0
54167231333213 7813 0
54167232112112 6992 0
54167232133313 6695 0
54167232333113 7814 0
54167233232333 5512 0
54167233331213 7921 0
54172633132313 10515 0
54217362233213 11534 0
54217632132212 12661 0
54231671123111 9603 0
54231673123121 6819 0
54261373123121 5877 0
54261732231233 7839 0
54276132233312 6636 0
54312671131331 4477 0
54312672212111 5275 0
54312673311311 8084 0
54317261113112 4331 0
54317621111222 6347 0
54321672212213 3436 0
54321672212231 3600 0
54321672232211 3519 0
54321673313312 3495 0
54321673313321 4270 0
54321673323311 3864 0
54321761211221 4659 0
54321763113113 6785 0
54326171111231 3409 0
54326171112233 5064 0
54326171321231 4674 0
54326711112212 6656 0
54327612223232 4261 0
54361272223232 5336 0
54362171113133 6164 0
54362711111231 4124 0
54362711323112 6428 0
54367121112212 5700 0
54367121113211 5231 0
54367121113331 5248 0
54367122211121 7158 0
54367122311111 6599 0
54367123311113 5476 0
54367211132222 3881 0
54367211213333 5468 0
54367211222132 3865 0
54367211333213 3863 0
54367212211322 5075 0
54367212231122 3767 0
54367212233213 3814 0
54367212332213 4267 0
54367212333113 3778 0
54367213112222 3843 0
54367213312133 3609 0
54371261113331 6059 0
54371621113112 3596 0
54371621113322 4983 0
54376121322233 3801 0
54376211111132 5564 0
54376211111222 5914 0
54376211113133 5367 0
54612371112311 6750 0
54612372222131 5651 0
54612732112223 7547 0
54612733322213 7503 0
54621371133311 5733 0
54621372211121 4948 0
54637211132111 6629 0
54671232221213 7299 0
54712361323313 7203 0
54712362223322 6769 0
54716232222113 7808 0
54716321112323 5188 0
54716322313223 8160 0
54721631111111 5156 0
54721631122121 6858 0
54721631311133 5448 0
54721632133232 6642 0
54721632212222 7897 0
54721632212231 8479 0
54721633231322 6223 0
54721633313321 7944 0
54721633333331 6836 0
54723612131312 4393 0
54723612221222 4315 0
54723612222212 4166 0
54723613121312 4035 0
54723613333313 3795 0
54761233322321 9694 0
54763212322232 5718 0
56123471222312 4075 0
56123471223221 5442 0
56123471331332 3630 0
56123471333123 3821 0
56123472322121 4462 0
56123472331331 3831 0
56123473133132 3706 0
56123473133231 3548 0
56123473222112 3983 0
56123473223312 3580 0
56123473322312 3700 0
56124371111231 5015 0
56124371232323 5728 0
56127433332323 5254 0
56132472333332 5790 0
56132473211111 5895 0
56132473213211 7439 0
56143273332323 4389 0
56147231222132 4020 0
56147231333213 6121 0
56147232233213 5892 0
56147232332213 4028 0
56147232333113 4213 0
56147322333233 6003 0
56173421113112 4223 0
56174232323333 4827 0
56174321232113 4095 0
56213471111111 6982 0
56213743313333 8276 0
56243173133111 6996 0
56243713121333 10587 0
56247132333233 5984 0
56271433111313 7927 0
56271433123313 8017 0
56271433132313 7642 0
56274132331133 5645 0
56274312313211 4376 0
56321473233323 4985 0
56321742211112 8384 0
56324171221331 6734 0
56327411211332 9818 0
56327413213112 9543 0
56341273121213 4386 0
56341273131212 4287 0
56347122333233 6908 0
56347211213111 4415 0
56347211222132 8207 0
56347211312111 5318 0
56347211331131 7040 0
56347212111221 7041 0
56347212111311 5617 0
56347212123233 6790 0
56347212232223 6023 0
56347213111211 5035 0
56347213131332 7818 0
56423171231231 7667 0
56423171231321 4925 0
56423171321321 5681 0
56423172112121 5448 0
56423173132121 6357 0
56423173133111 5661 0
56432713122122 8062 0
56712341232113 8222 0
56712343211123 8740 0
56721343123331 7615 0
56721432312233 10777 0
56723411113313 6076 0
56723411121113 4626 0
56723411131112 4473 0
56723411222312 7669 0
56723412122312 6576 0
56723412323222 4689 0
56723413221212 6165 0
56723413222112 7748 0
56723413331111 5841 0
56732143122113 6839 0
56741231121311 4770 0
56741231131211 5721 0
56741231211131 4311 0
56741231311121 4107 0
56741232111113 5267 0
56741233111112 5071 0
56743212122222 4111 0
56743212221222 5031 0
56743213121213 4955 0
56743213121312 4479 0
56743213331333 3959 0
57123461111111 8472 0
57164322131312 6700 0
57214361323232 4691 0
57214632212213 11146 0
57236141113232 6475 0
57236141322233 4794 0
57236141323232 3577 0
57241631322113 5042 0
57241631323112 4734 0
57246131112233 4320 0
57264132111323 6869 0
57321641311112 10733 0
57321642311132 6785 0
57364212213311 6705 0
57364212313211 7395 0
57364213332122 5265 0
57642311113322 8708 0
61234572231323 5181 0
61234573232213 7152 0
61235741313131 8555 0
61257343232123 6464 0
61274351313131 10360 0
61274532231323 6352 0
61352472233321 8649 0
61352472313211 5127 0
61452731311313 7126 0
61453721111111 9693 0
61453721311112 9329 0
61453723111121 7993 0
61472532123332 6717 0
61472533112111 6972 0
61527431111111 4203 0
61534272311132 3696 0
61534721112311 5721 0
61534721113211 4816 0
61543271111111 3580 0
61543271112311 4887 0
61572432312323 4223 0
61734523222331 7917 0
62134572321323 5703 0
62135471122121 6106 0
62135472132131 6367 0
62135473122131 6001 0
62135473123121 6480 0
62135473131131 6012 0
62135473132121 7246 0
62135473232231 9903 0
62135473322321 10211 0
62135743222331 5897 0
62135743312223 6715 0
62147353123121 7155 0
62147353132121 6486 0
62154733321121 6125 0
62157342132212 8789 0
62173543232132 6790 0
62174351122133 7477 0
62174533311212 10843 0
62317453112111 3344 0
62317453312211 4721 0
62351743112123 9075 0
62371453311311 6146 0
62374511322311 5895 0
62374513112321 5979 0
62374513312112 6001 0
62435172211133 4681 0
62435172311132 4197 0
62435711222222 6026 0
62453713311122 3968 0
62471532232133 5177 0
62475131322323 5634 0
62531472321233 8115 0
62543711211113 7587 0
62543711311112 6688 0
62571432321233 5911 0
62735143223213 6174 0
63125741112323 8134 0
63125743131233 5998 0
63125743133312 5501 0
63142571111111 9027 0
63142571132321 7263 0
63142573112123 10970 0
63172452312323 8000 0
63172452313211 5144 0
63174522332132 5971 0
63247511123132 8134 0
63251743133231 8668 0
63452711311313 5441 0
63452712333221 7404 0
63471522123131 8087 0
63471522323132 9716 0
63471522332132 9217 0
63472512123332 6131 0
63512743313333 11721 0
63541271212211 8160 0
63542713121333 8723 0
63574212123131 8279 0
63574212313211 5088 0
63712542221111 7386 0
63714252123131 3783 0
63714521112323 8174 0
63714522332132 5320 0
63721541233322 5680 0
63724153121213 8160 0
63725141112323 5892 0
63725141233121 9381 0
63725142123131 4259 0
63725142223133 3379 0
63725143122113 11212 0
63725143123313 8425 0
63741252222323 7465 0
63741522123131 3847 0
63742511232221 9538 0
63745123122212 6053 0
63751242221321 5847 0
63751423122311 9497 0
63752141111111 3945 0
63752141122211 6657 0
63752141123213 6234 0
63752142332132 6943 0
63752143123223 6301 0
63752143212323 9987 0
63752143223123 6627 0
63752411223212 5667 0
63752411333213 5445 0
63752412312323 5678 0
63752412322112 5667 0
63752412333113 5718 0
63754213122122 7131 0
64125371131313 8403 0
64157321133212 13451 0
64231572311132 3832 0
64257131113223 5762 0
64271533221212 6718 0
64275131212223 8262 0
64275131312123 7881 0
64275132211133 4218 0
64275132232133 3498 0
64275133231112 8092 0
64275133312211 4628 0
64275311112332 6654 0
64275311222222 5664 0
64275313312211 8012 0
64321572111131 10778 0
64321572132131 8986 0
64321572311132 7789 0
64325713121222 12721 0
64351272132131 6284 0
64357212313211 7615 0
64357213231322 5029 0
64357213312211 6670 0
64531271212211 5682 0
64531272132131 5383 0
64531273122131 5952 0
64531273123121 7063 0
64531273311311 5227 0
64531273312211 5349 0
64572131122223 6612 0
64713253112111 4304 0
65123471112311 5836 0
65123471233232 5399 0
65123472312311 7269 0
65132471212112 7451 0
65132471222111 6071 0
65132471231321 4182 0
65132471323121 7056 0
65132472131231 5585 0
65132472212231 5125 0
65132472233321 3652 0
65132473111331 5769 0
65132473313312 5049 0
65132473323311 6219 0
65132741223323 5041 0
65132743222331 6710 0
65134721233232 7039 0
65147321232113 5050 0
65172431132333 6885 0
65174232123131 3400 0
65174232133313 5691 0
65174232323312 5535 0
65174233323212 5535 0
65174233331213 5809 0
65174322313211 7260 0
65174323223123 6594 0
65213741111111 7682 0
65241371111111 6065 0
65243712121322 7974 0
65271341332331 7258 0
65271432231233 5635 0
65274131111111 10460 0
65274131311313 6098 0
65274131312213 6273 0
65274132123332 6290 0
65274133132223 6665 0
65274133232321 3821 0
65274133312223 6371 0
65314272311132 12267 0
65314272313211 5221 0
65321472111122 6434 0
65417321232113 9310 0
65417323223123 8109 0
65417323232123 9603 0
65423713321322 9021 0
65432173232321 3646 0
65471231132213 9372 0
65714323223123 6397 0
65723143321313 6085 0
65732411333123 4124 0
65742311212313 11386 0
67132541133311 7679 0
67145323133312 5728 0
67154233323332 6067 0
67215343333133 7584 0
67231541323112 7850 0
67231543323122 8038 0
67234513332122 6190 0
67245131313323 6626 0
67245311112311 8305 0
67245311133233 5655 0
67254311131133 5117 0
67254313311113 4762 0
67312452233321 5306 0
67312541121221 4575 0
67312542221111 5668 0
67321451111123 5749 0
67321451112311 4945 0
67321451212211 7545 0
67321451311133 5680 0
67321452111122 5472 0
67321453113311 5561 0
67321542232133 4217 0
67341252222323 6180 0
67342512222113 5808 0
67345122223133 4293 0
67345122232133 4708 0
67345211111123 5905 0
67345211111132 6331 0
67345211112233 10313 0
67345211113322 10067 0
67345211211122 5947 0
67345211311133 5918 0
67345212111122 6186 0
67345213111133 5910 0
67354121111111 3741 0
67354211212121 6335 0
67354211313113 6614 0
67354211333111 6655 0
67354212111221 5570 0
67354212212222 5797 0
67354212311132 3186 0
67354213111313 7865 0
67354213131311 7609 0
67354213211132 4504 0
67354213313333 5789 0
67412353132121 6662 0
67412353332221 5215 0
67412531131133 6101 0
67435121332112 5320 0
67435123123121 5591 0
67452313321232 6281 0
71234563231322 7157 0
71263541333222 5647 0
71263542323123 11728 0
71264533131323 3807 0
71264533221323 3908 0
71264533231223 3940 0
71264533231313 4164 0
71326451211311 4894 0
71326453132121 5770 0
71326543333313 12867 0
71345262132131 6304 0
71362453113311 6016 0
71365423331312 8671 0
71423563213232 5725 0
71423653213232 6025 0
71426353312211 4189 0
71426533333223 6866 0
71432561232323 10362 0
71432561323232 3727 0
71432562111221 6275 0
71432563232213 6081 0
71432563323113 6276 0
71432563323122 6788 0
71432563332113 6176 0
71435261322233 4609 0
71435262222122 8214 0
71435263211123 4118 0
71435263311122 3477 0
71435263333133 8004 0
71435263333223 8236 0
71435623333331 5754 0
71436253333112 6725 0
71452363213232 6544 0
71452632222131 9476 0
71453262222221 6698 0
71453623311122 5151 0
71456321322323 7434 0
71456322111221 6687 0
71462531113322 3511 0
71462532111212 5652 0
71462532121112 5652 0
71462533111223 7214 0
71462533221113 6277 0
71463523331222 9332 0
71523463131311 7912 0
71523463231313 8045 0
71523463331312 7620 0
71532463221332 5469 0
71534262122222 6615 0
71542633132322 6248 0
71543622111131 6790 0
71543623111121 7276 0
71546233331213 10613 0
71546322231212 7573 0
71562433123232 4732 0
71563243221221 7201 0
71625433213133 12243 0
71643252231212 10665 0
71643523331213 8818 0
72134562312212 8582 0
72136541322233 9057 0
72143563222331 6369 0
72143651121113 4830 0
72143651131112 4313 0
72143651213111 5312 0
72143651312111 4809 0
72143652111311 4722 0
72143653111211 4441 0
72145631233223 9714 0
72145633232231 9596 0
72145633312223 9690 0
72146352232223 6094 0
72163452122222 5010 0
72163453121213 4210 0
72163453131212 4982 0
72163453133333 4120 0
72163453331333 4310 0
72164353131113 10232 0
72165431113331 6383 0
72165432111113 4296 0
72165432111122 7120 0
72165432211112 7120 0
72165432323312 5422 0
72165433111112 4198 0
72165433121333 7753 0
72165433221233 7895 0
72165433233323 4647 0
72165433321223 7720 0
72165433331213 6910 0
72345611111111 3077 0
72345611133113 5175 0
72345611221223 8111 0
72345611222222 6983 0
72345611331332 7758 0
72345612122111 5152 0
72345612331331 7791 0
72345613221221 8253 0
72345613333331 7013 0
72356141112323 5127 0
72356141232113 8674 0
72356143211123 8594 0
72361453232333 4169 0
72361542333233 7617 0
72365412222212 4072 0
72365413121312 4223 0
72365413131212 3925 0
72365413331333 4390 0
72435163333313 6602 0
72513641232323 5863 0
72513641233322 7872 0
72516342313223 3727 0
72531463321232 5967 0
72534163211123 4227 0
72541631111213 4462 0
72541631111312 4748 0
72541631112131 5338 0
72541631113121 4827 0
72541632131111 4861 0
72541633121111 4333 0
72543162311111 4665 0
72543163211111 5671 0
72543611221223 3639 0
72543611223221 3838 0
72543611331332 4497 0
72543611332331 3654 0
72543612331331 3534 0
72543613132232 4438 0
72543613133222 4307 0
72543613221221 4099 0
72543613223312 3735 0
72543613322312 3705 0
72546311323112 6167 0
72546313323212 5432 0
72561342313223 4669 0
72561432213122 3924 0
72561433221233 4017 0
72561433311233 6024 0
72561433321133 4117 0
72561433321223 5876 0
72563411111213 5844 0
72563411111312 4890 0
72563411112131 4229 0
72563411113121 4439 0
72563412131111 5194 0
72563413121111 5395 0
72643513212311 4902 0
72643513212332 5691 0
73125463133132 7270 0
73146522113231 6015 0
73246153312211 8200 0
73456123231322 6160 0
73516243323113 7657 0
73516243332131 7619 0
73541262321212 6699 0
73542163321133 11265 0
73542613132121 6417 0
73542613132322 5411 0
73564213321322 7645 0
73614251112323 4379 0
73615241112323 5531 0
73615241113322 4577 0
73615242223133 3541 0
73615243123313 12358 0
73615243213313 11963 0
73615243331312 12379 0
73615243332311 11924 0
73615421113322 8156 0
73615423213211 5875 0
73615423333331 5525 0
73624513121132 6774 0
73624513332131 6724 0
73625141112323 4425 0
73625143121213 7456 0
73625143333313 7202 0
73625412222323 6800 0
73642511111111 2980 0
73642511113232 4060 0
73642511113322 3642 0
73642513223222 7609 0
73645121113211 6732 0
73645122222311 5568 0
73645211223113 6805 0
73645211231111 11483 0
73645211321111 3679 0
73645211332112 7216 0
73645213112231 9778 0
73645213333112 6287 0
73651241113322 9599 0
73652413211312 9496 0
73652413331321 10585 0
73654122111122 5064 0
73654122221111 6804 0
73654211111132 7843 0
74123563323221 4919 0
74123652322121 4039 0
74123653132232 5775 0
74123653133132 4232 0
74123653133222 3914 0
74123653133231 6147 0
74125631313311 6500 0
74125632121121 7101 0
74125632122111 7101 0
74125632131111 4160 0
74125632321332 5263 0
74125633121111 4343 0
74125633131233 6810 0
74125633132232 7624 0
74125633133222 7809 0
74125633133312 7650 0
74125633332323 4621 0
74126352333122 4845 0
74132561321231 4063 0
74132562121121 6352 0
74132562122111 6315 0
74132563131221 7380 0
74132563132112 6298 0
74136522322121 6086 0
74152363132232 4283 0
74152363133132 3842 0
74152363133222 3922 0
74152363133231 3806 0
74156322122123 5631 0
74156322122321 5631 0
74156322313223 3495 0
74156323132331 5786 0
74156323133123 5637 0
74163251121122 7008 0
74163252112211 6265 0
74163252131111 4934 0
74163253121111 4621 0
74163253131332 6575 0
74163253133132 7833 0
74163253133213 7796 0
74163253133231 7831 0
74163253332323 4216 0
74165231121212 7753 0
74165231131313 6597 0
74165231212121 6411 0
74165231313131 5937 0
74165232111212 6313 0
74165232121112 7094 0
74165232121211 6358 0
74165233111313 6114 0
74165233131113 6062 0
74165233131311 6032 0
74165233131323 6594 0
74165233132313 6115 0
74165233231313 6077 0
74213652323132 6621 0
74251633111313 6782 0
74256311321222 12067 0
74256313111232 13534 0
74265312333233 7022 0
74312652333332 6283 0
74321563311131 6617 0
74321653233323 4409 0
74325163131323 9957 0
74325612221222 4073 0
74325613121312 3932 0
74325613131212 4207 0
74325613133333 4020 0
74361253112132 10206 0
74361253211231 9583 0
74365211121221 7147 0
74365211213111 4043 0
74365211312111 4163 0
74365211313113 5575 0
74365211333111 5616 0
74365212111311 4946 0
74365212222323 6571 0
74365212333332 5222 0
74365213111211 4661 0
74365213121333 7959 0
74512361322233 8111 0
74512362313223 8755 0
74513263121222 13173 0
74521632222212 4553 0
74521633121213 4269 0
74521633121312 4414 0
74521633133333 4122 0
74521633333313 4723 0
74523611121113 4827 0
74523611131112 5734 0
74523611213111 4350 0
74523611312111 5199 0
74523612111311 5207 0
74523613111211 5332 0
74532163123223 6990 0
74561231111222 6147 0
74561232111113 4496 0
74561232221111 6891 0
74561233111112 4816 0
74561233131233 7896 0
74561233233323 4306 0
74561233311233 7709 0
74561233321133 7718 0
74561233321313 6672 0
74563211232332 9807 0
74653213133222 8472 0
75132463233233 9455 0
75143263231313 7927 0
75146321323331 10239 0
75213642223133 4332 0
75231463211123 5114 0
75234161322233 5799 0
75234162221111 8139 0
75236143213232 6112 0
75241632222323 6231 0
75243162211322 13421 0
75243611113232 4829 0
75243613213232 6162 0
75246131333312 8466 0
75246311111111 4255 0
75246313212311 5382 0
75246313312211 4335 0
75246313332332 6337 0
75261432123233 4941 0
75264132121232 6375 0
75264132223331 4162 0
75264132321212 6342 0
75264133121333 5539 0
75264133331213 5599 0
75264311223122 6735 0
75264313231112 7079 0
75312463333133 7424 0
75314621133221 11072 0
75314621313212 9052 0
75314623113122 7144 0
75316241231231 5793 0
75321461311112 6896 0
75321463132121 7056 0
75346122133133 5600 0
75346211133122 10203 0
75346211211311 7498 0
75346211311211 10004 0
75346212323333 6474 0
75346213112132 10169 0
75346213132121 6353 0
75346213132322 6908 0
75346213332122 6285 0
75412631223332 6102 0
75416323232213 6222 0
75431263133213 5880 0
75462132123212 5969 0
75613243131332 6052 0
75613243133213 7930 0
75634123323122 5986 0
75641323232111 6668 0
75642132213311 8930 0
76123453233323 5277 0
76125343333133 7850 0
76143252131312 4389 0
76143252221222 4520 0
76143253131212 4394 0
76143253331333 4695 0
76143253333313 4024 0
76145231121113 4089 0
76145231122112 7005 0
76145231131112 4253 0
76145231221112 7005 0
76145231311331 6484 0
76145232123332 5338 0
76145232233213 7739 0
76145232331313 7780 0
76145232332213 7920 0
76145233133213 6935 0
76145233232333 4529 0
76154323333112 6766 0
76213543213133 10068 0
76213543311332 9211 0
76215341231231 5559 0
76215433333133 7364 0
76231451123111 8494 0
76245311121131 10154 0
76245311131121 3675 0
76245311213312 10660 0
76245312132131 6417 0
76245313122122 6162 0
76245313123121 6752 0
76253141123132 6081 0
76253141211332 5543 0
76253413322312 7762 0
76254133311323 12676 0
76254313211111 9109 0
76312452212111 7675 0
76312453211111 5612 0
76312453311311 5432 0
76312542321212 6066 0
76312542322121 7806 0
76312543322222 7235 0
76315241112113 11827 0
76315241113112 3856 0
76315241223113 6718 0
76315241322122 6259 0
76315241323313 6200 0
76315241332112 6025 0
76315243211231 10475 0
76315243323323 6400 0
76321452122123 4080 0
76321452122321 4167 0
76321452122333 3680 0
76321452123323 3792 0
76321452212231 5463 0
76321452213122 4483 0
76321453233131 3926 0
76321453311233 3564 0
76321453313312 3850 0
76321453321133 3722 0
76321453323311 3649 0
76321542211112 5535 0
76321543211111 6296 0
76321543311131 5411 0
76324151112233 5774 0
76324151112323 7720 0
76324153323122 5670 0
76325411111213 4518 0
76325411111312 4450 0
76325411112131 4054 0
76325411113121 4321 0
76325411122121 6125 0
76325411331311 6257 0
76325412112121 6094 0
76325412231212 6719 0
76325412333233 6271 0
76325413222223 5348 0
76341251111213 3997 0
76341251111312 4934 0
76341251112131 4987 0
76341251113121 4732 0
76341251221121 6935 0
76341251311313 5297 0
76341252232313 5424 0
76341252323333 7282 0
76341253221212 6271 0
76341253233131 8550 0
76342511111231 3633 0
76342511111321 11223 0
76342511323112 6066 0
76342512232223 6100 0
76342513213112 10300 0
76342513322111 10277 0
76342513323122 7118 0
76342513323212 6076 0
76345122211112 6121 0
76345122211121 6365 0
76345122213311 10085 0
76345122311111 6735 0
76345123211111 6046 0
76345123311113 6248 0
76345123311131 6031 0
76345123312211 9780 0
76351421112323 7890 0
76351421113322 5723 0
76351423321232 5492 0
76354121121212 7465 0
76354121122121 4924 0
76354121311313 5001 0
76354121313131 5784 0
76354122111212 6086 0
76354122112121 6099 0
76354122212222 5596 0
76354123211123 3532 0
76354123211132 4283 0
76354123313333 6360 0
76354212213323 6542 0
76354212312233 6747 0
76354212313322 6360 0
76354212333332 6514 0
76354213222223 6701 0
76354213312223 6381 0
76421351131121 4105 0
76512343213313 6755 0
76512343332311 6669 0
76514321112323 5021 0
76514321232113 8100 0
76521433232333 5157 0
76523413223231 10678 0
76524313331222 9316 0
76541232131213 4302 0
76541232221222 5038 0
76541233121213 5007 0
76541233331333 4146 0
76541233333313 4411 0
76543211111111 5054 0
76543211212112 6850 0
76543211223221 8388 0
76543211332331 8064 0
76543211333333 6747 0
76543212132323 6336 0
76543212222221 7797 0
76543212323213 6551 0
76543213113131 5650 0
